date_scrap,date_debut,date_fin,price,identifiant,typologie,nom
17/09/2024,21/09/2024,28/09/2024,618.12,HH8KC1B,55 m² Appartement ∙ 1 chambre ∙ 4 personnes,Wiler (Lötschen) - Valais
17/09/2024,05/10/2024,12/10/2024,618.12,HH8KC1B,55 m² Appartement ∙ 1 chambre ∙ 4 personnes,Wiler (Lötschen) - Valais
17/09/2024,12/10/2024,19/10/2024,618.12,HH8KC1B,55 m² Appartement ∙ 1 chambre ∙ 4 personnes,Wiler (Lötschen) - Valais
17/09/2024,19/10/2024,26/10/2024,618.12,HH8KC1B,55 m² Appartement ∙ 1 chambre ∙ 4 personnes,Wiler (Lötschen) - Valais
17/09/2024,26/10/2024,02/11/2024,618.12,HH8KC1B,55 m² Appartement ∙ 1 chambre ∙ 4 personnes,Wiler (Lötschen) - Valais
17/09/2024,02/11/2024,09/11/2024,618.12,HH8KC1B,55 m² Appartement ∙ 1 chambre ∙ 4 personnes,Wiler (Lötschen) - Valais
17/09/2024,09/11/2024,16/11/2024,618.12,HH8KC1B,55 m² Appartement ∙ 1 chambre ∙ 4 personnes,Wiler (Lötschen) - Valais
17/09/2024,16/11/2024,23/11/2024,618.12,HH8KC1B,55 m² Appartement ∙ 1 chambre ∙ 4 personnes,Wiler (Lötschen) - Valais
17/09/2024,23/11/2024,30/11/2024,618.12,HH8KC1B,55 m² Appartement ∙ 1 chambre ∙ 4 personnes,Wiler (Lötschen) - Valais
17/09/2024,30/11/2024,07/12/2024,618.12,HH8KC1B,55 m² Appartement ∙ 1 chambre ∙ 4 personnes,Wiler (Lötschen) - Valais
17/09/2024,07/12/2024,14/12/2024,618.12,HH8KC1B,55 m² Appartement ∙ 1 chambre ∙ 4 personnes,Wiler (Lötschen) - Valais
17/09/2024,14/12/2024,21/12/2024,618.12,HH8KC1B,55 m² Appartement ∙ 1 chambre ∙ 4 personnes,Wiler (Lötschen) - Valais
17/09/2024,15/03/2025,22/03/2025,618.12,HH8KC1B,55 m² Appartement ∙ 1 chambre ∙ 4 personnes,Wiler (Lötschen) - Valais
17/09/2024,22/03/2025,29/03/2025,618.12,HH8KC1B,55 m² Appartement ∙ 1 chambre ∙ 4 personnes,Wiler (Lötschen) - Valais
17/09/2024,29/03/2025,05/04/2025,618.12,HH8KC1B,55 m² Appartement ∙ 1 chambre ∙ 4 personnes,Wiler (Lötschen) - Valais
17/09/2024,05/04/2025,12/04/2025,618.12,HH8KC1B,55 m² Appartement ∙ 1 chambre ∙ 4 personnes,Wiler (Lötschen) - Valais
17/09/2024,12/04/2025,19/04/2025,618.12,HH8KC1B,55 m² Appartement ∙ 1 chambre ∙ 4 personnes,Wiler (Lötschen) - Valais
17/09/2024,19/04/2025,26/04/2025,618.12,HH8KC1B,55 m² Appartement ∙ 1 chambre ∙ 4 personnes,Wiler (Lötschen) - Valais
17/09/2024,26/04/2025,03/05/2025,618.12,HH8KC1B,55 m² Appartement ∙ 1 chambre ∙ 4 personnes,Wiler (Lötschen) - Valais
17/09/2024,03/05/2025,10/05/2025,618.12,HH8KC1B,55 m² Appartement ∙ 1 chambre ∙ 4 personnes,Wiler (Lötschen) - Valais
17/09/2024,10/05/2025,17/05/2025,618.12,HH8KC1B,55 m² Appartement ∙ 1 chambre ∙ 4 personnes,Wiler (Lötschen) - Valais
17/09/2024,19/10/2024,26/10/2024,727.52,H7J8G2S,65 m² Maison de vacances ∙ 2 chambres ∙ 4 personnes,Albinen - Valais
17/09/2024,26/10/2024,02/11/2024,727.52,H7J8G2S,65 m² Maison de vacances ∙ 2 chambres ∙ 4 personnes,Albinen - Valais
17/09/2024,09/11/2024,16/11/2024,727.52,H7J8G2S,65 m² Maison de vacances ∙ 2 chambres ∙ 4 personnes,Albinen - Valais
17/09/2024,16/11/2024,23/11/2024,727.52,H7J8G2S,65 m² Maison de vacances ∙ 2 chambres ∙ 4 personnes,Albinen - Valais
17/09/2024,23/11/2024,30/11/2024,727.52,H7J8G2S,65 m² Maison de vacances ∙ 2 chambres ∙ 4 personnes,Albinen - Valais
17/09/2024,30/11/2024,07/12/2024,727.52,H7J8G2S,65 m² Maison de vacances ∙ 2 chambres ∙ 4 personnes,Albinen - Valais
17/09/2024,07/12/2024,14/12/2024,727.52,H7J8G2S,65 m² Maison de vacances ∙ 2 chambres ∙ 4 personnes,Albinen - Valais
17/09/2024,14/12/2024,21/12/2024,727.52,H7J8G2S,65 m² Maison de vacances ∙ 2 chambres ∙ 4 personnes,Albinen - Valais
17/09/2024,21/12/2024,28/12/2024,836.91,H7J8G2S,65 m² Maison de vacances ∙ 2 chambres ∙ 4 personnes,Albinen - Valais
17/09/2024,04/01/2025,11/01/2025,758.32,H7J8G2S,65 m² Maison de vacances ∙ 2 chambres ∙ 4 personnes,Albinen - Valais
17/09/2024,11/01/2025,18/01/2025,758.32,H7J8G2S,65 m² Maison de vacances ∙ 2 chambres ∙ 4 personnes,Albinen - Valais
17/09/2024,18/01/2025,25/01/2025,758.32,H7J8G2S,65 m² Maison de vacances ∙ 2 chambres ∙ 4 personnes,Albinen - Valais
17/09/2024,01/02/2025,08/02/2025,758.32,H7J8G2S,65 m² Maison de vacances ∙ 2 chambres ∙ 4 personnes,Albinen - Valais
17/09/2024,08/02/2025,15/02/2025,758.32,H7J8G2S,65 m² Maison de vacances ∙ 2 chambres ∙ 4 personnes,Albinen - Valais
17/09/2024,26/04/2025,03/05/2025,758.32,H7J8G2S,65 m² Maison de vacances ∙ 2 chambres ∙ 4 personnes,Albinen - Valais
17/09/2024,03/05/2025,10/05/2025,758.32,H7J8G2S,65 m² Maison de vacances ∙ 2 chambres ∙ 4 personnes,Albinen - Valais
17/09/2024,10/05/2025,17/05/2025,758.32,H7J8G2S,65 m² Maison de vacances ∙ 2 chambres ∙ 4 personnes,Albinen - Valais
17/09/2024,05/10/2024,12/10/2024,761.60,MD3NMHC,90 m² Appartement ∙ 1 chambre ∙ 4 personnes,Staldenried - Valais
17/09/2024,16/11/2024,23/11/2024,761.60,MD3NMHC,90 m² Appartement ∙ 1 chambre ∙ 4 personnes,Staldenried - Valais
17/09/2024,07/12/2024,14/12/2024,761.60,MD3NMHC,90 m² Appartement ∙ 1 chambre ∙ 4 personnes,Staldenried - Valais
17/09/2024,14/12/2024,21/12/2024,761.60,MD3NMHC,90 m² Appartement ∙ 1 chambre ∙ 4 personnes,Staldenried - Valais
17/09/2024,04/01/2025,11/01/2025,761.60,MD3NMHC,90 m² Appartement ∙ 1 chambre ∙ 4 personnes,Staldenried - Valais
17/09/2024,11/01/2025,18/01/2025,761.60,MD3NMHC,90 m² Appartement ∙ 1 chambre ∙ 4 personnes,Staldenried - Valais
17/09/2024,18/01/2025,25/01/2025,761.60,MD3NMHC,90 m² Appartement ∙ 1 chambre ∙ 4 personnes,Staldenried - Valais
17/09/2024,25/01/2025,01/02/2025,761.60,MD3NMHC,90 m² Appartement ∙ 1 chambre ∙ 4 personnes,Staldenried - Valais
17/09/2024,22/02/2025,01/03/2025,761.60,MD3NMHC,90 m² Appartement ∙ 1 chambre ∙ 4 personnes,Staldenried - Valais
17/09/2024,01/03/2025,08/03/2025,761.60,MD3NMHC,90 m² Appartement ∙ 1 chambre ∙ 4 personnes,Staldenried - Valais
17/09/2024,08/03/2025,15/03/2025,761.60,MD3NMHC,90 m² Appartement ∙ 1 chambre ∙ 4 personnes,Staldenried - Valais
17/09/2024,15/03/2025,22/03/2025,761.60,MD3NMHC,90 m² Appartement ∙ 1 chambre ∙ 4 personnes,Staldenried - Valais
17/09/2024,22/03/2025,29/03/2025,761.60,MD3NMHC,90 m² Appartement ∙ 1 chambre ∙ 4 personnes,Staldenried - Valais
17/09/2024,29/03/2025,05/04/2025,761.60,MD3NMHC,90 m² Appartement ∙ 1 chambre ∙ 4 personnes,Staldenried - Valais
17/09/2024,05/04/2025,12/04/2025,761.60,MD3NMHC,90 m² Appartement ∙ 1 chambre ∙ 4 personnes,Staldenried - Valais
17/09/2024,26/04/2025,03/05/2025,761.60,MD3NMHC,90 m² Appartement ∙ 1 chambre ∙ 4 personnes,Staldenried - Valais
17/09/2024,03/05/2025,10/05/2025,761.60,MD3NMHC,90 m² Appartement ∙ 1 chambre ∙ 4 personnes,Staldenried - Valais
17/09/2024,10/05/2025,17/05/2025,761.60,MD3NMHC,90 m² Appartement ∙ 1 chambre ∙ 4 personnes,Staldenried - Valais
17/09/2024,23/11/2024,30/11/2024,384.47,HYCZGU9,75 m² Appartement ∙ 1 chambre ∙ 7 personnes,Loèche-les-Bains - Valais
17/09/2024,04/01/2025,11/01/2025,460.94,HYCZGU9,75 m² Appartement ∙ 1 chambre ∙ 7 personnes,Loèche-les-Bains - Valais
17/09/2024,18/01/2025,25/01/2025,460.94,HYCZGU9,75 m² Appartement ∙ 1 chambre ∙ 7 personnes,Loèche-les-Bains - Valais
17/09/2024,01/02/2025,08/02/2025,766.82,HYCZGU9,75 m² Appartement ∙ 1 chambre ∙ 7 personnes,Loèche-les-Bains - Valais
17/09/2024,08/03/2025,15/03/2025,422.71,HYCZGU9,75 m² Appartement ∙ 1 chambre ∙ 7 personnes,Loèche-les-Bains - Valais
17/09/2024,15/03/2025,22/03/2025,422.71,HYCZGU9,75 m² Appartement ∙ 1 chambre ∙ 7 personnes,Loèche-les-Bains - Valais
17/09/2024,22/03/2025,29/03/2025,422.71,HYCZGU9,75 m² Appartement ∙ 1 chambre ∙ 7 personnes,Loèche-les-Bains - Valais
17/09/2024,29/03/2025,05/04/2025,422.71,HYCZGU9,75 m² Appartement ∙ 1 chambre ∙ 7 personnes,Loèche-les-Bains - Valais
17/09/2024,05/04/2025,12/04/2025,422.71,HYCZGU9,75 m² Appartement ∙ 1 chambre ∙ 7 personnes,Loèche-les-Bains - Valais
17/09/2024,12/04/2025,19/04/2025,422.71,HYCZGU9,75 m² Appartement ∙ 1 chambre ∙ 7 personnes,Loèche-les-Bains - Valais
17/09/2024,19/04/2025,26/04/2025,422.71,HYCZGU9,75 m² Appartement ∙ 1 chambre ∙ 7 personnes,Loèche-les-Bains - Valais
17/09/2024,26/04/2025,03/05/2025,422.71,HYCZGU9,75 m² Appartement ∙ 1 chambre ∙ 7 personnes,Loèche-les-Bains - Valais
17/09/2024,03/05/2025,10/05/2025,422.71,HYCZGU9,75 m² Appartement ∙ 1 chambre ∙ 7 personnes,Loèche-les-Bains - Valais
17/09/2024,10/05/2025,17/05/2025,422.71,HYCZGU9,75 m² Appartement ∙ 1 chambre ∙ 7 personnes,Loèche-les-Bains - Valais
17/09/2024,28/09/2024,05/10/2024,428.02,HX0HYMV,76 m² Appartement ∙ 2 chambres ∙ 6 personnes,Eischoll - Valais
17/09/2024,12/10/2024,19/10/2024,422.71,HX0HYMV,76 m² Appartement ∙ 2 chambres ∙ 6 personnes,Eischoll - Valais
17/09/2024,26/10/2024,02/11/2024,389.78,HX0HYMV,76 m² Appartement ∙ 2 chambres ∙ 6 personnes,Eischoll - Valais
17/09/2024,02/11/2024,09/11/2024,389.78,HX0HYMV,76 m² Appartement ∙ 2 chambres ∙ 6 personnes,Eischoll - Valais
17/09/2024,09/11/2024,16/11/2024,389.78,HX0HYMV,76 m² Appartement ∙ 2 chambres ∙ 6 personnes,Eischoll - Valais
17/09/2024,16/11/2024,23/11/2024,351.55,HX0HYMV,76 m² Appartement ∙ 2 chambres ∙ 6 personnes,Eischoll - Valais
17/09/2024,23/11/2024,30/11/2024,351.55,HX0HYMV,76 m² Appartement ∙ 2 chambres ∙ 6 personnes,Eischoll - Valais
17/09/2024,30/11/2024,07/12/2024,351.55,HX0HYMV,76 m² Appartement ∙ 2 chambres ∙ 6 personnes,Eischoll - Valais
17/09/2024,07/12/2024,14/12/2024,351.55,HX0HYMV,76 m² Appartement ∙ 2 chambres ∙ 6 personnes,Eischoll - Valais
17/09/2024,14/12/2024,21/12/2024,351.55,HX0HYMV,76 m² Appartement ∙ 2 chambres ∙ 6 personnes,Eischoll - Valais
17/09/2024,04/01/2025,11/01/2025,542.72,HX0HYMV,76 m² Appartement ∙ 2 chambres ∙ 6 personnes,Eischoll - Valais
17/09/2024,11/01/2025,18/01/2025,351.55,HX0HYMV,76 m² Appartement ∙ 2 chambres ∙ 6 personnes,Eischoll - Valais
17/09/2024,18/01/2025,25/01/2025,351.55,HX0HYMV,76 m² Appartement ∙ 2 chambres ∙ 6 personnes,Eischoll - Valais
17/09/2024,15/02/2025,22/02/2025,1379.63,HX0HYMV,76 m² Appartement ∙ 2 chambres ∙ 6 personnes,Eischoll - Valais
17/09/2024,22/02/2025,01/03/2025,1230.94,HX0HYMV,76 m² Appartement ∙ 2 chambres ∙ 6 personnes,Eischoll - Valais
17/09/2024,28/09/2024,05/10/2024,1126.22,H37G89Y,72 m² Appartement ∙ 2 chambres ∙ 4 personnes,Zermatt - Valais
17/09/2024,02/11/2024,09/11/2024,1126.22,H37G89Y,72 m² Appartement ∙ 2 chambres ∙ 4 personnes,Zermatt - Valais
17/09/2024,09/11/2024,16/11/2024,1126.22,H37G89Y,72 m² Appartement ∙ 2 chambres ∙ 4 personnes,Zermatt - Valais
17/09/2024,16/11/2024,23/11/2024,1126.22,H37G89Y,72 m² Appartement ∙ 2 chambres ∙ 4 personnes,Zermatt - Valais
17/09/2024,23/11/2024,30/11/2024,1126.22,H37G89Y,72 m² Appartement ∙ 2 chambres ∙ 4 personnes,Zermatt - Valais
17/09/2024,30/11/2024,07/12/2024,1126.22,H37G89Y,72 m² Appartement ∙ 2 chambres ∙ 4 personnes,Zermatt - Valais
17/09/2024,22/03/2025,29/03/2025,2854.64,H37G89Y,72 m² Appartement ∙ 2 chambres ∙ 4 personnes,Zermatt - Valais
17/09/2024,29/03/2025,05/04/2025,2854.64,H37G89Y,72 m² Appartement ∙ 2 chambres ∙ 4 personnes,Zermatt - Valais
17/09/2024,05/04/2025,12/04/2025,2151.33,H37G89Y,72 m² Appartement ∙ 2 chambres ∙ 4 personnes,Zermatt - Valais
17/09/2024,12/04/2025,19/04/2025,2151.33,H37G89Y,72 m² Appartement ∙ 2 chambres ∙ 4 personnes,Zermatt - Valais
17/09/2024,19/04/2025,26/04/2025,2151.33,H37G89Y,72 m² Appartement ∙ 2 chambres ∙ 4 personnes,Zermatt - Valais
17/09/2024,21/09/2024,28/09/2024,1211.98,H4X2VNK,120 m² Appartement ∙ 3 chambres ∙ 6 personnes,Bagnes - Valais
17/09/2024,28/09/2024,05/10/2024,1211.98,H4X2VNK,120 m² Appartement ∙ 3 chambres ∙ 6 personnes,Bagnes - Valais
17/09/2024,05/10/2024,12/10/2024,1254.41,H4X2VNK,120 m² Appartement ∙ 3 chambres ∙ 6 personnes,Bagnes - Valais
17/09/2024,12/10/2024,19/10/2024,1216.97,H4X2VNK,120 m² Appartement ∙ 3 chambres ∙ 6 personnes,Bagnes - Valais
17/09/2024,26/10/2024,02/11/2024,1314.31,H4X2VNK,120 m² Appartement ∙ 3 chambres ∙ 6 personnes,Bagnes - Valais
17/09/2024,02/11/2024,09/11/2024,1274.38,H4X2VNK,120 m² Appartement ∙ 3 chambres ∙ 6 personnes,Bagnes - Valais
17/09/2024,09/11/2024,16/11/2024,1211.98,H4X2VNK,120 m² Appartement ∙ 3 chambres ∙ 6 personnes,Bagnes - Valais
17/09/2024,30/11/2024,07/12/2024,1211.98,H4X2VNK,120 m² Appartement ∙ 3 chambres ∙ 6 personnes,Bagnes - Valais
17/09/2024,07/12/2024,14/12/2024,1211.98,H4X2VNK,120 m² Appartement ∙ 3 chambres ∙ 6 personnes,Bagnes - Valais
17/09/2024,08/02/2025,15/02/2025,2060.57,H4X2VNK,120 m² Appartement ∙ 3 chambres ∙ 6 personnes,Bagnes - Valais
17/09/2024,15/03/2025,22/03/2025,1290.59,H4X2VNK,120 m² Appartement ∙ 3 chambres ∙ 6 personnes,Bagnes - Valais
17/09/2024,05/04/2025,12/04/2025,1447.83,H4X2VNK,120 m² Appartement ∙ 3 chambres ∙ 6 personnes,Bagnes - Valais
17/09/2024,26/04/2025,03/05/2025,1345.51,H4X2VNK,120 m² Appartement ∙ 3 chambres ∙ 6 personnes,Bagnes - Valais
17/09/2024,03/05/2025,10/05/2025,1338.01,H4X2VNK,120 m² Appartement ∙ 3 chambres ∙ 6 personnes,Bagnes - Valais
17/09/2024,10/05/2025,17/05/2025,1362.97,H4X2VNK,120 m² Appartement ∙ 3 chambres ∙ 6 personnes,Bagnes - Valais
17/09/2024,21/09/2024,28/09/2024,656.36,HDR9SF8,45 m² Appartement ∙ 1 chambre ∙ 2 personnes,Crans-Montana - Valais
17/09/2024,28/09/2024,05/10/2024,656.36,HDR9SF8,45 m² Appartement ∙ 1 chambre ∙ 2 personnes,Crans-Montana - Valais
17/09/2024,05/10/2024,12/10/2024,656.36,HDR9SF8,45 m² Appartement ∙ 1 chambre ∙ 2 personnes,Crans-Montana - Valais
17/09/2024,12/10/2024,19/10/2024,656.36,HDR9SF8,45 m² Appartement ∙ 1 chambre ∙ 2 personnes,Crans-Montana - Valais
17/09/2024,19/10/2024,26/10/2024,503.42,HDR9SF8,45 m² Appartement ∙ 1 chambre ∙ 2 personnes,Crans-Montana - Valais
17/09/2024,26/10/2024,02/11/2024,503.42,HDR9SF8,45 m² Appartement ∙ 1 chambre ∙ 2 personnes,Crans-Montana - Valais
17/09/2024,02/11/2024,09/11/2024,503.42,HDR9SF8,45 m² Appartement ∙ 1 chambre ∙ 2 personnes,Crans-Montana - Valais
17/09/2024,09/11/2024,16/11/2024,503.42,HDR9SF8,45 m² Appartement ∙ 1 chambre ∙ 2 personnes,Crans-Montana - Valais
17/09/2024,16/11/2024,23/11/2024,503.42,HDR9SF8,45 m² Appartement ∙ 1 chambre ∙ 2 personnes,Crans-Montana - Valais
17/09/2024,23/11/2024,30/11/2024,503.42,HDR9SF8,45 m² Appartement ∙ 1 chambre ∙ 2 personnes,Crans-Montana - Valais
17/09/2024,30/11/2024,07/12/2024,503.42,HDR9SF8,45 m² Appartement ∙ 1 chambre ∙ 2 personnes,Crans-Montana - Valais
17/09/2024,07/12/2024,14/12/2024,503.42,HDR9SF8,45 m² Appartement ∙ 1 chambre ∙ 2 personnes,Crans-Montana - Valais
17/09/2024,14/12/2024,21/12/2024,503.42,HDR9SF8,45 m² Appartement ∙ 1 chambre ∙ 2 personnes,Crans-Montana - Valais
17/09/2024,21/12/2024,28/12/2024,771.06,HDR9SF8,45 m² Appartement ∙ 1 chambre ∙ 2 personnes,Crans-Montana - Valais
17/09/2024,28/12/2024,04/01/2025,771.06,HDR9SF8,45 m² Appartement ∙ 1 chambre ∙ 2 personnes,Crans-Montana - Valais
17/09/2024,04/01/2025,11/01/2025,656.36,HDR9SF8,45 m² Appartement ∙ 1 chambre ∙ 2 personnes,Crans-Montana - Valais
17/09/2024,11/01/2025,18/01/2025,656.36,HDR9SF8,45 m² Appartement ∙ 1 chambre ∙ 2 personnes,Crans-Montana - Valais
17/09/2024,18/01/2025,25/01/2025,656.36,HDR9SF8,45 m² Appartement ∙ 1 chambre ∙ 2 personnes,Crans-Montana - Valais
17/09/2024,25/01/2025,01/02/2025,656.36,HDR9SF8,45 m² Appartement ∙ 1 chambre ∙ 2 personnes,Crans-Montana - Valais
17/09/2024,01/02/2025,08/02/2025,656.36,HDR9SF8,45 m² Appartement ∙ 1 chambre ∙ 2 personnes,Crans-Montana - Valais
17/09/2024,08/02/2025,15/02/2025,656.36,HDR9SF8,45 m² Appartement ∙ 1 chambre ∙ 2 personnes,Crans-Montana - Valais
17/09/2024,15/02/2025,22/02/2025,656.36,HDR9SF8,45 m² Appartement ∙ 1 chambre ∙ 2 personnes,Crans-Montana - Valais
17/09/2024,22/02/2025,01/03/2025,656.36,HDR9SF8,45 m² Appartement ∙ 1 chambre ∙ 2 personnes,Crans-Montana - Valais
17/09/2024,01/03/2025,08/03/2025,656.36,HDR9SF8,45 m² Appartement ∙ 1 chambre ∙ 2 personnes,Crans-Montana - Valais
17/09/2024,08/03/2025,15/03/2025,656.36,HDR9SF8,45 m² Appartement ∙ 1 chambre ∙ 2 personnes,Crans-Montana - Valais
17/09/2024,15/03/2025,22/03/2025,656.36,HDR9SF8,45 m² Appartement ∙ 1 chambre ∙ 2 personnes,Crans-Montana - Valais
17/09/2024,22/03/2025,29/03/2025,656.36,HDR9SF8,45 m² Appartement ∙ 1 chambre ∙ 2 personnes,Crans-Montana - Valais
17/09/2024,29/03/2025,05/04/2025,503.42,HDR9SF8,45 m² Appartement ∙ 1 chambre ∙ 2 personnes,Crans-Montana - Valais
17/09/2024,05/04/2025,12/04/2025,503.42,HDR9SF8,45 m² Appartement ∙ 1 chambre ∙ 2 personnes,Crans-Montana - Valais
17/09/2024,12/04/2025,19/04/2025,503.42,HDR9SF8,45 m² Appartement ∙ 1 chambre ∙ 2 personnes,Crans-Montana - Valais
17/09/2024,19/04/2025,26/04/2025,503.42,HDR9SF8,45 m² Appartement ∙ 1 chambre ∙ 2 personnes,Crans-Montana - Valais
17/09/2024,26/04/2025,03/05/2025,503.42,HDR9SF8,45 m² Appartement ∙ 1 chambre ∙ 2 personnes,Crans-Montana - Valais
17/09/2024,03/05/2025,10/05/2025,503.42,HDR9SF8,45 m² Appartement ∙ 1 chambre ∙ 2 personnes,Crans-Montana - Valais
17/09/2024,10/05/2025,17/05/2025,503.42,HDR9SF8,45 m² Appartement ∙ 1 chambre ∙ 2 personnes,Crans-Montana - Valais
17/09/2024,21/09/2024,28/09/2024,1246.87,HMHYX7D,120 m² Appartement ∙ 2 chambres ∙ 4 personnes,Riederalp - Valais
17/09/2024,28/09/2024,05/10/2024,1246.87,HMHYX7D,120 m² Appartement ∙ 2 chambres ∙ 4 personnes,Riederalp - Valais
17/09/2024,05/10/2024,12/10/2024,1246.87,HMHYX7D,120 m² Appartement ∙ 2 chambres ∙ 4 personnes,Riederalp - Valais
17/09/2024,12/10/2024,19/10/2024,1246.87,HMHYX7D,120 m² Appartement ∙ 2 chambres ∙ 4 personnes,Riederalp - Valais
17/09/2024,19/10/2024,26/10/2024,1230.94,H4VFYWG,150 m² Maison de vacances ∙ 2 chambres ∙ 4 personnes,Visperterminen - Valais
17/09/2024,26/10/2024,02/11/2024,1230.94,H4VFYWG,150 m² Maison de vacances ∙ 2 chambres ∙ 4 personnes,Visperterminen - Valais
17/09/2024,02/11/2024,09/11/2024,1230.94,H4VFYWG,150 m² Maison de vacances ∙ 2 chambres ∙ 4 personnes,Visperterminen - Valais
17/09/2024,09/11/2024,16/11/2024,1230.94,H4VFYWG,150 m² Maison de vacances ∙ 2 chambres ∙ 4 personnes,Visperterminen - Valais
17/09/2024,16/11/2024,23/11/2024,1230.94,H4VFYWG,150 m² Maison de vacances ∙ 2 chambres ∙ 4 personnes,Visperterminen - Valais
17/09/2024,23/11/2024,30/11/2024,1230.94,H4VFYWG,150 m² Maison de vacances ∙ 2 chambres ∙ 4 personnes,Visperterminen - Valais
17/09/2024,30/11/2024,07/12/2024,1230.94,H4VFYWG,150 m² Maison de vacances ∙ 2 chambres ∙ 4 personnes,Visperterminen - Valais
17/09/2024,07/12/2024,14/12/2024,1230.94,H4VFYWG,150 m² Maison de vacances ∙ 2 chambres ∙ 4 personnes,Visperterminen - Valais
17/09/2024,14/12/2024,21/12/2024,1230.94,H4VFYWG,150 m² Maison de vacances ∙ 2 chambres ∙ 4 personnes,Visperterminen - Valais
17/09/2024,04/01/2025,11/01/2025,1453.98,H4VFYWG,150 m² Maison de vacances ∙ 2 chambres ∙ 4 personnes,Visperterminen - Valais
17/09/2024,11/01/2025,18/01/2025,1453.98,H4VFYWG,150 m² Maison de vacances ∙ 2 chambres ∙ 4 personnes,Visperterminen - Valais
17/09/2024,18/01/2025,25/01/2025,1453.98,H4VFYWG,150 m² Maison de vacances ∙ 2 chambres ∙ 4 personnes,Visperterminen - Valais
17/09/2024,25/01/2025,01/02/2025,1453.98,H4VFYWG,150 m² Maison de vacances ∙ 2 chambres ∙ 4 personnes,Visperterminen - Valais
17/09/2024,01/02/2025,08/02/2025,1453.98,H4VFYWG,150 m² Maison de vacances ∙ 2 chambres ∙ 4 personnes,Visperterminen - Valais
17/09/2024,08/02/2025,15/02/2025,1453.98,H4VFYWG,150 m² Maison de vacances ∙ 2 chambres ∙ 4 personnes,Visperterminen - Valais
17/09/2024,15/02/2025,22/02/2025,1453.98,H4VFYWG,150 m² Maison de vacances ∙ 2 chambres ∙ 4 personnes,Visperterminen - Valais
17/09/2024,22/02/2025,01/03/2025,1453.98,H4VFYWG,150 m² Maison de vacances ∙ 2 chambres ∙ 4 personnes,Visperterminen - Valais
17/09/2024,01/03/2025,08/03/2025,1453.98,H4VFYWG,150 m² Maison de vacances ∙ 2 chambres ∙ 4 personnes,Visperterminen - Valais
17/09/2024,08/03/2025,15/03/2025,1453.98,H4VFYWG,150 m² Maison de vacances ∙ 2 chambres ∙ 4 personnes,Visperterminen - Valais
17/09/2024,15/03/2025,22/03/2025,1453.98,H4VFYWG,150 m² Maison de vacances ∙ 2 chambres ∙ 4 personnes,Visperterminen - Valais
17/09/2024,22/03/2025,29/03/2025,1453.98,H4VFYWG,150 m² Maison de vacances ∙ 2 chambres ∙ 4 personnes,Visperterminen - Valais
17/09/2024,29/03/2025,05/04/2025,1230.94,H4VFYWG,150 m² Maison de vacances ∙ 2 chambres ∙ 4 personnes,Visperterminen - Valais
17/09/2024,05/04/2025,12/04/2025,1230.94,H4VFYWG,150 m² Maison de vacances ∙ 2 chambres ∙ 4 personnes,Visperterminen - Valais
17/09/2024,12/04/2025,19/04/2025,1230.94,H4VFYWG,150 m² Maison de vacances ∙ 2 chambres ∙ 4 personnes,Visperterminen - Valais
17/09/2024,19/04/2025,26/04/2025,1230.94,H4VFYWG,150 m² Maison de vacances ∙ 2 chambres ∙ 4 personnes,Visperterminen - Valais
17/09/2024,26/04/2025,03/05/2025,1230.94,H4VFYWG,150 m² Maison de vacances ∙ 2 chambres ∙ 4 personnes,Visperterminen - Valais
17/09/2024,03/05/2025,10/05/2025,1230.94,H4VFYWG,150 m² Maison de vacances ∙ 2 chambres ∙ 4 personnes,Visperterminen - Valais
17/09/2024,10/05/2025,17/05/2025,1230.94,H4VFYWG,150 m² Maison de vacances ∙ 2 chambres ∙ 4 personnes,Visperterminen - Valais
17/09/2024,30/11/2024,07/12/2024,2335.49,H8ML0ZD,188 m² Maison de vacances ∙ 5 chambres ∙ 10 personnes,Hérémence - Valais
17/09/2024,07/12/2024,14/12/2024,2335.49,H8ML0ZD,188 m² Maison de vacances ∙ 5 chambres ∙ 10 personnes,Hérémence - Valais
17/09/2024,14/12/2024,21/12/2024,2441.70,H8ML0ZD,188 m² Maison de vacances ∙ 5 chambres ∙ 10 personnes,Hérémence - Valais
17/09/2024,04/01/2025,11/01/2025,2323.81,H8ML0ZD,188 m² Maison de vacances ∙ 5 chambres ∙ 10 personnes,Hérémence - Valais
17/09/2024,11/01/2025,18/01/2025,2228.22,H8ML0ZD,188 m² Maison de vacances ∙ 5 chambres ∙ 10 personnes,Hérémence - Valais
17/09/2024,18/01/2025,25/01/2025,2367.36,H8ML0ZD,188 m² Maison de vacances ∙ 5 chambres ∙ 10 personnes,Hérémence - Valais
17/09/2024,25/01/2025,01/02/2025,2591.45,H8ML0ZD,188 m² Maison de vacances ∙ 5 chambres ∙ 10 personnes,Hérémence - Valais
17/09/2024,01/02/2025,08/02/2025,2943.00,H8ML0ZD,188 m² Maison de vacances ∙ 5 chambres ∙ 10 personnes,Hérémence - Valais
17/09/2024,08/02/2025,15/02/2025,3253.12,H8ML0ZD,188 m² Maison de vacances ∙ 5 chambres ∙ 10 personnes,Hérémence - Valais
17/09/2024,22/02/2025,01/03/2025,3977.46,H8ML0ZD,188 m² Maison de vacances ∙ 5 chambres ∙ 10 personnes,Hérémence - Valais
17/09/2024,08/03/2025,15/03/2025,2644.56,H8ML0ZD,188 m² Maison de vacances ∙ 5 chambres ∙ 10 personnes,Hérémence - Valais
17/09/2024,15/03/2025,22/03/2025,2323.81,H8ML0ZD,188 m² Maison de vacances ∙ 5 chambres ∙ 10 personnes,Hérémence - Valais
17/09/2024,22/03/2025,29/03/2025,2293.01,H8ML0ZD,188 m² Maison de vacances ∙ 5 chambres ∙ 10 personnes,Hérémence - Valais
17/09/2024,29/03/2025,05/04/2025,2261.15,H8ML0ZD,188 m² Maison de vacances ∙ 5 chambres ∙ 10 personnes,Hérémence - Valais
17/09/2024,05/04/2025,12/04/2025,2644.56,H8ML0ZD,188 m² Maison de vacances ∙ 5 chambres ∙ 10 personnes,Hérémence - Valais
17/09/2024,12/04/2025,19/04/2025,2570.21,H8ML0ZD,188 m² Maison de vacances ∙ 5 chambres ∙ 10 personnes,Hérémence - Valais
17/09/2024,19/04/2025,26/04/2025,2335.49,H8ML0ZD,188 m² Maison de vacances ∙ 5 chambres ∙ 10 personnes,Hérémence - Valais
17/09/2024,05/10/2024,12/10/2024,918.69,HHLCN6D,85 m² Appartement ∙ 2 chambres ∙ 4 personnes,Bürchen - Valais
17/09/2024,26/10/2024,02/11/2024,875.15,HHLCN6D,85 m² Appartement ∙ 2 chambres ∙ 4 personnes,Bürchen - Valais
17/09/2024,02/11/2024,09/11/2024,765.75,HHLCN6D,85 m² Appartement ∙ 2 chambres ∙ 4 personnes,Bürchen - Valais
17/09/2024,09/11/2024,16/11/2024,765.75,HHLCN6D,85 m² Appartement ∙ 2 chambres ∙ 4 personnes,Bürchen - Valais
17/09/2024,16/11/2024,23/11/2024,765.75,HHLCN6D,85 m² Appartement ∙ 2 chambres ∙ 4 personnes,Bürchen - Valais
17/09/2024,23/11/2024,30/11/2024,765.75,HHLCN6D,85 m² Appartement ∙ 2 chambres ∙ 4 personnes,Bürchen - Valais
17/09/2024,30/11/2024,07/12/2024,765.75,HHLCN6D,85 m² Appartement ∙ 2 chambres ∙ 4 personnes,Bürchen - Valais
17/09/2024,07/12/2024,14/12/2024,765.75,HHLCN6D,85 m² Appartement ∙ 2 chambres ∙ 4 personnes,Bürchen - Valais
17/09/2024,14/12/2024,21/12/2024,1028.08,HHLCN6D,85 m² Appartement ∙ 2 chambres ∙ 4 personnes,Bürchen - Valais
17/09/2024,18/01/2025,25/01/2025,1071.63,HHLCN6D,85 m² Appartement ∙ 2 chambres ∙ 4 personnes,Bürchen - Valais
17/09/2024,15/03/2025,22/03/2025,1071.63,HHLCN6D,85 m² Appartement ∙ 2 chambres ∙ 4 personnes,Bürchen - Valais
17/09/2024,22/03/2025,29/03/2025,1071.63,HHLCN6D,85 m² Appartement ∙ 2 chambres ∙ 4 personnes,Bürchen - Valais
17/09/2024,21/09/2024,28/09/2024,536.35,HHT6YEJ,60 m² Appartement ∙ 1 chambre ∙ 4 personnes,Veysonnaz - Valais
17/09/2024,28/09/2024,05/10/2024,536.35,HHT6YEJ,60 m² Appartement ∙ 1 chambre ∙ 4 personnes,Veysonnaz - Valais
17/09/2024,05/10/2024,12/10/2024,536.35,HHT6YEJ,60 m² Appartement ∙ 1 chambre ∙ 4 personnes,Veysonnaz - Valais
17/09/2024,12/10/2024,19/10/2024,536.35,HHT6YEJ,60 m² Appartement ∙ 1 chambre ∙ 4 personnes,Veysonnaz - Valais
17/09/2024,19/10/2024,26/10/2024,536.35,HHT6YEJ,60 m² Appartement ∙ 1 chambre ∙ 4 personnes,Veysonnaz - Valais
17/09/2024,26/10/2024,02/11/2024,536.35,HHT6YEJ,60 m² Appartement ∙ 1 chambre ∙ 4 personnes,Veysonnaz - Valais
17/09/2024,02/11/2024,09/11/2024,536.35,HHT6YEJ,60 m² Appartement ∙ 1 chambre ∙ 4 personnes,Veysonnaz - Valais
17/09/2024,09/11/2024,16/11/2024,536.35,HHT6YEJ,60 m² Appartement ∙ 1 chambre ∙ 4 personnes,Veysonnaz - Valais
17/09/2024,16/11/2024,23/11/2024,536.35,HHT6YEJ,60 m² Appartement ∙ 1 chambre ∙ 4 personnes,Veysonnaz - Valais
17/09/2024,23/11/2024,30/11/2024,536.35,HHT6YEJ,60 m² Appartement ∙ 1 chambre ∙ 4 personnes,Veysonnaz - Valais
17/09/2024,30/11/2024,07/12/2024,536.35,HHT6YEJ,60 m² Appartement ∙ 1 chambre ∙ 4 personnes,Veysonnaz - Valais
17/09/2024,07/12/2024,14/12/2024,536.35,HHT6YEJ,60 m² Appartement ∙ 1 chambre ∙ 4 personnes,Veysonnaz - Valais
17/09/2024,14/12/2024,21/12/2024,1033.39,HHT6YEJ,60 m² Appartement ∙ 1 chambre ∙ 4 personnes,Veysonnaz - Valais
17/09/2024,11/01/2025,18/01/2025,712.65,HHT6YEJ,60 m² Appartement ∙ 1 chambre ∙ 4 personnes,Veysonnaz - Valais
17/09/2024,18/01/2025,25/01/2025,712.65,HHT6YEJ,60 m² Appartement ∙ 1 chambre ∙ 4 personnes,Veysonnaz - Valais
17/09/2024,08/02/2025,15/02/2025,827.35,HHT6YEJ,60 m² Appartement ∙ 1 chambre ∙ 4 personnes,Veysonnaz - Valais
17/09/2024,08/03/2025,15/03/2025,827.35,HHT6YEJ,60 m² Appartement ∙ 1 chambre ∙ 4 personnes,Veysonnaz - Valais
17/09/2024,29/03/2025,05/04/2025,827.35,HHT6YEJ,60 m² Appartement ∙ 1 chambre ∙ 4 personnes,Veysonnaz - Valais
17/09/2024,05/04/2025,12/04/2025,827.35,HHT6YEJ,60 m² Appartement ∙ 1 chambre ∙ 4 personnes,Veysonnaz - Valais
17/09/2024,12/04/2025,19/04/2025,827.35,HHT6YEJ,60 m² Appartement ∙ 1 chambre ∙ 4 personnes,Veysonnaz - Valais
17/09/2024,19/04/2025,26/04/2025,827.35,HHT6YEJ,60 m² Appartement ∙ 1 chambre ∙ 4 personnes,Veysonnaz - Valais
17/09/2024,21/09/2024,28/09/2024,921.87,HAW3PSD,54 m² Appartement ∙ 2 chambres ∙ 5 personnes,Zinal - Ayer - Valais
17/09/2024,28/09/2024,05/10/2024,921.87,HAW3PSD,54 m² Appartement ∙ 2 chambres ∙ 5 personnes,Zinal - Ayer - Valais
17/09/2024,05/10/2024,12/10/2024,921.87,HAW3PSD,54 m² Appartement ∙ 2 chambres ∙ 5 personnes,Zinal - Ayer - Valais
17/09/2024,12/10/2024,19/10/2024,921.87,HAW3PSD,54 m² Appartement ∙ 2 chambres ∙ 5 personnes,Zinal - Ayer - Valais
17/09/2024,19/10/2024,26/10/2024,921.87,HAW3PSD,54 m² Appartement ∙ 2 chambres ∙ 5 personnes,Zinal - Ayer - Valais
17/09/2024,26/10/2024,02/11/2024,921.87,HAW3PSD,54 m² Appartement ∙ 2 chambres ∙ 5 personnes,Zinal - Ayer - Valais
17/09/2024,02/11/2024,09/11/2024,921.87,HAW3PSD,54 m² Appartement ∙ 2 chambres ∙ 5 personnes,Zinal - Ayer - Valais
17/09/2024,09/11/2024,16/11/2024,921.87,HAW3PSD,54 m² Appartement ∙ 2 chambres ∙ 5 personnes,Zinal - Ayer - Valais
17/09/2024,16/11/2024,23/11/2024,921.87,HAW3PSD,54 m² Appartement ∙ 2 chambres ∙ 5 personnes,Zinal - Ayer - Valais
17/09/2024,23/11/2024,30/11/2024,921.87,HAW3PSD,54 m² Appartement ∙ 2 chambres ∙ 5 personnes,Zinal - Ayer - Valais
17/09/2024,30/11/2024,07/12/2024,921.87,HAW3PSD,54 m² Appartement ∙ 2 chambres ∙ 5 personnes,Zinal - Ayer - Valais
17/09/2024,07/12/2024,14/12/2024,921.87,HAW3PSD,54 m² Appartement ∙ 2 chambres ∙ 5 personnes,Zinal - Ayer - Valais
17/09/2024,14/12/2024,21/12/2024,921.87,HAW3PSD,54 m² Appartement ∙ 2 chambres ∙ 5 personnes,Zinal - Ayer - Valais
17/09/2024,11/01/2025,18/01/2025,921.87,HAW3PSD,54 m² Appartement ∙ 2 chambres ∙ 5 personnes,Zinal - Ayer - Valais
17/09/2024,18/01/2025,25/01/2025,921.87,HAW3PSD,54 m² Appartement ∙ 2 chambres ∙ 5 personnes,Zinal - Ayer - Valais
17/09/2024,25/01/2025,01/02/2025,921.87,HAW3PSD,54 m² Appartement ∙ 2 chambres ∙ 5 personnes,Zinal - Ayer - Valais
17/09/2024,05/10/2024,12/10/2024,766.85,HWMH5F1,80 m² Maison de vacances ∙ 3 chambres ∙ 6 personnes,Ausserberg - Valais
17/09/2024,12/10/2024,19/10/2024,766.85,HWMH5F1,80 m² Maison de vacances ∙ 3 chambres ∙ 6 personnes,Ausserberg - Valais
17/09/2024,15/03/2025,22/03/2025,766.85,HWMH5F1,80 m² Maison de vacances ∙ 3 chambres ∙ 6 personnes,Ausserberg - Valais
17/09/2024,22/03/2025,29/03/2025,766.85,HWMH5F1,80 m² Maison de vacances ∙ 3 chambres ∙ 6 personnes,Ausserberg - Valais
17/09/2024,29/03/2025,05/04/2025,805.09,HWMH5F1,80 m² Maison de vacances ∙ 3 chambres ∙ 6 personnes,Ausserberg - Valais
17/09/2024,05/04/2025,12/04/2025,805.09,HWMH5F1,80 m² Maison de vacances ∙ 3 chambres ∙ 6 personnes,Ausserberg - Valais
17/09/2024,12/04/2025,19/04/2025,805.09,HWMH5F1,80 m² Maison de vacances ∙ 3 chambres ∙ 6 personnes,Ausserberg - Valais
17/09/2024,19/04/2025,26/04/2025,805.09,HWMH5F1,80 m² Maison de vacances ∙ 3 chambres ∙ 6 personnes,Ausserberg - Valais
17/09/2024,26/04/2025,03/05/2025,766.85,HWMH5F1,80 m² Maison de vacances ∙ 3 chambres ∙ 6 personnes,Ausserberg - Valais
17/09/2024,03/05/2025,10/05/2025,766.85,HWMH5F1,80 m² Maison de vacances ∙ 3 chambres ∙ 6 personnes,Ausserberg - Valais
17/09/2024,10/05/2025,17/05/2025,766.85,HWMH5F1,80 m² Maison de vacances ∙ 3 chambres ∙ 6 personnes,Ausserberg - Valais
17/09/2024,28/09/2024,05/10/2024,758.35,HR0DG6T,60 m² Appartement ∙ 1 chambre ∙ 2 personnes,Saint-Nicolas - Valais
17/09/2024,05/10/2024,12/10/2024,758.35,HR0DG6T,60 m² Appartement ∙ 1 chambre ∙ 2 personnes,Saint-Nicolas - Valais
17/09/2024,12/10/2024,19/10/2024,758.35,HR0DG6T,60 m² Appartement ∙ 1 chambre ∙ 2 personnes,Saint-Nicolas - Valais
17/09/2024,19/10/2024,26/10/2024,758.35,HR0DG6T,60 m² Appartement ∙ 1 chambre ∙ 2 personnes,Saint-Nicolas - Valais
17/09/2024,26/10/2024,02/11/2024,758.35,HR0DG6T,60 m² Appartement ∙ 1 chambre ∙ 2 personnes,Saint-Nicolas - Valais
17/09/2024,02/11/2024,09/11/2024,758.35,HR0DG6T,60 m² Appartement ∙ 1 chambre ∙ 2 personnes,Saint-Nicolas - Valais
17/09/2024,09/11/2024,16/11/2024,758.35,HR0DG6T,60 m² Appartement ∙ 1 chambre ∙ 2 personnes,Saint-Nicolas - Valais
17/09/2024,16/11/2024,23/11/2024,758.35,HR0DG6T,60 m² Appartement ∙ 1 chambre ∙ 2 personnes,Saint-Nicolas - Valais
17/09/2024,23/11/2024,30/11/2024,758.35,HR0DG6T,60 m² Appartement ∙ 1 chambre ∙ 2 personnes,Saint-Nicolas - Valais
17/09/2024,30/11/2024,07/12/2024,758.35,HR0DG6T,60 m² Appartement ∙ 1 chambre ∙ 2 personnes,Saint-Nicolas - Valais
17/09/2024,07/12/2024,14/12/2024,758.35,HR0DG6T,60 m² Appartement ∙ 1 chambre ∙ 2 personnes,Saint-Nicolas - Valais
17/09/2024,14/12/2024,21/12/2024,758.35,HR0DG6T,60 m² Appartement ∙ 1 chambre ∙ 2 personnes,Saint-Nicolas - Valais
17/09/2024,11/01/2025,18/01/2025,758.35,HR0DG6T,60 m² Appartement ∙ 1 chambre ∙ 2 personnes,Saint-Nicolas - Valais
17/09/2024,18/01/2025,25/01/2025,758.35,HR0DG6T,60 m² Appartement ∙ 1 chambre ∙ 2 personnes,Saint-Nicolas - Valais
17/09/2024,25/01/2025,01/02/2025,758.35,HR0DG6T,60 m² Appartement ∙ 1 chambre ∙ 2 personnes,Saint-Nicolas - Valais
17/09/2024,01/02/2025,08/02/2025,758.35,HR0DG6T,60 m² Appartement ∙ 1 chambre ∙ 2 personnes,Saint-Nicolas - Valais
17/09/2024,08/02/2025,15/02/2025,758.35,HR0DG6T,60 m² Appartement ∙ 1 chambre ∙ 2 personnes,Saint-Nicolas - Valais
17/09/2024,15/02/2025,22/02/2025,758.35,HR0DG6T,60 m² Appartement ∙ 1 chambre ∙ 2 personnes,Saint-Nicolas - Valais
17/09/2024,22/02/2025,01/03/2025,758.35,HR0DG6T,60 m² Appartement ∙ 1 chambre ∙ 2 personnes,Saint-Nicolas - Valais
17/09/2024,01/03/2025,08/03/2025,758.35,HR0DG6T,60 m² Appartement ∙ 1 chambre ∙ 2 personnes,Saint-Nicolas - Valais
17/09/2024,08/03/2025,15/03/2025,758.35,HR0DG6T,60 m² Appartement ∙ 1 chambre ∙ 2 personnes,Saint-Nicolas - Valais
17/09/2024,15/03/2025,22/03/2025,758.35,HR0DG6T,60 m² Appartement ∙ 1 chambre ∙ 2 personnes,Saint-Nicolas - Valais
17/09/2024,22/03/2025,29/03/2025,758.35,HR0DG6T,60 m² Appartement ∙ 1 chambre ∙ 2 personnes,Saint-Nicolas - Valais
17/09/2024,29/03/2025,05/04/2025,758.35,HR0DG6T,60 m² Appartement ∙ 1 chambre ∙ 2 personnes,Saint-Nicolas - Valais
17/09/2024,05/04/2025,12/04/2025,758.35,HR0DG6T,60 m² Appartement ∙ 1 chambre ∙ 2 personnes,Saint-Nicolas - Valais
17/09/2024,12/04/2025,19/04/2025,758.35,HR0DG6T,60 m² Appartement ∙ 1 chambre ∙ 2 personnes,Saint-Nicolas - Valais
17/09/2024,19/04/2025,26/04/2025,758.35,HR0DG6T,60 m² Appartement ∙ 1 chambre ∙ 2 personnes,Saint-Nicolas - Valais
17/09/2024,26/04/2025,03/05/2025,758.35,HR0DG6T,60 m² Appartement ∙ 1 chambre ∙ 2 personnes,Saint-Nicolas - Valais
17/09/2024,03/05/2025,10/05/2025,758.35,HR0DG6T,60 m² Appartement ∙ 1 chambre ∙ 2 personnes,Saint-Nicolas - Valais
17/09/2024,10/05/2025,17/05/2025,758.35,HR0DG6T,60 m² Appartement ∙ 1 chambre ∙ 2 personnes,Saint-Nicolas - Valais
17/09/2024,28/09/2024,05/10/2024,1230.99,HBJA29S,155 m² Maison de vacances ∙ 5 chambres ∙ 10 personnes,Riddes - Valais
17/09/2024,05/10/2024,12/10/2024,1230.99,HBJA29S,155 m² Maison de vacances ∙ 5 chambres ∙ 10 personnes,Riddes - Valais
17/09/2024,12/10/2024,19/10/2024,1230.99,HBJA29S,155 m² Maison de vacances ∙ 5 chambres ∙ 10 personnes,Riddes - Valais
17/09/2024,19/10/2024,26/10/2024,1230.99,HBJA29S,155 m² Maison de vacances ∙ 5 chambres ∙ 10 personnes,Riddes - Valais
17/09/2024,26/10/2024,02/11/2024,1230.99,HBJA29S,155 m² Maison de vacances ∙ 5 chambres ∙ 10 personnes,Riddes - Valais
17/09/2024,02/11/2024,09/11/2024,1230.99,HBJA29S,155 m² Maison de vacances ∙ 5 chambres ∙ 10 personnes,Riddes - Valais
17/09/2024,09/11/2024,16/11/2024,1230.99,HBJA29S,155 m² Maison de vacances ∙ 5 chambres ∙ 10 personnes,Riddes - Valais
17/09/2024,16/11/2024,23/11/2024,1230.99,HBJA29S,155 m² Maison de vacances ∙ 5 chambres ∙ 10 personnes,Riddes - Valais
17/09/2024,23/11/2024,30/11/2024,1230.99,HBJA29S,155 m² Maison de vacances ∙ 5 chambres ∙ 10 personnes,Riddes - Valais
17/09/2024,30/11/2024,07/12/2024,1449.79,HBJA29S,155 m² Maison de vacances ∙ 5 chambres ∙ 10 personnes,Riddes - Valais
17/09/2024,07/12/2024,14/12/2024,1481.65,HBJA29S,155 m² Maison de vacances ∙ 5 chambres ∙ 10 personnes,Riddes - Valais
17/09/2024,14/12/2024,21/12/2024,1577.24,HBJA29S,155 m² Maison de vacances ∙ 5 chambres ∙ 10 personnes,Riddes - Valais
17/09/2024,21/12/2024,28/12/2024,4501.25,HBJA29S,155 m² Maison de vacances ∙ 5 chambres ∙ 10 personnes,Riddes - Valais
17/09/2024,11/01/2025,18/01/2025,1652.65,HBJA29S,155 m² Maison de vacances ∙ 5 chambres ∙ 10 personnes,Riddes - Valais
17/09/2024,22/02/2025,01/03/2025,3860.79,HBJA29S,155 m² Maison de vacances ∙ 5 chambres ∙ 10 personnes,Riddes - Valais
17/09/2024,08/03/2025,15/03/2025,2069.00,HBJA29S,155 m² Maison de vacances ∙ 5 chambres ∙ 10 personnes,Riddes - Valais
17/09/2024,15/03/2025,22/03/2025,1556.00,HBJA29S,155 m² Maison de vacances ∙ 5 chambres ∙ 10 personnes,Riddes - Valais
17/09/2024,22/03/2025,29/03/2025,1502.89,HBJA29S,155 m² Maison de vacances ∙ 5 chambres ∙ 10 personnes,Riddes - Valais
17/09/2024,29/03/2025,05/04/2025,1449.79,HBJA29S,155 m² Maison de vacances ∙ 5 chambres ∙ 10 personnes,Riddes - Valais
17/09/2024,05/04/2025,12/04/2025,1728.06,HBJA29S,155 m² Maison de vacances ∙ 5 chambres ∙ 10 personnes,Riddes - Valais
17/09/2024,19/04/2025,26/04/2025,1449.79,HBJA29S,155 m² Maison de vacances ∙ 5 chambres ∙ 10 personnes,Riddes - Valais
17/09/2024,16/11/2024,23/11/2024,1151.33,H1LKGCB,50 m² Maison de vacances ∙ 2 personnes,Evolène - Valais
17/09/2024,23/11/2024,30/11/2024,1151.33,H1LKGCB,50 m² Maison de vacances ∙ 2 personnes,Evolène - Valais
17/09/2024,14/12/2024,21/12/2024,1151.33,H1LKGCB,50 m² Maison de vacances ∙ 2 personnes,Evolène - Valais
17/09/2024,28/12/2024,04/01/2025,1227.81,H1LKGCB,50 m² Maison de vacances ∙ 2 personnes,Evolène - Valais
17/09/2024,04/01/2025,11/01/2025,1151.33,H1LKGCB,50 m² Maison de vacances ∙ 2 personnes,Evolène - Valais
17/09/2024,11/01/2025,18/01/2025,1151.33,H1LKGCB,50 m² Maison de vacances ∙ 2 personnes,Evolène - Valais
17/09/2024,18/01/2025,25/01/2025,1151.33,H1LKGCB,50 m² Maison de vacances ∙ 2 personnes,Evolène - Valais
17/09/2024,15/02/2025,22/02/2025,1227.81,H1LKGCB,50 m² Maison de vacances ∙ 2 personnes,Evolène - Valais
17/09/2024,22/02/2025,01/03/2025,1151.33,H1LKGCB,50 m² Maison de vacances ∙ 2 personnes,Evolène - Valais
17/09/2024,01/03/2025,08/03/2025,1151.33,H1LKGCB,50 m² Maison de vacances ∙ 2 personnes,Evolène - Valais
17/09/2024,08/03/2025,15/03/2025,1151.33,H1LKGCB,50 m² Maison de vacances ∙ 2 personnes,Evolène - Valais
17/09/2024,15/03/2025,22/03/2025,1151.33,H1LKGCB,50 m² Maison de vacances ∙ 2 personnes,Evolène - Valais
17/09/2024,22/03/2025,29/03/2025,1151.33,H1LKGCB,50 m² Maison de vacances ∙ 2 personnes,Evolène - Valais
17/09/2024,29/03/2025,05/04/2025,1151.33,H1LKGCB,50 m² Maison de vacances ∙ 2 personnes,Evolène - Valais
17/09/2024,05/04/2025,12/04/2025,1151.33,H1LKGCB,50 m² Maison de vacances ∙ 2 personnes,Evolène - Valais
17/09/2024,12/04/2025,19/04/2025,1151.33,H1LKGCB,50 m² Maison de vacances ∙ 2 personnes,Evolène - Valais
17/09/2024,19/04/2025,26/04/2025,1151.33,H1LKGCB,50 m² Maison de vacances ∙ 2 personnes,Evolène - Valais
17/09/2024,26/04/2025,03/05/2025,1151.33,H1LKGCB,50 m² Maison de vacances ∙ 2 personnes,Evolène - Valais
17/09/2024,03/05/2025,10/05/2025,1151.33,H1LKGCB,50 m² Maison de vacances ∙ 2 personnes,Evolène - Valais
17/09/2024,10/05/2025,17/05/2025,1151.33,H1LKGCB,50 m² Maison de vacances ∙ 2 personnes,Evolène - Valais
17/09/2024,21/09/2024,28/09/2024,1286.22,HV8HA9U,120 m² Maison de vacances ∙ 3 chambres ∙ 6 personnes,Ayent - Valais
17/09/2024,12/10/2024,19/10/2024,1513.52,HV8HA9U,120 m² Maison de vacances ∙ 3 chambres ∙ 6 personnes,Ayent - Valais
17/09/2024,19/10/2024,26/10/2024,1513.52,HV8HA9U,120 m² Maison de vacances ∙ 3 chambres ∙ 6 personnes,Ayent - Valais
17/09/2024,26/10/2024,02/11/2024,1286.22,HV8HA9U,120 m² Maison de vacances ∙ 3 chambres ∙ 6 personnes,Ayent - Valais
17/09/2024,02/11/2024,09/11/2024,1286.22,HV8HA9U,120 m² Maison de vacances ∙ 3 chambres ∙ 6 personnes,Ayent - Valais
17/09/2024,09/11/2024,16/11/2024,1286.22,HV8HA9U,120 m² Maison de vacances ∙ 3 chambres ∙ 6 personnes,Ayent - Valais
17/09/2024,16/11/2024,23/11/2024,1286.22,HV8HA9U,120 m² Maison de vacances ∙ 3 chambres ∙ 6 personnes,Ayent - Valais
17/09/2024,23/11/2024,30/11/2024,1286.22,HV8HA9U,120 m² Maison de vacances ∙ 3 chambres ∙ 6 personnes,Ayent - Valais
17/09/2024,30/11/2024,07/12/2024,1286.22,HV8HA9U,120 m² Maison de vacances ∙ 3 chambres ∙ 6 personnes,Ayent - Valais
17/09/2024,07/12/2024,14/12/2024,1286.22,HV8HA9U,120 m² Maison de vacances ∙ 3 chambres ∙ 6 personnes,Ayent - Valais
17/09/2024,14/12/2024,21/12/2024,2257.00,HV8HA9U,120 m² Maison de vacances ∙ 3 chambres ∙ 6 personnes,Ayent - Valais
17/09/2024,21/12/2024,28/12/2024,2257.00,HV8HA9U,120 m² Maison de vacances ∙ 3 chambres ∙ 6 personnes,Ayent - Valais
17/09/2024,04/01/2025,11/01/2025,1513.52,HV8HA9U,120 m² Maison de vacances ∙ 3 chambres ∙ 6 personnes,Ayent - Valais
17/09/2024,11/01/2025,18/01/2025,1513.52,HV8HA9U,120 m² Maison de vacances ∙ 3 chambres ∙ 6 personnes,Ayent - Valais
17/09/2024,18/01/2025,25/01/2025,1513.52,HV8HA9U,120 m² Maison de vacances ∙ 3 chambres ∙ 6 personnes,Ayent - Valais
17/09/2024,25/01/2025,01/02/2025,1513.52,HV8HA9U,120 m² Maison de vacances ∙ 3 chambres ∙ 6 personnes,Ayent - Valais
17/09/2024,01/02/2025,08/02/2025,1885.26,HV8HA9U,120 m² Maison de vacances ∙ 3 chambres ∙ 6 personnes,Ayent - Valais
17/09/2024,08/02/2025,15/02/2025,1885.26,HV8HA9U,120 m² Maison de vacances ∙ 3 chambres ∙ 6 personnes,Ayent - Valais
17/09/2024,15/02/2025,22/02/2025,1885.26,HV8HA9U,120 m² Maison de vacances ∙ 3 chambres ∙ 6 personnes,Ayent - Valais
17/09/2024,22/02/2025,01/03/2025,1885.26,HV8HA9U,120 m² Maison de vacances ∙ 3 chambres ∙ 6 personnes,Ayent - Valais
17/09/2024,28/09/2024,05/10/2024,884.74,HNRUWBE,80 m² Maison de vacances ∙ 3 chambres ∙ 5 personnes,Orsières - Valais
17/09/2024,30/11/2024,07/12/2024,731.80,HNRUWBE,80 m² Maison de vacances ∙ 3 chambres ∙ 5 personnes,Orsières - Valais
17/09/2024,07/12/2024,14/12/2024,731.80,HNRUWBE,80 m² Maison de vacances ∙ 3 chambres ∙ 5 personnes,Orsières - Valais
17/09/2024,14/12/2024,21/12/2024,731.80,HNRUWBE,80 m² Maison de vacances ∙ 3 chambres ∙ 5 personnes,Orsières - Valais
17/09/2024,04/01/2025,11/01/2025,884.74,HNRUWBE,80 m² Maison de vacances ∙ 3 chambres ∙ 5 personnes,Orsières - Valais
17/09/2024,11/01/2025,18/01/2025,884.74,HNRUWBE,80 m² Maison de vacances ∙ 3 chambres ∙ 5 personnes,Orsières - Valais
17/09/2024,18/01/2025,25/01/2025,884.74,HNRUWBE,80 m² Maison de vacances ∙ 3 chambres ∙ 5 personnes,Orsières - Valais
17/09/2024,25/01/2025,01/02/2025,884.74,HNRUWBE,80 m² Maison de vacances ∙ 3 chambres ∙ 5 personnes,Orsières - Valais
17/09/2024,01/03/2025,08/03/2025,884.74,HNRUWBE,80 m² Maison de vacances ∙ 3 chambres ∙ 5 personnes,Orsières - Valais
17/09/2024,08/03/2025,15/03/2025,884.74,HNRUWBE,80 m² Maison de vacances ∙ 3 chambres ∙ 5 personnes,Orsières - Valais
17/09/2024,15/03/2025,22/03/2025,884.74,HNRUWBE,80 m² Maison de vacances ∙ 3 chambres ∙ 5 personnes,Orsières - Valais
17/09/2024,22/03/2025,29/03/2025,884.74,HNRUWBE,80 m² Maison de vacances ∙ 3 chambres ∙ 5 personnes,Orsières - Valais
17/09/2024,29/03/2025,05/04/2025,884.74,HNRUWBE,80 m² Maison de vacances ∙ 3 chambres ∙ 5 personnes,Orsières - Valais
17/09/2024,05/04/2025,12/04/2025,884.74,HNRUWBE,80 m² Maison de vacances ∙ 3 chambres ∙ 5 personnes,Orsières - Valais
17/09/2024,12/04/2025,19/04/2025,884.74,HNRUWBE,80 m² Maison de vacances ∙ 3 chambres ∙ 5 personnes,Orsières - Valais
17/09/2024,19/04/2025,26/04/2025,884.74,HNRUWBE,80 m² Maison de vacances ∙ 3 chambres ∙ 5 personnes,Orsières - Valais
17/09/2024,26/04/2025,03/05/2025,884.74,HNRUWBE,80 m² Maison de vacances ∙ 3 chambres ∙ 5 personnes,Orsières - Valais
17/09/2024,03/05/2025,10/05/2025,884.74,HNRUWBE,80 m² Maison de vacances ∙ 3 chambres ∙ 5 personnes,Orsières - Valais
17/09/2024,10/05/2025,17/05/2025,884.74,HNRUWBE,80 m² Maison de vacances ∙ 3 chambres ∙ 5 personnes,Orsières - Valais
17/09/2024,21/09/2024,28/09/2024,689.31,HGBRPDL,55 m² Appartement ∙ 2 chambres ∙ 4 personnes,Leuk - Valais
17/09/2024,28/09/2024,05/10/2024,634.08,HGBRPDL,55 m² Appartement ∙ 2 chambres ∙ 4 personnes,Leuk - Valais
17/09/2024,26/10/2024,02/11/2024,612.84,HGBRPDL,55 m² Appartement ∙ 2 chambres ∙ 4 personnes,Leuk - Valais
17/09/2024,02/11/2024,09/11/2024,612.84,HGBRPDL,55 m² Appartement ∙ 2 chambres ∙ 4 personnes,Leuk - Valais
17/09/2024,09/11/2024,16/11/2024,612.84,HGBRPDL,55 m² Appartement ∙ 2 chambres ∙ 4 personnes,Leuk - Valais
17/09/2024,16/11/2024,23/11/2024,612.84,HGBRPDL,55 m² Appartement ∙ 2 chambres ∙ 4 personnes,Leuk - Valais
17/09/2024,23/11/2024,30/11/2024,612.84,HGBRPDL,55 m² Appartement ∙ 2 chambres ∙ 4 personnes,Leuk - Valais
17/09/2024,30/11/2024,07/12/2024,678.69,HGBRPDL,55 m² Appartement ∙ 2 chambres ∙ 4 personnes,Leuk - Valais
17/09/2024,07/12/2024,14/12/2024,689.31,HGBRPDL,55 m² Appartement ∙ 2 chambres ∙ 4 personnes,Leuk - Valais
17/09/2024,14/12/2024,21/12/2024,689.31,HGBRPDL,55 m² Appartement ∙ 2 chambres ∙ 4 personnes,Leuk - Valais
17/09/2024,11/01/2025,18/01/2025,689.31,HGBRPDL,55 m² Appartement ∙ 2 chambres ∙ 4 personnes,Leuk - Valais
17/09/2024,18/01/2025,25/01/2025,623.46,HGBRPDL,55 m² Appartement ∙ 2 chambres ∙ 4 personnes,Leuk - Valais
17/09/2024,26/10/2024,02/11/2024,835.89,HX3MWS6,60 m² Maison de vacances ∙ 2 chambres ∙ 7 personnes,Mase - Valais
17/09/2024,02/11/2024,09/11/2024,835.89,HX3MWS6,60 m² Maison de vacances ∙ 2 chambres ∙ 7 personnes,Mase - Valais
17/09/2024,09/11/2024,16/11/2024,835.89,HX3MWS6,60 m² Maison de vacances ∙ 2 chambres ∙ 7 personnes,Mase - Valais
17/09/2024,16/11/2024,23/11/2024,835.89,HX3MWS6,60 m² Maison de vacances ∙ 2 chambres ∙ 7 personnes,Mase - Valais
17/09/2024,23/11/2024,30/11/2024,835.89,HX3MWS6,60 m² Maison de vacances ∙ 2 chambres ∙ 7 personnes,Mase - Valais
17/09/2024,30/11/2024,07/12/2024,835.89,HX3MWS6,60 m² Maison de vacances ∙ 2 chambres ∙ 7 personnes,Mase - Valais
17/09/2024,07/12/2024,14/12/2024,835.89,HX3MWS6,60 m² Maison de vacances ∙ 2 chambres ∙ 7 personnes,Mase - Valais
17/09/2024,14/12/2024,21/12/2024,835.89,HX3MWS6,60 m² Maison de vacances ∙ 2 chambres ∙ 7 personnes,Mase - Valais
17/09/2024,21/12/2024,28/12/2024,1294.72,HX3MWS6,60 m² Maison de vacances ∙ 2 chambres ∙ 7 personnes,Mase - Valais
17/09/2024,04/01/2025,11/01/2025,835.89,HX3MWS6,60 m² Maison de vacances ∙ 2 chambres ∙ 7 personnes,Mase - Valais
17/09/2024,11/01/2025,18/01/2025,835.89,HX3MWS6,60 m² Maison de vacances ∙ 2 chambres ∙ 7 personnes,Mase - Valais
17/09/2024,15/03/2025,22/03/2025,835.89,HX3MWS6,60 m² Maison de vacances ∙ 2 chambres ∙ 7 personnes,Mase - Valais
17/09/2024,22/03/2025,29/03/2025,835.89,HX3MWS6,60 m² Maison de vacances ∙ 2 chambres ∙ 7 personnes,Mase - Valais
17/09/2024,29/03/2025,05/04/2025,835.89,HX3MWS6,60 m² Maison de vacances ∙ 2 chambres ∙ 7 personnes,Mase - Valais
17/09/2024,05/04/2025,12/04/2025,835.89,HX3MWS6,60 m² Maison de vacances ∙ 2 chambres ∙ 7 personnes,Mase - Valais
17/09/2024,12/04/2025,19/04/2025,835.89,HX3MWS6,60 m² Maison de vacances ∙ 2 chambres ∙ 7 personnes,Mase - Valais
17/09/2024,19/04/2025,26/04/2025,835.89,HX3MWS6,60 m² Maison de vacances ∙ 2 chambres ∙ 7 personnes,Mase - Valais
17/09/2024,26/04/2025,03/05/2025,835.77,HX3MWS6,60 m² Maison de vacances ∙ 2 chambres ∙ 7 personnes,Mase - Valais
17/09/2024,03/05/2025,10/05/2025,835.77,HX3MWS6,60 m² Maison de vacances ∙ 2 chambres ∙ 7 personnes,Mase - Valais
17/09/2024,10/05/2025,17/05/2025,835.77,HX3MWS6,60 m² Maison de vacances ∙ 2 chambres ∙ 7 personnes,Mase - Valais
17/09/2024,05/10/2024,12/10/2024,1528.17,HTJNW40,135 m² Maison de vacances ∙ 3 chambres ∙ 4 personnes,Vercorin - Valais
17/09/2024,30/11/2024,07/12/2024,1528.17,HTJNW40,135 m² Maison de vacances ∙ 3 chambres ∙ 4 personnes,Vercorin - Valais
17/09/2024,07/12/2024,14/12/2024,1528.17,HTJNW40,135 m² Maison de vacances ∙ 3 chambres ∙ 4 personnes,Vercorin - Valais
17/09/2024,14/12/2024,21/12/2024,1528.17,HTJNW40,135 m² Maison de vacances ∙ 3 chambres ∙ 4 personnes,Vercorin - Valais
17/09/2024,21/12/2024,28/12/2024,2791.91,HTJNW40,135 m² Maison de vacances ∙ 3 chambres ∙ 4 personnes,Vercorin - Valais
17/09/2024,28/12/2024,04/01/2025,2791.91,HTJNW40,135 m² Maison de vacances ∙ 3 chambres ∙ 4 personnes,Vercorin - Valais
17/09/2024,18/01/2025,25/01/2025,1528.17,HTJNW40,135 m² Maison de vacances ∙ 3 chambres ∙ 4 personnes,Vercorin - Valais
17/09/2024,15/02/2025,22/02/2025,2791.91,HTJNW40,135 m² Maison de vacances ∙ 3 chambres ∙ 4 personnes,Vercorin - Valais
17/09/2024,22/02/2025,01/03/2025,2791.91,HTJNW40,135 m² Maison de vacances ∙ 3 chambres ∙ 4 personnes,Vercorin - Valais
17/09/2024,01/03/2025,08/03/2025,2791.91,HTJNW40,135 m² Maison de vacances ∙ 3 chambres ∙ 4 personnes,Vercorin - Valais
17/09/2024,26/04/2025,03/05/2025,1528.17,HTJNW40,135 m² Maison de vacances ∙ 3 chambres ∙ 4 personnes,Vercorin - Valais
17/09/2024,03/05/2025,10/05/2025,1528.17,HTJNW40,135 m² Maison de vacances ∙ 3 chambres ∙ 4 personnes,Vercorin - Valais
17/09/2024,10/05/2025,17/05/2025,1528.17,HTJNW40,135 m² Maison de vacances ∙ 3 chambres ∙ 4 personnes,Vercorin - Valais
17/09/2024,28/09/2024,05/10/2024,843.20,H32VNU9,40 m² Appartement ∙ 1 chambre ∙ 2 personnes,Saas Fee - Valais
17/09/2024,19/10/2024,26/10/2024,672.76,H32VNU9,40 m² Appartement ∙ 1 chambre ∙ 2 personnes,Saas Fee - Valais
17/09/2024,26/10/2024,02/11/2024,604.58,H32VNU9,40 m² Appartement ∙ 1 chambre ∙ 2 personnes,Saas Fee - Valais
17/09/2024,02/11/2024,09/11/2024,604.58,H32VNU9,40 m² Appartement ∙ 1 chambre ∙ 2 personnes,Saas Fee - Valais
17/09/2024,09/11/2024,16/11/2024,604.58,H32VNU9,40 m² Appartement ∙ 1 chambre ∙ 2 personnes,Saas Fee - Valais
17/09/2024,30/11/2024,07/12/2024,843.20,H32VNU9,40 m² Appartement ∙ 1 chambre ∙ 2 personnes,Saas Fee - Valais
17/09/2024,21/12/2024,28/12/2024,1201.14,H32VNU9,40 m² Appartement ∙ 1 chambre ∙ 2 personnes,Saas Fee - Valais
17/09/2024,04/01/2025,11/01/2025,945.47,H32VNU9,40 m² Appartement ∙ 1 chambre ∙ 2 personnes,Saas Fee - Valais
17/09/2024,11/01/2025,18/01/2025,843.20,H32VNU9,40 m² Appartement ∙ 1 chambre ∙ 2 personnes,Saas Fee - Valais
17/09/2024,18/01/2025,25/01/2025,843.20,H32VNU9,40 m² Appartement ∙ 1 chambre ∙ 2 personnes,Saas Fee - Valais
17/09/2024,25/01/2025,01/02/2025,1201.14,H32VNU9,40 m² Appartement ∙ 1 chambre ∙ 2 personnes,Saas Fee - Valais
17/09/2024,01/02/2025,08/02/2025,1201.14,H32VNU9,40 m² Appartement ∙ 1 chambre ∙ 2 personnes,Saas Fee - Valais
17/09/2024,08/02/2025,15/02/2025,1201.14,H32VNU9,40 m² Appartement ∙ 1 chambre ∙ 2 personnes,Saas Fee - Valais
17/09/2024,08/03/2025,15/03/2025,945.47,H32VNU9,40 m² Appartement ∙ 1 chambre ∙ 2 personnes,Saas Fee - Valais
17/09/2024,15/03/2025,22/03/2025,843.20,H32VNU9,40 m² Appartement ∙ 1 chambre ∙ 2 personnes,Saas Fee - Valais
17/09/2024,22/03/2025,29/03/2025,843.20,H32VNU9,40 m² Appartement ∙ 1 chambre ∙ 2 personnes,Saas Fee - Valais
17/09/2024,12/10/2024,19/10/2024,1010.99,H6JNGWA,125 m² Maison de vacances ∙ 3 chambres ∙ 6 personnes,Savièse - Valais
17/09/2024,19/10/2024,26/10/2024,1010.99,H6JNGWA,125 m² Maison de vacances ∙ 3 chambres ∙ 6 personnes,Savièse - Valais
17/09/2024,26/10/2024,02/11/2024,1010.99,H6JNGWA,125 m² Maison de vacances ∙ 3 chambres ∙ 6 personnes,Savièse - Valais
17/09/2024,02/11/2024,09/11/2024,1010.99,H6JNGWA,125 m² Maison de vacances ∙ 3 chambres ∙ 6 personnes,Savièse - Valais
17/09/2024,09/11/2024,16/11/2024,1010.99,H6JNGWA,125 m² Maison de vacances ∙ 3 chambres ∙ 6 personnes,Savièse - Valais
17/09/2024,16/11/2024,23/11/2024,1010.99,H6JNGWA,125 m² Maison de vacances ∙ 3 chambres ∙ 6 personnes,Savièse - Valais
17/09/2024,23/11/2024,30/11/2024,1010.99,H6JNGWA,125 m² Maison de vacances ∙ 3 chambres ∙ 6 personnes,Savièse - Valais
17/09/2024,30/11/2024,07/12/2024,1010.99,H6JNGWA,125 m² Maison de vacances ∙ 3 chambres ∙ 6 personnes,Savièse - Valais
17/09/2024,07/12/2024,14/12/2024,1010.99,H6JNGWA,125 m² Maison de vacances ∙ 3 chambres ∙ 6 personnes,Savièse - Valais
17/09/2024,14/12/2024,21/12/2024,1135.67,H6JNGWA,125 m² Maison de vacances ∙ 3 chambres ∙ 6 personnes,Savièse - Valais
17/09/2024,26/04/2025,03/05/2025,903.73,HXUSNPA,50 m² Maison de vacances ∙ 2 chambres ∙ 6 personnes,Simplon - Valais
17/09/2024,03/05/2025,10/05/2025,903.73,HXUSNPA,50 m² Maison de vacances ∙ 2 chambres ∙ 6 personnes,Simplon - Valais
17/09/2024,10/05/2025,17/05/2025,903.73,HXUSNPA,50 m² Maison de vacances ∙ 2 chambres ∙ 6 personnes,Simplon - Valais
17/09/2024,19/10/2024,26/10/2024,1060.00,H6EH5NY,85 m² Appartement ∙ 3 chambres ∙ 8 personnes,Nendaz - Valais
17/09/2024,08/02/2025,15/02/2025,2754.16,H6EH5NY,85 m² Appartement ∙ 3 chambres ∙ 8 personnes,Nendaz - Valais
17/09/2024,29/03/2025,05/04/2025,1432.73,H6EH5NY,85 m² Appartement ∙ 3 chambres ∙ 8 personnes,Nendaz - Valais
17/09/2024,05/04/2025,12/04/2025,1938.09,H6EH5NY,85 m² Appartement ∙ 3 chambres ∙ 8 personnes,Nendaz - Valais
17/09/2024,12/04/2025,19/04/2025,1850.74,H6EH5NY,85 m² Appartement ∙ 3 chambres ∙ 8 personnes,Nendaz - Valais
17/09/2024,19/04/2025,26/04/2025,1596.19,H6EH5NY,85 m² Appartement ∙ 3 chambres ∙ 8 personnes,Nendaz - Valais
17/09/2024,26/04/2025,03/05/2025,1164.45,H6EH5NY,85 m² Appartement ∙ 3 chambres ∙ 8 personnes,Nendaz - Valais
17/09/2024,03/05/2025,10/05/2025,1148.22,H6EH5NY,85 m² Appartement ∙ 3 chambres ∙ 8 personnes,Nendaz - Valais
17/09/2024,10/05/2025,17/05/2025,1189.40,H6EH5NY,85 m² Appartement ∙ 3 chambres ∙ 8 personnes,Nendaz - Valais
17/09/2024,28/09/2024,05/10/2024,1432.04,HJ3YZBX,60 m² Appartement ∙ 1 chambre ∙ 2 personnes,Saas Grund - Valais
17/09/2024,05/10/2024,12/10/2024,1432.04,HJ3YZBX,60 m² Appartement ∙ 1 chambre ∙ 2 personnes,Saas Grund - Valais
17/09/2024,26/10/2024,02/11/2024,1161.60,HJ3YZBX,60 m² Appartement ∙ 1 chambre ∙ 2 personnes,Saas Grund - Valais
17/09/2024,02/11/2024,09/11/2024,1161.60,HJ3YZBX,60 m² Appartement ∙ 1 chambre ∙ 2 personnes,Saas Grund - Valais
17/09/2024,09/11/2024,16/11/2024,1161.60,HJ3YZBX,60 m² Appartement ∙ 1 chambre ∙ 2 personnes,Saas Grund - Valais
17/09/2024,16/11/2024,23/11/2024,1161.60,HJ3YZBX,60 m² Appartement ∙ 1 chambre ∙ 2 personnes,Saas Grund - Valais
17/09/2024,23/11/2024,30/11/2024,1161.60,HJ3YZBX,60 m² Appartement ∙ 1 chambre ∙ 2 personnes,Saas Grund - Valais
17/09/2024,30/11/2024,07/12/2024,1161.60,HJ3YZBX,60 m² Appartement ∙ 1 chambre ∙ 2 personnes,Saas Grund - Valais
17/09/2024,07/12/2024,14/12/2024,1161.60,HJ3YZBX,60 m² Appartement ∙ 1 chambre ∙ 2 personnes,Saas Grund - Valais
17/09/2024,14/12/2024,21/12/2024,1432.04,HJ3YZBX,60 m² Appartement ∙ 1 chambre ∙ 2 personnes,Saas Grund - Valais
17/09/2024,04/01/2025,11/01/2025,1432.04,HJ3YZBX,60 m² Appartement ∙ 1 chambre ∙ 2 personnes,Saas Grund - Valais
17/09/2024,11/01/2025,18/01/2025,1432.04,HJ3YZBX,60 m² Appartement ∙ 1 chambre ∙ 2 personnes,Saas Grund - Valais
17/09/2024,15/03/2025,22/03/2025,1432.04,HJ3YZBX,60 m² Appartement ∙ 1 chambre ∙ 2 personnes,Saas Grund - Valais
17/09/2024,22/03/2025,29/03/2025,1432.04,HJ3YZBX,60 m² Appartement ∙ 1 chambre ∙ 2 personnes,Saas Grund - Valais
17/09/2024,29/03/2025,05/04/2025,1432.04,HJ3YZBX,60 m² Appartement ∙ 1 chambre ∙ 2 personnes,Saas Grund - Valais
17/09/2024,05/04/2025,12/04/2025,1432.04,HJ3YZBX,60 m² Appartement ∙ 1 chambre ∙ 2 personnes,Saas Grund - Valais
17/09/2024,12/04/2025,19/04/2025,1582.03,HJ3YZBX,60 m² Appartement ∙ 1 chambre ∙ 2 personnes,Saas Grund - Valais
17/09/2024,19/04/2025,26/04/2025,1304.77,HJ3YZBX,60 m² Appartement ∙ 1 chambre ∙ 2 personnes,Saas Grund - Valais
17/09/2024,26/04/2025,03/05/2025,1113.88,HJ3YZBX,60 m² Appartement ∙ 1 chambre ∙ 2 personnes,Saas Grund - Valais
17/09/2024,03/05/2025,10/05/2025,1113.88,HJ3YZBX,60 m² Appartement ∙ 1 chambre ∙ 2 personnes,Saas Grund - Valais
17/09/2024,10/05/2025,17/05/2025,1113.88,HJ3YZBX,60 m² Appartement ∙ 1 chambre ∙ 2 personnes,Saas Grund - Valais
17/09/2024,21/09/2024,28/09/2024,1185.34,HXRNA78,60 m² Appartement ∙ 1 chambre ∙ 5 personnes,Saas Fee - Valais
17/09/2024,05/10/2024,12/10/2024,1185.34,HXRNA78,60 m² Appartement ∙ 1 chambre ∙ 5 personnes,Saas Fee - Valais
17/09/2024,12/10/2024,19/10/2024,1185.34,HXRNA78,60 m² Appartement ∙ 1 chambre ∙ 5 personnes,Saas Fee - Valais
17/09/2024,19/10/2024,26/10/2024,1185.34,HXRNA78,60 m² Appartement ∙ 1 chambre ∙ 5 personnes,Saas Fee - Valais
17/09/2024,26/10/2024,02/11/2024,1185.34,HXRNA78,60 m² Appartement ∙ 1 chambre ∙ 5 personnes,Saas Fee - Valais
17/09/2024,02/11/2024,09/11/2024,1185.34,HXRNA78,60 m² Appartement ∙ 1 chambre ∙ 5 personnes,Saas Fee - Valais
17/09/2024,09/11/2024,16/11/2024,1185.34,HXRNA78,60 m² Appartement ∙ 1 chambre ∙ 5 personnes,Saas Fee - Valais
17/09/2024,16/11/2024,23/11/2024,1185.34,HXRNA78,60 m² Appartement ∙ 1 chambre ∙ 5 personnes,Saas Fee - Valais
17/09/2024,23/11/2024,30/11/2024,1185.34,HXRNA78,60 m² Appartement ∙ 1 chambre ∙ 5 personnes,Saas Fee - Valais
17/09/2024,30/11/2024,07/12/2024,1185.34,HXRNA78,60 m² Appartement ∙ 1 chambre ∙ 5 personnes,Saas Fee - Valais
17/09/2024,07/12/2024,14/12/2024,1185.34,HXRNA78,60 m² Appartement ∙ 1 chambre ∙ 5 personnes,Saas Fee - Valais
17/09/2024,14/12/2024,21/12/2024,1463.73,HXRNA78,60 m² Appartement ∙ 1 chambre ∙ 5 personnes,Saas Fee - Valais
17/09/2024,21/12/2024,28/12/2024,1861.44,HXRNA78,60 m² Appartement ∙ 1 chambre ∙ 5 personnes,Saas Fee - Valais
17/09/2024,04/01/2025,11/01/2025,1463.73,HXRNA78,60 m² Appartement ∙ 1 chambre ∙ 5 personnes,Saas Fee - Valais
17/09/2024,11/01/2025,18/01/2025,1185.34,HXRNA78,60 m² Appartement ∙ 1 chambre ∙ 5 personnes,Saas Fee - Valais
17/09/2024,18/01/2025,25/01/2025,1185.34,HXRNA78,60 m² Appartement ∙ 1 chambre ∙ 5 personnes,Saas Fee - Valais
17/09/2024,25/01/2025,01/02/2025,1583.04,HXRNA78,60 m² Appartement ∙ 1 chambre ∙ 5 personnes,Saas Fee - Valais
17/09/2024,01/02/2025,08/02/2025,1583.04,HXRNA78,60 m² Appartement ∙ 1 chambre ∙ 5 personnes,Saas Fee - Valais
17/09/2024,08/02/2025,15/02/2025,1861.44,HXRNA78,60 m² Appartement ∙ 1 chambre ∙ 5 personnes,Saas Fee - Valais
17/09/2024,22/02/2025,01/03/2025,1861.44,HXRNA78,60 m² Appartement ∙ 1 chambre ∙ 5 personnes,Saas Fee - Valais
17/09/2024,01/03/2025,08/03/2025,1861.44,HXRNA78,60 m² Appartement ∙ 1 chambre ∙ 5 personnes,Saas Fee - Valais
17/09/2024,08/03/2025,15/03/2025,1583.04,HXRNA78,60 m² Appartement ∙ 1 chambre ∙ 5 personnes,Saas Fee - Valais
17/09/2024,15/03/2025,22/03/2025,1463.73,HXRNA78,60 m² Appartement ∙ 1 chambre ∙ 5 personnes,Saas Fee - Valais
17/09/2024,22/03/2025,29/03/2025,1463.73,HXRNA78,60 m² Appartement ∙ 1 chambre ∙ 5 personnes,Saas Fee - Valais
17/09/2024,29/03/2025,05/04/2025,1463.73,HXRNA78,60 m² Appartement ∙ 1 chambre ∙ 5 personnes,Saas Fee - Valais
17/09/2024,05/04/2025,12/04/2025,1463.73,HXRNA78,60 m² Appartement ∙ 1 chambre ∙ 5 personnes,Saas Fee - Valais
17/09/2024,12/04/2025,19/04/2025,1583.04,HXRNA78,60 m² Appartement ∙ 1 chambre ∙ 5 personnes,Saas Fee - Valais
17/09/2024,19/04/2025,26/04/2025,1583.04,HXRNA78,60 m² Appartement ∙ 1 chambre ∙ 5 personnes,Saas Fee - Valais
18/09/2024,23/11/2024,30/11/2024,795.20,H9KTZDE,60 m² Appartement ∙ 1 chambre ∙ 4 personnes,Sion - Valais
18/09/2024,07/12/2024,14/12/2024,760.38,H9KTZDE,60 m² Appartement ∙ 1 chambre ∙ 4 personnes,Sion - Valais
18/09/2024,14/12/2024,21/12/2024,947.61,H9KTZDE,60 m² Appartement ∙ 1 chambre ∙ 4 personnes,Sion - Valais
18/09/2024,21/12/2024,28/12/2024,1469.07,H9KTZDE,60 m² Appartement ∙ 1 chambre ∙ 4 personnes,Sion - Valais
18/09/2024,18/01/2025,25/01/2025,688.25,H9KTZDE,60 m² Appartement ∙ 1 chambre ∙ 4 personnes,Sion - Valais
18/09/2024,25/01/2025,01/02/2025,953.21,H9KTZDE,60 m² Appartement ∙ 1 chambre ∙ 4 personnes,Sion - Valais
18/09/2024,01/02/2025,08/02/2025,1144.32,H9KTZDE,60 m² Appartement ∙ 1 chambre ∙ 4 personnes,Sion - Valais
18/09/2024,08/02/2025,15/02/2025,1132.29,H9KTZDE,60 m² Appartement ∙ 1 chambre ∙ 4 personnes,Sion - Valais
18/09/2024,22/02/2025,01/03/2025,1028.55,H9KTZDE,60 m² Appartement ∙ 1 chambre ∙ 4 personnes,Sion - Valais
18/09/2024,08/03/2025,15/03/2025,790.74,H9KTZDE,60 m² Appartement ∙ 1 chambre ∙ 4 personnes,Sion - Valais
18/09/2024,15/03/2025,22/03/2025,701.22,H9KTZDE,60 m² Appartement ∙ 1 chambre ∙ 4 personnes,Sion - Valais
18/09/2024,22/03/2025,29/03/2025,636.12,H9KTZDE,60 m² Appartement ∙ 1 chambre ∙ 4 personnes,Sion - Valais
18/09/2024,12/04/2025,19/04/2025,954.47,H9KTZDE,60 m² Appartement ∙ 1 chambre ∙ 4 personnes,Sion - Valais
18/09/2024,19/04/2025,26/04/2025,978.03,H9KTZDE,60 m² Appartement ∙ 1 chambre ∙ 4 personnes,Sion - Valais
18/09/2024,26/04/2025,03/05/2025,874.17,H9KTZDE,60 m² Appartement ∙ 1 chambre ∙ 4 personnes,Sion - Valais
18/09/2024,03/05/2025,10/05/2025,934.65,H9KTZDE,60 m² Appartement ∙ 1 chambre ∙ 4 personnes,Sion - Valais
18/09/2024,10/05/2025,17/05/2025,956.97,H9KTZDE,60 m² Appartement ∙ 1 chambre ∙ 4 personnes,Sion - Valais
18/09/2024,21/09/2024,28/09/2024,1195.49,HC4EYZ9,85 m² Appartement ∙ 3 chambres ∙ 6 personnes,Saas Grund - Valais
18/09/2024,28/09/2024,05/10/2024,1195.49,HC4EYZ9,85 m² Appartement ∙ 3 chambres ∙ 6 personnes,Saas Grund - Valais
18/09/2024,05/10/2024,12/10/2024,1196.29,HC4EYZ9,85 m² Appartement ∙ 3 chambres ∙ 6 personnes,Saas Grund - Valais
18/09/2024,12/10/2024,19/10/2024,1195.49,HC4EYZ9,85 m² Appartement ∙ 3 chambres ∙ 6 personnes,Saas Grund - Valais
18/09/2024,19/10/2024,26/10/2024,1195.49,HC4EYZ9,85 m² Appartement ∙ 3 chambres ∙ 6 personnes,Saas Grund - Valais
18/09/2024,26/10/2024,02/11/2024,1196.29,HC4EYZ9,85 m² Appartement ∙ 3 chambres ∙ 6 personnes,Saas Grund - Valais
18/09/2024,02/11/2024,09/11/2024,1115.81,HC4EYZ9,85 m² Appartement ∙ 3 chambres ∙ 6 personnes,Saas Grund - Valais
18/09/2024,09/11/2024,16/11/2024,1115.81,HC4EYZ9,85 m² Appartement ∙ 3 chambres ∙ 6 personnes,Saas Grund - Valais
18/09/2024,16/11/2024,23/11/2024,1115.81,HC4EYZ9,85 m² Appartement ∙ 3 chambres ∙ 6 personnes,Saas Grund - Valais
18/09/2024,23/11/2024,30/11/2024,1115.81,HC4EYZ9,85 m² Appartement ∙ 3 chambres ∙ 6 personnes,Saas Grund - Valais
18/09/2024,30/11/2024,07/12/2024,1116.55,HC4EYZ9,85 m² Appartement ∙ 3 chambres ∙ 6 personnes,Saas Grund - Valais
18/09/2024,07/12/2024,14/12/2024,1116.55,HC4EYZ9,85 m² Appartement ∙ 3 chambres ∙ 6 personnes,Saas Grund - Valais
18/09/2024,14/12/2024,21/12/2024,1320.71,HC4EYZ9,85 m² Appartement ∙ 3 chambres ∙ 6 personnes,Saas Grund - Valais
18/09/2024,21/12/2024,28/12/2024,2153.16,HC4EYZ9,85 m² Appartement ∙ 3 chambres ∙ 6 personnes,Saas Grund - Valais
18/09/2024,04/01/2025,11/01/2025,1195.49,HC4EYZ9,85 m² Appartement ∙ 3 chambres ∙ 6 personnes,Saas Grund - Valais
18/09/2024,11/01/2025,18/01/2025,1195.49,HC4EYZ9,85 m² Appartement ∙ 3 chambres ∙ 6 personnes,Saas Grund - Valais
18/09/2024,18/01/2025,25/01/2025,1195.49,HC4EYZ9,85 m² Appartement ∙ 3 chambres ∙ 6 personnes,Saas Grund - Valais
18/09/2024,08/03/2025,15/03/2025,1276.03,HC4EYZ9,85 m² Appartement ∙ 3 chambres ∙ 6 personnes,Saas Grund - Valais
18/09/2024,15/03/2025,22/03/2025,1275.18,HC4EYZ9,85 m² Appartement ∙ 3 chambres ∙ 6 personnes,Saas Grund - Valais
18/09/2024,22/03/2025,29/03/2025,1274.51,HC4EYZ9,85 m² Appartement ∙ 3 chambres ∙ 6 personnes,Saas Grund - Valais
18/09/2024,29/03/2025,05/04/2025,1274.51,HC4EYZ9,85 m² Appartement ∙ 3 chambres ∙ 6 personnes,Saas Grund - Valais
18/09/2024,05/04/2025,12/04/2025,1274.51,HC4EYZ9,85 m² Appartement ∙ 3 chambres ∙ 6 personnes,Saas Grund - Valais
18/09/2024,26/04/2025,03/05/2025,1524.82,HC4EYZ9,85 m² Appartement ∙ 3 chambres ∙ 6 personnes,Saas Grund - Valais
18/09/2024,03/05/2025,10/05/2025,2150.59,HC4EYZ9,85 m² Appartement ∙ 3 chambres ∙ 6 personnes,Saas Grund - Valais
18/09/2024,10/05/2025,17/05/2025,2150.59,HC4EYZ9,85 m² Appartement ∙ 3 chambres ∙ 6 personnes,Saas Grund - Valais
18/09/2024,05/10/2024,12/10/2024,1170.00,H4YM8EL,100 m² Maison de vacances ∙ 3 chambres ∙ 6 personnes,Bürchen - Valais
18/09/2024,12/10/2024,19/10/2024,1170.00,H4YM8EL,100 m² Maison de vacances ∙ 3 chambres ∙ 6 personnes,Bürchen - Valais
18/09/2024,26/10/2024,02/11/2024,1170.00,H4YM8EL,100 m² Maison de vacances ∙ 3 chambres ∙ 6 personnes,Bürchen - Valais
18/09/2024,02/11/2024,09/11/2024,1170.00,H4YM8EL,100 m² Maison de vacances ∙ 3 chambres ∙ 6 personnes,Bürchen - Valais
18/09/2024,09/11/2024,16/11/2024,1170.00,H4YM8EL,100 m² Maison de vacances ∙ 3 chambres ∙ 6 personnes,Bürchen - Valais
18/09/2024,16/11/2024,23/11/2024,1170.00,H4YM8EL,100 m² Maison de vacances ∙ 3 chambres ∙ 6 personnes,Bürchen - Valais
18/09/2024,23/11/2024,30/11/2024,1170.00,H4YM8EL,100 m² Maison de vacances ∙ 3 chambres ∙ 6 personnes,Bürchen - Valais
18/09/2024,30/11/2024,07/12/2024,1170.00,H4YM8EL,100 m² Maison de vacances ∙ 3 chambres ∙ 6 personnes,Bürchen - Valais
18/09/2024,07/12/2024,14/12/2024,1170.00,H4YM8EL,100 m² Maison de vacances ∙ 3 chambres ∙ 6 personnes,Bürchen - Valais
18/09/2024,14/12/2024,21/12/2024,1278.00,H4YM8EL,100 m² Maison de vacances ∙ 3 chambres ∙ 6 personnes,Bürchen - Valais
18/09/2024,11/01/2025,18/01/2025,1807.00,H4YM8EL,100 m² Maison de vacances ∙ 3 chambres ∙ 6 personnes,Bürchen - Valais
18/09/2024,18/01/2025,25/01/2025,1807.00,H4YM8EL,100 m² Maison de vacances ∙ 3 chambres ∙ 6 personnes,Bürchen - Valais
18/09/2024,15/03/2025,22/03/2025,1278.00,H4YM8EL,100 m² Maison de vacances ∙ 3 chambres ∙ 6 personnes,Bürchen - Valais
18/09/2024,22/03/2025,29/03/2025,1170.00,H4YM8EL,100 m² Maison de vacances ∙ 3 chambres ∙ 6 personnes,Bürchen - Valais
18/09/2024,29/03/2025,05/04/2025,1170.00,H4YM8EL,100 m² Maison de vacances ∙ 3 chambres ∙ 6 personnes,Bürchen - Valais
18/09/2024,05/04/2025,12/04/2025,1170.00,H4YM8EL,100 m² Maison de vacances ∙ 3 chambres ∙ 6 personnes,Bürchen - Valais
18/09/2024,12/04/2025,19/04/2025,1278.00,H4YM8EL,100 m² Maison de vacances ∙ 3 chambres ∙ 6 personnes,Bürchen - Valais
18/09/2024,19/04/2025,26/04/2025,1278.00,H4YM8EL,100 m² Maison de vacances ∙ 3 chambres ∙ 6 personnes,Bürchen - Valais
18/09/2024,26/04/2025,03/05/2025,1170.00,H4YM8EL,100 m² Maison de vacances ∙ 3 chambres ∙ 6 personnes,Bürchen - Valais
18/09/2024,03/05/2025,10/05/2025,1170.00,H4YM8EL,100 m² Maison de vacances ∙ 3 chambres ∙ 6 personnes,Bürchen - Valais
18/09/2024,10/05/2025,17/05/2025,1170.00,H4YM8EL,100 m² Maison de vacances ∙ 3 chambres ∙ 6 personnes,Bürchen - Valais
18/09/2024,21/09/2024,28/09/2024,655.00,HK1YZSM,Aragon T100,Aragon T100Ernen - Valais
18/09/2024,09/11/2024,16/11/2024,823.00,HK1YZSM,Aragon T100,Aragon T100Ernen - Valais
18/09/2024,16/11/2024,23/11/2024,823.00,HK1YZSM,Aragon T100,Aragon T100Ernen - Valais
18/09/2024,23/11/2024,30/11/2024,823.00,HK1YZSM,Aragon T100,Aragon T100Ernen - Valais
18/09/2024,30/11/2024,07/12/2024,823.00,HK1YZSM,Aragon T100,Aragon T100Ernen - Valais
18/09/2024,07/12/2024,14/12/2024,823.00,HK1YZSM,Aragon T100,Aragon T100Ernen - Valais
18/09/2024,14/12/2024,21/12/2024,1051.00,HK1YZSM,Aragon T100,Aragon T100Ernen - Valais
18/09/2024,04/01/2025,11/01/2025,1051.00,HK1YZSM,Aragon T100,Aragon T100Ernen - Valais
18/09/2024,18/01/2025,25/01/2025,1051.00,HK1YZSM,Aragon T100,Aragon T100Ernen - Valais
18/09/2024,01/02/2025,08/02/2025,1430.00,HK1YZSM,Aragon T100,Aragon T100Ernen - Valais
18/09/2024,22/02/2025,01/03/2025,1430.00,HK1YZSM,Aragon T100,Aragon T100Ernen - Valais
18/09/2024,01/03/2025,08/03/2025,1278.00,HK1YZSM,Aragon T100,Aragon T100Ernen - Valais
18/09/2024,08/03/2025,15/03/2025,1051.00,HK1YZSM,Aragon T100,Aragon T100Ernen - Valais
18/09/2024,15/03/2025,22/03/2025,823.00,HK1YZSM,Aragon T100,Aragon T100Ernen - Valais
18/09/2024,22/03/2025,29/03/2025,823.00,HK1YZSM,Aragon T100,Aragon T100Ernen - Valais
18/09/2024,29/03/2025,05/04/2025,823.00,HK1YZSM,Aragon T100,Aragon T100Ernen - Valais
18/09/2024,26/04/2025,03/05/2025,823.00,HK1YZSM,Aragon T100,Aragon T100Ernen - Valais
18/09/2024,03/05/2025,10/05/2025,823.00,HK1YZSM,Aragon T100,Aragon T100Ernen - Valais
18/09/2024,10/05/2025,17/05/2025,823.00,HK1YZSM,Aragon T100,Aragon T100Ernen - Valais
18/09/2024,21/09/2024,28/09/2024,457.00,HZEHG9R,Dixence 204,Dixence 204Vex - Valais
18/09/2024,28/09/2024,05/10/2024,457.00,HZEHG9R,Dixence 204,Dixence 204Vex - Valais
18/09/2024,05/10/2024,12/10/2024,457.00,HZEHG9R,Dixence 204,Dixence 204Vex - Valais
18/09/2024,12/10/2024,19/10/2024,457.00,HZEHG9R,Dixence 204,Dixence 204Vex - Valais
18/09/2024,19/10/2024,26/10/2024,457.00,HZEHG9R,Dixence 204,Dixence 204Vex - Valais
18/09/2024,12/10/2024,19/10/2024,820.40,HFUWBGP,53 m² Appartement ∙ 2 chambres ∙ 4 personnes,Saas Fee - Valais
18/09/2024,19/10/2024,26/10/2024,820.40,HFUWBGP,53 m² Appartement ∙ 2 chambres ∙ 4 personnes,Saas Fee - Valais
18/09/2024,26/10/2024,02/11/2024,820.40,HFUWBGP,53 m² Appartement ∙ 2 chambres ∙ 4 personnes,Saas Fee - Valais
18/09/2024,02/11/2024,09/11/2024,820.40,HFUWBGP,53 m² Appartement ∙ 2 chambres ∙ 4 personnes,Saas Fee - Valais
18/09/2024,09/11/2024,16/11/2024,820.40,HFUWBGP,53 m² Appartement ∙ 2 chambres ∙ 4 personnes,Saas Fee - Valais
18/09/2024,16/11/2024,23/11/2024,820.40,HFUWBGP,53 m² Appartement ∙ 2 chambres ∙ 4 personnes,Saas Fee - Valais
18/09/2024,23/11/2024,30/11/2024,820.40,HFUWBGP,53 m² Appartement ∙ 2 chambres ∙ 4 personnes,Saas Fee - Valais
18/09/2024,30/11/2024,07/12/2024,820.40,HFUWBGP,53 m² Appartement ∙ 2 chambres ∙ 4 personnes,Saas Fee - Valais
18/09/2024,07/12/2024,14/12/2024,820.40,HFUWBGP,53 m² Appartement ∙ 2 chambres ∙ 4 personnes,Saas Fee - Valais
18/09/2024,14/12/2024,21/12/2024,1178.83,HFUWBGP,53 m² Appartement ∙ 2 chambres ∙ 4 personnes,Saas Fee - Valais
18/09/2024,11/01/2025,18/01/2025,820.40,HFUWBGP,53 m² Appartement ∙ 2 chambres ∙ 4 personnes,Saas Fee - Valais
18/09/2024,18/01/2025,25/01/2025,820.40,HFUWBGP,53 m² Appartement ∙ 2 chambres ∙ 4 personnes,Saas Fee - Valais
18/09/2024,15/03/2025,22/03/2025,1178.83,HFUWBGP,53 m² Appartement ∙ 2 chambres ∙ 4 personnes,Saas Fee - Valais
18/09/2024,12/04/2025,19/04/2025,1616.91,HFUWBGP,53 m² Appartement ∙ 2 chambres ∙ 4 personnes,Saas Fee - Valais
18/09/2024,19/04/2025,26/04/2025,1616.91,HFUWBGP,53 m² Appartement ∙ 2 chambres ∙ 4 personnes,Saas Fee - Valais
18/09/2024,04/01/2025,11/01/2025,677.03,HEYWASV,38 m² Appartement ∙ 1 chambre ∙ 2 personnes,Saas Fee - Valais
18/09/2024,11/01/2025,18/01/2025,677.03,HEYWASV,38 m² Appartement ∙ 1 chambre ∙ 2 personnes,Saas Fee - Valais
18/09/2024,18/01/2025,25/01/2025,677.03,HEYWASV,38 m² Appartement ∙ 1 chambre ∙ 2 personnes,Saas Fee - Valais
18/09/2024,25/01/2025,01/02/2025,756.68,HEYWASV,38 m² Appartement ∙ 1 chambre ∙ 2 personnes,Saas Fee - Valais
18/09/2024,05/10/2024,12/10/2024,669.96,HAF0SC1,Appartement ∙ 5 personnes,Grächen - Valais
18/09/2024,12/10/2024,19/10/2024,669.96,HAF0SC1,Appartement ∙ 5 personnes,Grächen - Valais
18/09/2024,19/10/2024,26/10/2024,669.96,HAF0SC1,Appartement ∙ 5 personnes,Grächen - Valais
18/09/2024,04/01/2025,11/01/2025,595.52,HAF0SC1,Appartement ∙ 5 personnes,Grächen - Valais
18/09/2024,11/01/2025,18/01/2025,595.52,HAF0SC1,Appartement ∙ 5 personnes,Grächen - Valais
18/09/2024,18/01/2025,25/01/2025,595.52,HAF0SC1,Appartement ∙ 5 personnes,Grächen - Valais
18/09/2024,25/01/2025,01/02/2025,1116.59,HAF0SC1,Appartement ∙ 5 personnes,Grächen - Valais
18/09/2024,01/03/2025,08/03/2025,1116.59,HAF0SC1,Appartement ∙ 5 personnes,Grächen - Valais
18/09/2024,08/03/2025,15/03/2025,669.96,HAF0SC1,Appartement ∙ 5 personnes,Grächen - Valais
18/09/2024,15/03/2025,22/03/2025,669.96,HAF0SC1,Appartement ∙ 5 personnes,Grächen - Valais
18/09/2024,22/03/2025,29/03/2025,669.96,HAF0SC1,Appartement ∙ 5 personnes,Grächen - Valais
18/09/2024,29/03/2025,05/04/2025,669.96,HAF0SC1,Appartement ∙ 5 personnes,Grächen - Valais
18/09/2024,05/04/2025,12/04/2025,669.96,HAF0SC1,Appartement ∙ 5 personnes,Grächen - Valais
18/09/2024,12/04/2025,19/04/2025,669.96,HAF0SC1,Appartement ∙ 5 personnes,Grächen - Valais
18/09/2024,19/04/2025,26/04/2025,669.96,HAF0SC1,Appartement ∙ 5 personnes,Grächen - Valais
18/09/2024,09/11/2024,16/11/2024,1867.00,HL32W59,120 m² Maison de vacances ∙ 4 chambres ∙ 8 personnes,Nendaz - Valais
18/09/2024,16/11/2024,23/11/2024,1867.00,HL32W59,120 m² Maison de vacances ∙ 4 chambres ∙ 8 personnes,Nendaz - Valais
18/09/2024,23/11/2024,30/11/2024,1867.00,HL32W59,120 m² Maison de vacances ∙ 4 chambres ∙ 8 personnes,Nendaz - Valais
18/09/2024,30/11/2024,07/12/2024,1867.00,HL32W59,120 m² Maison de vacances ∙ 4 chambres ∙ 8 personnes,Nendaz - Valais
18/09/2024,07/12/2024,14/12/2024,1867.00,HL32W59,120 m² Maison de vacances ∙ 4 chambres ∙ 8 personnes,Nendaz - Valais
18/09/2024,14/12/2024,21/12/2024,1867.00,HL32W59,120 m² Maison de vacances ∙ 4 chambres ∙ 8 personnes,Nendaz - Valais
18/09/2024,04/01/2025,11/01/2025,2261.00,HL32W59,120 m² Maison de vacances ∙ 4 chambres ∙ 8 personnes,Nendaz - Valais
18/09/2024,11/01/2025,18/01/2025,2261.00,HL32W59,120 m² Maison de vacances ∙ 4 chambres ∙ 8 personnes,Nendaz - Valais
18/09/2024,18/01/2025,25/01/2025,2261.00,HL32W59,120 m² Maison de vacances ∙ 4 chambres ∙ 8 personnes,Nendaz - Valais
18/09/2024,25/01/2025,01/02/2025,2784.00,HL32W59,120 m² Maison de vacances ∙ 4 chambres ∙ 8 personnes,Nendaz - Valais
18/09/2024,01/02/2025,08/02/2025,2900.00,HL32W59,120 m² Maison de vacances ∙ 4 chambres ∙ 8 personnes,Nendaz - Valais
18/09/2024,08/02/2025,15/02/2025,3021.00,HL32W59,120 m² Maison de vacances ∙ 4 chambres ∙ 8 personnes,Nendaz - Valais
18/09/2024,29/03/2025,05/04/2025,1867.00,HL32W59,120 m² Maison de vacances ∙ 4 chambres ∙ 8 personnes,Nendaz - Valais
18/09/2024,03/05/2025,10/05/2025,1867.00,HL32W59,120 m² Maison de vacances ∙ 4 chambres ∙ 8 personnes,Nendaz - Valais
18/09/2024,10/05/2025,17/05/2025,1867.00,HL32W59,120 m² Maison de vacances ∙ 4 chambres ∙ 8 personnes,Nendaz - Valais
18/09/2024,09/11/2024,16/11/2024,1042.23,H1YFGHS,Appartement ∙ 4 chambres ∙ 10 personnes,Grächen - Valais
18/09/2024,07/12/2024,14/12/2024,1052.87,H1YFGHS,Appartement ∙ 4 chambres ∙ 10 personnes,Grächen - Valais
18/09/2024,29/03/2025,05/04/2025,850.80,H1YFGHS,Appartement ∙ 4 chambres ∙ 10 personnes,Grächen - Valais
18/09/2024,05/04/2025,12/04/2025,818.89,H1YFGHS,Appartement ∙ 4 chambres ∙ 10 personnes,Grächen - Valais
18/09/2024,12/04/2025,19/04/2025,840.16,H1YFGHS,Appartement ∙ 4 chambres ∙ 10 personnes,Grächen - Valais
18/09/2024,19/04/2025,26/04/2025,850.80,H1YFGHS,Appartement ∙ 4 chambres ∙ 10 personnes,Grächen - Valais
18/09/2024,26/04/2025,03/05/2025,818.89,H1YFGHS,Appartement ∙ 4 chambres ∙ 10 personnes,Grächen - Valais
18/09/2024,21/09/2024,28/09/2024,666.00,H1F27BJ,77 m² Appartement ∙ 2 chambres ∙ 4 personnes,Crans-Montana - Valais
18/09/2024,28/09/2024,05/10/2024,666.00,H1F27BJ,77 m² Appartement ∙ 2 chambres ∙ 4 personnes,Crans-Montana - Valais
18/09/2024,05/10/2024,12/10/2024,708.00,H1F27BJ,77 m² Appartement ∙ 2 chambres ∙ 4 personnes,Crans-Montana - Valais
18/09/2024,12/10/2024,19/10/2024,708.00,H1F27BJ,77 m² Appartement ∙ 2 chambres ∙ 4 personnes,Crans-Montana - Valais
18/09/2024,19/10/2024,26/10/2024,839.00,H1F27BJ,77 m² Appartement ∙ 2 chambres ∙ 4 personnes,Crans-Montana - Valais
18/09/2024,26/10/2024,02/11/2024,839.00,H1F27BJ,77 m² Appartement ∙ 2 chambres ∙ 4 personnes,Crans-Montana - Valais
18/09/2024,02/11/2024,09/11/2024,866.00,H1F27BJ,77 m² Appartement ∙ 2 chambres ∙ 4 personnes,Crans-Montana - Valais
18/09/2024,09/11/2024,16/11/2024,866.00,H1F27BJ,77 m² Appartement ∙ 2 chambres ∙ 4 personnes,Crans-Montana - Valais
18/09/2024,16/11/2024,23/11/2024,866.00,H1F27BJ,77 m² Appartement ∙ 2 chambres ∙ 4 personnes,Crans-Montana - Valais
18/09/2024,23/11/2024,30/11/2024,866.00,H1F27BJ,77 m² Appartement ∙ 2 chambres ∙ 4 personnes,Crans-Montana - Valais
18/09/2024,30/11/2024,07/12/2024,866.00,H1F27BJ,77 m² Appartement ∙ 2 chambres ∙ 4 personnes,Crans-Montana - Valais
18/09/2024,07/12/2024,14/12/2024,866.00,H1F27BJ,77 m² Appartement ∙ 2 chambres ∙ 4 personnes,Crans-Montana - Valais
18/09/2024,14/12/2024,21/12/2024,866.00,H1F27BJ,77 m² Appartement ∙ 2 chambres ∙ 4 personnes,Crans-Montana - Valais
18/09/2024,21/12/2024,28/12/2024,1821.00,H1F27BJ,77 m² Appartement ∙ 2 chambres ∙ 4 personnes,Crans-Montana - Valais
18/09/2024,04/01/2025,11/01/2025,1048.00,H1F27BJ,77 m² Appartement ∙ 2 chambres ∙ 4 personnes,Crans-Montana - Valais
18/09/2024,08/02/2025,15/02/2025,1532.00,H1F27BJ,77 m² Appartement ∙ 2 chambres ∙ 4 personnes,Crans-Montana - Valais
18/09/2024,15/02/2025,22/02/2025,1821.00,H1F27BJ,77 m² Appartement ∙ 2 chambres ∙ 4 personnes,Crans-Montana - Valais
18/09/2024,22/02/2025,01/03/2025,1821.00,H1F27BJ,77 m² Appartement ∙ 2 chambres ∙ 4 personnes,Crans-Montana - Valais
18/09/2024,01/03/2025,08/03/2025,1532.00,H1F27BJ,77 m² Appartement ∙ 2 chambres ∙ 4 personnes,Crans-Montana - Valais
18/09/2024,29/03/2025,05/04/2025,866.00,H1F27BJ,77 m² Appartement ∙ 2 chambres ∙ 4 personnes,Crans-Montana - Valais
18/09/2024,05/04/2025,12/04/2025,866.00,H1F27BJ,77 m² Appartement ∙ 2 chambres ∙ 4 personnes,Crans-Montana - Valais
18/09/2024,12/04/2025,19/04/2025,1048.00,H1F27BJ,77 m² Appartement ∙ 2 chambres ∙ 4 personnes,Crans-Montana - Valais
18/09/2024,19/04/2025,26/04/2025,1048.00,H1F27BJ,77 m² Appartement ∙ 2 chambres ∙ 4 personnes,Crans-Montana - Valais
18/09/2024,26/04/2025,03/05/2025,866.00,H1F27BJ,77 m² Appartement ∙ 2 chambres ∙ 4 personnes,Crans-Montana - Valais
18/09/2024,03/05/2025,10/05/2025,866.00,H1F27BJ,77 m² Appartement ∙ 2 chambres ∙ 4 personnes,Crans-Montana - Valais
18/09/2024,10/05/2025,17/05/2025,866.00,H1F27BJ,77 m² Appartement ∙ 2 chambres ∙ 4 personnes,Crans-Montana - Valais
18/09/2024,21/09/2024,28/09/2024,732.84,H7C0JN4,50 m² Appartement ∙ 1 chambre ∙ 4 personnes,Saas Grund - Valais
18/09/2024,28/09/2024,05/10/2024,732.84,H7C0JN4,50 m² Appartement ∙ 1 chambre ∙ 4 personnes,Saas Grund - Valais
18/09/2024,05/10/2024,12/10/2024,732.84,H7C0JN4,50 m² Appartement ∙ 1 chambre ∙ 4 personnes,Saas Grund - Valais
18/09/2024,12/10/2024,19/10/2024,732.84,H7C0JN4,50 m² Appartement ∙ 1 chambre ∙ 4 personnes,Saas Grund - Valais
18/09/2024,26/10/2024,02/11/2024,732.84,H7C0JN4,50 m² Appartement ∙ 1 chambre ∙ 4 personnes,Saas Grund - Valais
18/09/2024,02/11/2024,09/11/2024,1075.36,H7C0JN4,50 m² Appartement ∙ 1 chambre ∙ 4 personnes,Saas Grund - Valais
18/09/2024,09/11/2024,16/11/2024,1075.36,H7C0JN4,50 m² Appartement ∙ 1 chambre ∙ 4 personnes,Saas Grund - Valais
18/09/2024,16/11/2024,23/11/2024,1075.36,H7C0JN4,50 m² Appartement ∙ 1 chambre ∙ 4 personnes,Saas Grund - Valais
18/09/2024,23/11/2024,30/11/2024,1075.36,H7C0JN4,50 m² Appartement ∙ 1 chambre ∙ 4 personnes,Saas Grund - Valais
18/09/2024,30/11/2024,07/12/2024,1075.36,H7C0JN4,50 m² Appartement ∙ 1 chambre ∙ 4 personnes,Saas Grund - Valais
18/09/2024,07/12/2024,14/12/2024,1075.36,H7C0JN4,50 m² Appartement ∙ 1 chambre ∙ 4 personnes,Saas Grund - Valais
18/09/2024,14/12/2024,21/12/2024,1075.36,H7C0JN4,50 m² Appartement ∙ 1 chambre ∙ 4 personnes,Saas Grund - Valais
18/09/2024,02/11/2024,09/11/2024,677.22,HKX0698,60 m² Appartement ∙ 2 chambres ∙ 4 personnes,Saas Grund - Valais
18/09/2024,09/11/2024,16/11/2024,677.22,HKX0698,60 m² Appartement ∙ 2 chambres ∙ 4 personnes,Saas Grund - Valais
18/09/2024,16/11/2024,23/11/2024,677.22,HKX0698,60 m² Appartement ∙ 2 chambres ∙ 4 personnes,Saas Grund - Valais
18/09/2024,23/11/2024,30/11/2024,677.22,HKX0698,60 m² Appartement ∙ 2 chambres ∙ 4 personnes,Saas Grund - Valais
18/09/2024,30/11/2024,07/12/2024,995.91,HKX0698,60 m² Appartement ∙ 2 chambres ∙ 4 personnes,Saas Grund - Valais
18/09/2024,07/12/2024,14/12/2024,995.91,HKX0698,60 m² Appartement ∙ 2 chambres ∙ 4 personnes,Saas Grund - Valais
18/09/2024,14/12/2024,21/12/2024,995.91,HKX0698,60 m² Appartement ∙ 2 chambres ∙ 4 personnes,Saas Grund - Valais
18/09/2024,21/12/2024,28/12/2024,1593.46,HKX0698,60 m² Appartement ∙ 2 chambres ∙ 4 personnes,Saas Grund - Valais
18/09/2024,15/03/2025,22/03/2025,995.91,HKX0698,60 m² Appartement ∙ 2 chambres ∙ 4 personnes,Saas Grund - Valais
18/09/2024,05/04/2025,12/04/2025,995.91,HKX0698,60 m² Appartement ∙ 2 chambres ∙ 4 personnes,Saas Grund - Valais
18/09/2024,19/04/2025,26/04/2025,1075.59,HKX0698,60 m² Appartement ∙ 2 chambres ∙ 4 personnes,Saas Grund - Valais
18/09/2024,19/10/2024,26/10/2024,1690.26,H39VZ8K,45 m² Appartement ∙ 1 chambre ∙ 3 personnes,Savièse - Valais
18/09/2024,26/10/2024,02/11/2024,1690.26,H39VZ8K,45 m² Appartement ∙ 1 chambre ∙ 3 personnes,Savièse - Valais
18/09/2024,02/11/2024,09/11/2024,1690.26,H39VZ8K,45 m² Appartement ∙ 1 chambre ∙ 3 personnes,Savièse - Valais
18/09/2024,09/11/2024,16/11/2024,1690.26,H39VZ8K,45 m² Appartement ∙ 1 chambre ∙ 3 personnes,Savièse - Valais
18/09/2024,05/10/2024,12/10/2024,1752.82,HL7XUHF,161 m² Appartement ∙ 4 chambres ∙ 8 personnes,Saas Fee - Valais
18/09/2024,12/10/2024,19/10/2024,1752.82,HL7XUHF,161 m² Appartement ∙ 4 chambres ∙ 8 personnes,Saas Fee - Valais
18/09/2024,19/10/2024,26/10/2024,1752.82,HL7XUHF,161 m² Appartement ∙ 4 chambres ∙ 8 personnes,Saas Fee - Valais
18/09/2024,09/11/2024,16/11/2024,1752.82,HL7XUHF,161 m² Appartement ∙ 4 chambres ∙ 8 personnes,Saas Fee - Valais
18/09/2024,16/11/2024,23/11/2024,1752.82,HL7XUHF,161 m² Appartement ∙ 4 chambres ∙ 8 personnes,Saas Fee - Valais
18/09/2024,23/11/2024,30/11/2024,1752.82,HL7XUHF,161 m² Appartement ∙ 4 chambres ∙ 8 personnes,Saas Fee - Valais
18/09/2024,30/11/2024,07/12/2024,1957.69,HL7XUHF,161 m² Appartement ∙ 4 chambres ∙ 8 personnes,Saas Fee - Valais
18/09/2024,07/12/2024,14/12/2024,2014.60,HL7XUHF,161 m² Appartement ∙ 4 chambres ∙ 8 personnes,Saas Fee - Valais
18/09/2024,14/12/2024,21/12/2024,2151.19,HL7XUHF,161 m² Appartement ∙ 4 chambres ∙ 8 personnes,Saas Fee - Valais
18/09/2024,04/01/2025,11/01/2025,2151.19,HL7XUHF,161 m² Appartement ∙ 4 chambres ∙ 8 personnes,Saas Fee - Valais
18/09/2024,11/01/2025,18/01/2025,2151.19,HL7XUHF,161 m² Appartement ∙ 4 chambres ∙ 8 personnes,Saas Fee - Valais
18/09/2024,01/02/2025,08/02/2025,3505.64,HL7XUHF,161 m² Appartement ∙ 4 chambres ∙ 8 personnes,Saas Fee - Valais
18/09/2024,08/02/2025,15/02/2025,4382.04,HL7XUHF,161 m² Appartement ∙ 4 chambres ∙ 8 personnes,Saas Fee - Valais
18/09/2024,22/02/2025,01/03/2025,4382.04,HL7XUHF,161 m² Appartement ∙ 4 chambres ∙ 8 personnes,Saas Fee - Valais
18/09/2024,15/03/2025,22/03/2025,2390.21,HL7XUHF,161 m² Appartement ∙ 4 chambres ∙ 8 personnes,Saas Fee - Valais
18/09/2024,22/03/2025,29/03/2025,2390.21,HL7XUHF,161 m² Appartement ∙ 4 chambres ∙ 8 personnes,Saas Fee - Valais
18/09/2024,29/03/2025,05/04/2025,2390.21,HL7XUHF,161 m² Appartement ∙ 4 chambres ∙ 8 personnes,Saas Fee - Valais
18/09/2024,05/04/2025,12/04/2025,2390.21,HL7XUHF,161 m² Appartement ∙ 4 chambres ∙ 8 personnes,Saas Fee - Valais
18/09/2024,12/04/2025,19/04/2025,3266.62,HL7XUHF,161 m² Appartement ∙ 4 chambres ∙ 8 personnes,Saas Fee - Valais
18/09/2024,19/04/2025,26/04/2025,3266.62,HL7XUHF,161 m² Appartement ∙ 4 chambres ∙ 8 personnes,Saas Fee - Valais
18/09/2024,19/10/2024,26/10/2024,705.84,HFLHJUZ,75 m² Appartement ∙ 2 chambres ∙ 5 personnes,Nendaz - Valais
18/09/2024,02/11/2024,09/11/2024,686.26,HFLHJUZ,75 m² Appartement ∙ 2 chambres ∙ 5 personnes,Nendaz - Valais
18/09/2024,09/11/2024,16/11/2024,633.66,HFLHJUZ,75 m² Appartement ∙ 2 chambres ∙ 5 personnes,Nendaz - Valais
18/09/2024,16/11/2024,23/11/2024,633.66,HFLHJUZ,75 m² Appartement ∙ 2 chambres ∙ 5 personnes,Nendaz - Valais
18/09/2024,23/11/2024,30/11/2024,633.66,HFLHJUZ,75 m² Appartement ∙ 2 chambres ∙ 5 personnes,Nendaz - Valais
18/09/2024,14/12/2024,21/12/2024,881.99,HFLHJUZ,75 m² Appartement ∙ 2 chambres ∙ 5 personnes,Nendaz - Valais
18/09/2024,04/01/2025,11/01/2025,1531.56,HFLHJUZ,75 m² Appartement ∙ 2 chambres ∙ 5 personnes,Nendaz - Valais
18/09/2024,21/09/2024,28/09/2024,768.59,HL0W3JK,75 m² Appartement ∙ 2 chambres ∙ 5 personnes,Vex - Valais
18/09/2024,28/09/2024,05/10/2024,768.59,HL0W3JK,75 m² Appartement ∙ 2 chambres ∙ 5 personnes,Vex - Valais
18/09/2024,05/10/2024,12/10/2024,768.59,HL0W3JK,75 m² Appartement ∙ 2 chambres ∙ 5 personnes,Vex - Valais
18/09/2024,12/10/2024,19/10/2024,768.59,HL0W3JK,75 m² Appartement ∙ 2 chambres ∙ 5 personnes,Vex - Valais
18/09/2024,19/10/2024,26/10/2024,768.59,HL0W3JK,75 m² Appartement ∙ 2 chambres ∙ 5 personnes,Vex - Valais
18/09/2024,26/10/2024,02/11/2024,768.59,HL0W3JK,75 m² Appartement ∙ 2 chambres ∙ 5 personnes,Vex - Valais
18/09/2024,02/11/2024,09/11/2024,768.59,HL0W3JK,75 m² Appartement ∙ 2 chambres ∙ 5 personnes,Vex - Valais
18/09/2024,09/11/2024,16/11/2024,768.59,HL0W3JK,75 m² Appartement ∙ 2 chambres ∙ 5 personnes,Vex - Valais
18/09/2024,16/11/2024,23/11/2024,768.59,HL0W3JK,75 m² Appartement ∙ 2 chambres ∙ 5 personnes,Vex - Valais
18/09/2024,23/11/2024,30/11/2024,768.59,HL0W3JK,75 m² Appartement ∙ 2 chambres ∙ 5 personnes,Vex - Valais
18/09/2024,30/11/2024,07/12/2024,768.59,HL0W3JK,75 m² Appartement ∙ 2 chambres ∙ 5 personnes,Vex - Valais
18/09/2024,07/12/2024,14/12/2024,768.59,HL0W3JK,75 m² Appartement ∙ 2 chambres ∙ 5 personnes,Vex - Valais
18/09/2024,14/12/2024,21/12/2024,1219.50,HL0W3JK,75 m² Appartement ∙ 2 chambres ∙ 5 personnes,Vex - Valais
18/09/2024,21/12/2024,28/12/2024,1936.85,HL0W3JK,75 m² Appartement ∙ 2 chambres ∙ 5 personnes,Vex - Valais
18/09/2024,04/01/2025,11/01/2025,1219.45,HL0W3JK,75 m² Appartement ∙ 2 chambres ∙ 5 personnes,Vex - Valais
18/09/2024,08/02/2025,15/02/2025,1588.42,HL0W3JK,75 m² Appartement ∙ 2 chambres ∙ 5 personnes,Vex - Valais
18/09/2024,01/03/2025,08/03/2025,1936.85,HL0W3JK,75 m² Appartement ∙ 2 chambres ∙ 5 personnes,Vex - Valais
18/09/2024,08/03/2025,15/03/2025,1588.42,HL0W3JK,75 m² Appartement ∙ 2 chambres ∙ 5 personnes,Vex - Valais
18/09/2024,15/03/2025,22/03/2025,1219.50,HL0W3JK,75 m² Appartement ∙ 2 chambres ∙ 5 personnes,Vex - Valais
18/09/2024,22/03/2025,29/03/2025,1219.50,HL0W3JK,75 m² Appartement ∙ 2 chambres ∙ 5 personnes,Vex - Valais
18/09/2024,29/03/2025,05/04/2025,1219.50,HL0W3JK,75 m² Appartement ∙ 2 chambres ∙ 5 personnes,Vex - Valais
18/09/2024,05/04/2025,12/04/2025,1219.50,HL0W3JK,75 m² Appartement ∙ 2 chambres ∙ 5 personnes,Vex - Valais
18/09/2024,12/04/2025,19/04/2025,1219.50,HL0W3JK,75 m² Appartement ∙ 2 chambres ∙ 5 personnes,Vex - Valais
18/09/2024,19/04/2025,26/04/2025,1219.50,HL0W3JK,75 m² Appartement ∙ 2 chambres ∙ 5 personnes,Vex - Valais
18/09/2024,21/09/2024,28/09/2024,1340.30,HMDXU1S,Appartement ∙ 5 chambres ∙ 8 personnes,Grächen - Valais
18/09/2024,28/09/2024,05/10/2024,1340.30,HMDXU1S,Appartement ∙ 5 chambres ∙ 8 personnes,Grächen - Valais
18/09/2024,19/10/2024,26/10/2024,1042.46,HMDXU1S,Appartement ∙ 5 chambres ∙ 8 personnes,Grächen - Valais
18/09/2024,26/10/2024,02/11/2024,1042.46,HMDXU1S,Appartement ∙ 5 chambres ∙ 8 personnes,Grächen - Valais
18/09/2024,02/11/2024,09/11/2024,1042.46,HMDXU1S,Appartement ∙ 5 chambres ∙ 8 personnes,Grächen - Valais
18/09/2024,09/11/2024,16/11/2024,1042.41,HMDXU1S,Appartement ∙ 5 chambres ∙ 8 personnes,Grächen - Valais
18/09/2024,16/11/2024,23/11/2024,1042.46,HMDXU1S,Appartement ∙ 5 chambres ∙ 8 personnes,Grächen - Valais
18/09/2024,23/11/2024,30/11/2024,1042.41,HMDXU1S,Appartement ∙ 5 chambres ∙ 8 personnes,Grächen - Valais
18/09/2024,30/11/2024,07/12/2024,1042.46,HMDXU1S,Appartement ∙ 5 chambres ∙ 8 personnes,Grächen - Valais
18/09/2024,07/12/2024,14/12/2024,1042.41,HMDXU1S,Appartement ∙ 5 chambres ∙ 8 personnes,Grächen - Valais
18/09/2024,14/12/2024,21/12/2024,2010.45,HMDXU1S,Appartement ∙ 5 chambres ∙ 8 personnes,Grächen - Valais
18/09/2024,04/01/2025,11/01/2025,1824.30,HMDXU1S,Appartement ∙ 5 chambres ∙ 8 personnes,Grächen - Valais
18/09/2024,22/03/2025,29/03/2025,1824.30,HMDXU1S,Appartement ∙ 5 chambres ∙ 8 personnes,Grächen - Valais
18/09/2024,29/03/2025,05/04/2025,1824.30,HMDXU1S,Appartement ∙ 5 chambres ∙ 8 personnes,Grächen - Valais
18/09/2024,05/04/2025,12/04/2025,1824.30,HMDXU1S,Appartement ∙ 5 chambres ∙ 8 personnes,Grächen - Valais
18/09/2024,12/04/2025,19/04/2025,1824.30,HMDXU1S,Appartement ∙ 5 chambres ∙ 8 personnes,Grächen - Valais
18/09/2024,26/04/2025,03/05/2025,1191.38,HMDXU1S,Appartement ∙ 5 chambres ∙ 8 personnes,Grächen - Valais
18/09/2024,03/05/2025,10/05/2025,1191.38,HMDXU1S,Appartement ∙ 5 chambres ∙ 8 personnes,Grächen - Valais
18/09/2024,10/05/2025,17/05/2025,1191.32,HMDXU1S,Appartement ∙ 5 chambres ∙ 8 personnes,Grächen - Valais
18/09/2024,21/09/2024,28/09/2024,566.93,HM18HGK,43 m² Appartement ∙ 1 chambre ∙ 4 personnes,Saas Grund - Valais
18/09/2024,28/09/2024,05/10/2024,566.91,HM18HGK,43 m² Appartement ∙ 1 chambre ∙ 4 personnes,Saas Grund - Valais
18/09/2024,05/10/2024,12/10/2024,566.91,HM18HGK,43 m² Appartement ∙ 1 chambre ∙ 4 personnes,Saas Grund - Valais
18/09/2024,12/10/2024,19/10/2024,566.91,HM18HGK,43 m² Appartement ∙ 1 chambre ∙ 4 personnes,Saas Grund - Valais
18/09/2024,19/10/2024,26/10/2024,566.91,HM18HGK,43 m² Appartement ∙ 1 chambre ∙ 4 personnes,Saas Grund - Valais
18/09/2024,26/10/2024,02/11/2024,566.91,HM18HGK,43 m² Appartement ∙ 1 chambre ∙ 4 personnes,Saas Grund - Valais
18/09/2024,02/11/2024,09/11/2024,566.91,HM18HGK,43 m² Appartement ∙ 1 chambre ∙ 4 personnes,Saas Grund - Valais
18/09/2024,09/11/2024,16/11/2024,566.91,HM18HGK,43 m² Appartement ∙ 1 chambre ∙ 4 personnes,Saas Grund - Valais
18/09/2024,16/11/2024,23/11/2024,566.91,HM18HGK,43 m² Appartement ∙ 1 chambre ∙ 4 personnes,Saas Grund - Valais
18/09/2024,23/11/2024,30/11/2024,566.91,HM18HGK,43 m² Appartement ∙ 1 chambre ∙ 4 personnes,Saas Grund - Valais
18/09/2024,02/11/2024,09/11/2024,713.00,HANMVG2,50 m² Appartement ∙ 1 chambre ∙ 4 personnes,Nendaz - Valais
18/09/2024,09/11/2024,16/11/2024,713.00,HANMVG2,50 m² Appartement ∙ 1 chambre ∙ 4 personnes,Nendaz - Valais
18/09/2024,16/11/2024,23/11/2024,713.00,HANMVG2,50 m² Appartement ∙ 1 chambre ∙ 4 personnes,Nendaz - Valais
18/09/2024,23/11/2024,30/11/2024,713.00,HANMVG2,50 m² Appartement ∙ 1 chambre ∙ 4 personnes,Nendaz - Valais
18/09/2024,30/11/2024,07/12/2024,713.00,HANMVG2,50 m² Appartement ∙ 1 chambre ∙ 4 personnes,Nendaz - Valais
18/09/2024,07/12/2024,14/12/2024,713.00,HANMVG2,50 m² Appartement ∙ 1 chambre ∙ 4 personnes,Nendaz - Valais
18/09/2024,14/12/2024,21/12/2024,713.00,HANMVG2,50 m² Appartement ∙ 1 chambre ∙ 4 personnes,Nendaz - Valais
18/09/2024,21/12/2024,28/12/2024,1312.00,HANMVG2,50 m² Appartement ∙ 1 chambre ∙ 4 personnes,Nendaz - Valais
18/09/2024,04/01/2025,11/01/2025,911.00,HANMVG2,50 m² Appartement ∙ 1 chambre ∙ 4 personnes,Nendaz - Valais
18/09/2024,11/01/2025,18/01/2025,911.00,HANMVG2,50 m² Appartement ∙ 1 chambre ∙ 4 personnes,Nendaz - Valais
18/09/2024,18/01/2025,25/01/2025,911.00,HANMVG2,50 m² Appartement ∙ 1 chambre ∙ 4 personnes,Nendaz - Valais
18/09/2024,25/01/2025,01/02/2025,956.00,HANMVG2,50 m² Appartement ∙ 1 chambre ∙ 4 personnes,Nendaz - Valais
18/09/2024,01/02/2025,08/02/2025,1168.00,HANMVG2,50 m² Appartement ∙ 1 chambre ∙ 4 personnes,Nendaz - Valais
18/09/2024,08/02/2025,15/02/2025,1214.00,HANMVG2,50 m² Appartement ∙ 1 chambre ∙ 4 personnes,Nendaz - Valais
18/09/2024,01/03/2025,08/03/2025,1350.00,HANMVG2,50 m² Appartement ∙ 1 chambre ∙ 4 personnes,Nendaz - Valais
18/09/2024,08/03/2025,15/03/2025,911.00,HANMVG2,50 m² Appartement ∙ 1 chambre ∙ 4 personnes,Nendaz - Valais
18/09/2024,15/03/2025,22/03/2025,713.00,HANMVG2,50 m² Appartement ∙ 1 chambre ∙ 4 personnes,Nendaz - Valais
18/09/2024,22/03/2025,29/03/2025,713.00,HANMVG2,50 m² Appartement ∙ 1 chambre ∙ 4 personnes,Nendaz - Valais
18/09/2024,29/03/2025,05/04/2025,713.00,HANMVG2,50 m² Appartement ∙ 1 chambre ∙ 4 personnes,Nendaz - Valais
18/09/2024,05/04/2025,12/04/2025,713.00,HANMVG2,50 m² Appartement ∙ 1 chambre ∙ 4 personnes,Nendaz - Valais
18/09/2024,12/04/2025,19/04/2025,911.00,HANMVG2,50 m² Appartement ∙ 1 chambre ∙ 4 personnes,Nendaz - Valais
18/09/2024,19/04/2025,26/04/2025,911.00,HANMVG2,50 m² Appartement ∙ 1 chambre ∙ 4 personnes,Nendaz - Valais
18/09/2024,26/04/2025,03/05/2025,713.00,HANMVG2,50 m² Appartement ∙ 1 chambre ∙ 4 personnes,Nendaz - Valais
18/09/2024,03/05/2025,10/05/2025,713.00,HANMVG2,50 m² Appartement ∙ 1 chambre ∙ 4 personnes,Nendaz - Valais
18/09/2024,10/05/2025,17/05/2025,713.00,HANMVG2,50 m² Appartement ∙ 1 chambre ∙ 4 personnes,Nendaz - Valais
18/09/2024,12/10/2024,19/10/2024,1266.50,HZEFUP0,155 m² Maison de vacances ∙ 4 chambres ∙ 8 personnes,Riddes - Valais
18/09/2024,09/11/2024,16/11/2024,1960.36,HZEFUP0,155 m² Maison de vacances ∙ 4 chambres ∙ 8 personnes,Riddes - Valais
18/09/2024,16/11/2024,23/11/2024,1960.36,HZEFUP0,155 m² Maison de vacances ∙ 4 chambres ∙ 8 personnes,Riddes - Valais
18/09/2024,23/11/2024,30/11/2024,1963.60,HZEFUP0,155 m² Maison de vacances ∙ 4 chambres ∙ 8 personnes,Riddes - Valais
18/09/2024,30/11/2024,07/12/2024,2210.43,HZEFUP0,155 m² Maison de vacances ∙ 4 chambres ∙ 8 personnes,Riddes - Valais
18/09/2024,07/12/2024,14/12/2024,1989.12,HZEFUP0,155 m² Maison de vacances ∙ 4 chambres ∙ 8 personnes,Riddes - Valais
18/09/2024,14/12/2024,21/12/2024,2193.44,HZEFUP0,155 m² Maison de vacances ∙ 4 chambres ∙ 8 personnes,Riddes - Valais
18/09/2024,25/01/2025,01/02/2025,2664.40,HZEFUP0,155 m² Maison de vacances ∙ 4 chambres ∙ 8 personnes,Riddes - Valais
18/09/2024,01/02/2025,08/02/2025,2664.40,HZEFUP0,155 m² Maison de vacances ∙ 4 chambres ∙ 8 personnes,Riddes - Valais
18/09/2024,15/02/2025,22/02/2025,3141.93,HZEFUP0,155 m² Maison de vacances ∙ 4 chambres ∙ 8 personnes,Riddes - Valais
18/09/2024,22/03/2025,29/03/2025,1874.27,HZEFUP0,155 m² Maison de vacances ∙ 4 chambres ∙ 8 personnes,Riddes - Valais
18/09/2024,29/03/2025,05/04/2025,1874.27,HZEFUP0,155 m² Maison de vacances ∙ 4 chambres ∙ 8 personnes,Riddes - Valais
18/09/2024,05/04/2025,12/04/2025,1874.27,HZEFUP0,155 m² Maison de vacances ∙ 4 chambres ∙ 8 personnes,Riddes - Valais
18/09/2024,12/04/2025,19/04/2025,2625.50,HZEFUP0,155 m² Maison de vacances ∙ 4 chambres ∙ 8 personnes,Riddes - Valais
18/09/2024,19/04/2025,26/04/2025,1846.23,HZEFUP0,155 m² Maison de vacances ∙ 4 chambres ∙ 8 personnes,Riddes - Valais
18/09/2024,26/04/2025,03/05/2025,1302.34,HZEFUP0,155 m² Maison de vacances ∙ 4 chambres ∙ 8 personnes,Riddes - Valais
18/09/2024,03/05/2025,10/05/2025,1302.34,HZEFUP0,155 m² Maison de vacances ∙ 4 chambres ∙ 8 personnes,Riddes - Valais
18/09/2024,10/05/2025,17/05/2025,1302.34,HZEFUP0,155 m² Maison de vacances ∙ 4 chambres ∙ 8 personnes,Riddes - Valais
18/09/2024,11/01/2025,18/01/2025,796.70,H8N27CV,51 m² Appartement ∙ 2 chambres ∙ 4 personnes,Saas Fee - Valais
18/09/2024,18/01/2025,25/01/2025,796.70,H8N27CV,51 m² Appartement ∙ 2 chambres ∙ 4 personnes,Saas Fee - Valais
18/09/2024,28/09/2024,05/10/2024,595.66,H4WDELK,Appartement ∙ 2 chambres ∙ 4 personnes,Grächen - Valais
18/09/2024,05/10/2024,12/10/2024,595.66,H4WDELK,Appartement ∙ 2 chambres ∙ 4 personnes,Grächen - Valais
18/09/2024,14/12/2024,21/12/2024,595.66,H4WDELK,Appartement ∙ 2 chambres ∙ 4 personnes,Grächen - Valais
18/09/2024,22/03/2025,29/03/2025,744.58,H4WDELK,Appartement ∙ 2 chambres ∙ 4 personnes,Grächen - Valais
18/09/2024,29/03/2025,05/04/2025,744.58,H4WDELK,Appartement ∙ 2 chambres ∙ 4 personnes,Grächen - Valais
18/09/2024,05/04/2025,12/04/2025,744.58,H4WDELK,Appartement ∙ 2 chambres ∙ 4 personnes,Grächen - Valais
18/09/2024,21/09/2024,28/09/2024,1529.66,H3A1PNE,73 m² Appartement ∙ 2 chambres ∙ 4 personnes,Saas Fee - Valais
18/09/2024,19/10/2024,26/10/2024,1529.66,H3A1PNE,73 m² Appartement ∙ 2 chambres ∙ 4 personnes,Saas Fee - Valais
18/09/2024,26/10/2024,02/11/2024,1529.11,H3A1PNE,73 m² Appartement ∙ 2 chambres ∙ 4 personnes,Saas Fee - Valais
18/09/2024,02/11/2024,09/11/2024,1529.66,H3A1PNE,73 m² Appartement ∙ 2 chambres ∙ 4 personnes,Saas Fee - Valais
18/09/2024,09/11/2024,16/11/2024,1529.66,H3A1PNE,73 m² Appartement ∙ 2 chambres ∙ 4 personnes,Saas Fee - Valais
18/09/2024,16/11/2024,23/11/2024,1529.66,H3A1PNE,73 m² Appartement ∙ 2 chambres ∙ 4 personnes,Saas Fee - Valais
18/09/2024,23/11/2024,30/11/2024,1529.66,H3A1PNE,73 m² Appartement ∙ 2 chambres ∙ 4 personnes,Saas Fee - Valais
18/09/2024,30/11/2024,07/12/2024,1529.66,H3A1PNE,73 m² Appartement ∙ 2 chambres ∙ 4 personnes,Saas Fee - Valais
18/09/2024,07/12/2024,14/12/2024,1529.11,H3A1PNE,73 m² Appartement ∙ 2 chambres ∙ 4 personnes,Saas Fee - Valais
18/09/2024,14/12/2024,21/12/2024,1529.66,H3A1PNE,73 m² Appartement ∙ 2 chambres ∙ 4 personnes,Saas Fee - Valais
18/09/2024,18/01/2025,25/01/2025,1529.66,H3A1PNE,73 m² Appartement ∙ 2 chambres ∙ 4 personnes,Saas Fee - Valais
18/09/2024,08/03/2025,15/03/2025,2167.02,H3A1PNE,73 m² Appartement ∙ 2 chambres ∙ 4 personnes,Saas Fee - Valais
18/09/2024,22/03/2025,29/03/2025,2166.25,H3A1PNE,73 m² Appartement ∙ 2 chambres ∙ 4 personnes,Saas Fee - Valais
18/09/2024,29/03/2025,05/04/2025,2167.02,H3A1PNE,73 m² Appartement ∙ 2 chambres ∙ 4 personnes,Saas Fee - Valais
18/09/2024,05/04/2025,12/04/2025,2167.02,H3A1PNE,73 m² Appartement ∙ 2 chambres ∙ 4 personnes,Saas Fee - Valais
18/09/2024,21/09/2024,28/09/2024,521.20,HWZBNXD,Appartement ∙ 2 chambres ∙ 6 personnes,Grächen - Valais
18/09/2024,28/09/2024,05/10/2024,521.20,HWZBNXD,Appartement ∙ 2 chambres ∙ 6 personnes,Grächen - Valais
18/09/2024,05/10/2024,12/10/2024,521.20,HWZBNXD,Appartement ∙ 2 chambres ∙ 6 personnes,Grächen - Valais
18/09/2024,12/10/2024,19/10/2024,521.02,HWZBNXD,Appartement ∙ 2 chambres ∙ 6 personnes,Grächen - Valais
18/09/2024,19/10/2024,26/10/2024,521.20,HWZBNXD,Appartement ∙ 2 chambres ∙ 6 personnes,Grächen - Valais
18/09/2024,26/10/2024,02/11/2024,372.16,HWZBNXD,Appartement ∙ 2 chambres ∙ 6 personnes,Grächen - Valais
18/09/2024,02/11/2024,09/11/2024,372.29,HWZBNXD,Appartement ∙ 2 chambres ∙ 6 personnes,Grächen - Valais
18/09/2024,09/11/2024,16/11/2024,372.29,HWZBNXD,Appartement ∙ 2 chambres ∙ 6 personnes,Grächen - Valais
18/09/2024,16/11/2024,23/11/2024,372.29,HWZBNXD,Appartement ∙ 2 chambres ∙ 6 personnes,Grächen - Valais
18/09/2024,23/11/2024,30/11/2024,372.16,HWZBNXD,Appartement ∙ 2 chambres ∙ 6 personnes,Grächen - Valais
18/09/2024,30/11/2024,07/12/2024,372.29,HWZBNXD,Appartement ∙ 2 chambres ∙ 6 personnes,Grächen - Valais
18/09/2024,07/12/2024,14/12/2024,372.29,HWZBNXD,Appartement ∙ 2 chambres ∙ 6 personnes,Grächen - Valais
18/09/2024,05/04/2025,12/04/2025,744.58,HWZBNXD,Appartement ∙ 2 chambres ∙ 6 personnes,Grächen - Valais
18/09/2024,12/04/2025,19/04/2025,744.32,HWZBNXD,Appartement ∙ 2 chambres ∙ 6 personnes,Grächen - Valais
18/09/2024,19/04/2025,26/04/2025,744.32,HWZBNXD,Appartement ∙ 2 chambres ∙ 6 personnes,Grächen - Valais
18/09/2024,26/04/2025,03/05/2025,372.16,HWZBNXD,Appartement ∙ 2 chambres ∙ 6 personnes,Grächen - Valais
18/09/2024,03/05/2025,10/05/2025,372.16,HWZBNXD,Appartement ∙ 2 chambres ∙ 6 personnes,Grächen - Valais
18/09/2024,10/05/2025,17/05/2025,372.16,HWZBNXD,Appartement ∙ 2 chambres ∙ 6 personnes,Grächen - Valais
18/09/2024,12/10/2024,19/10/2024,930.39,HTE71XA,Appartement ∙ 2 chambres ∙ 4 personnes,Grächen - Valais
18/09/2024,19/10/2024,26/10/2024,930.39,HTE71XA,Appartement ∙ 2 chambres ∙ 4 personnes,Grächen - Valais
18/09/2024,26/10/2024,02/11/2024,930.39,HTE71XA,Appartement ∙ 2 chambres ∙ 4 personnes,Grächen - Valais
18/09/2024,02/11/2024,09/11/2024,855.96,HTE71XA,Appartement ∙ 2 chambres ∙ 4 personnes,Grächen - Valais
18/09/2024,09/11/2024,16/11/2024,855.96,HTE71XA,Appartement ∙ 2 chambres ∙ 4 personnes,Grächen - Valais
18/09/2024,16/11/2024,23/11/2024,855.96,HTE71XA,Appartement ∙ 2 chambres ∙ 4 personnes,Grächen - Valais
18/09/2024,23/11/2024,30/11/2024,855.96,HTE71XA,Appartement ∙ 2 chambres ∙ 4 personnes,Grächen - Valais
18/09/2024,30/11/2024,07/12/2024,855.96,HTE71XA,Appartement ∙ 2 chambres ∙ 4 personnes,Grächen - Valais
18/09/2024,07/12/2024,14/12/2024,855.96,HTE71XA,Appartement ∙ 2 chambres ∙ 4 personnes,Grächen - Valais
18/09/2024,14/12/2024,21/12/2024,967.60,HTE71XA,Appartement ∙ 2 chambres ∙ 4 personnes,Grächen - Valais
18/09/2024,04/01/2025,11/01/2025,1414.19,HTE71XA,Appartement ∙ 2 chambres ∙ 4 personnes,Grächen - Valais
18/09/2024,11/01/2025,18/01/2025,1414.19,HTE71XA,Appartement ∙ 2 chambres ∙ 4 personnes,Grächen - Valais
18/09/2024,18/01/2025,25/01/2025,1414.19,HTE71XA,Appartement ∙ 2 chambres ∙ 4 personnes,Grächen - Valais
18/09/2024,15/03/2025,22/03/2025,1451.41,HTE71XA,Appartement ∙ 2 chambres ∙ 4 personnes,Grächen - Valais
18/09/2024,22/03/2025,29/03/2025,1451.41,HTE71XA,Appartement ∙ 2 chambres ∙ 4 personnes,Grächen - Valais
18/09/2024,29/03/2025,05/04/2025,1265.33,HTE71XA,Appartement ∙ 2 chambres ∙ 4 personnes,Grächen - Valais
18/09/2024,05/04/2025,12/04/2025,1265.33,HTE71XA,Appartement ∙ 2 chambres ∙ 4 personnes,Grächen - Valais
18/09/2024,12/04/2025,19/04/2025,1265.33,HTE71XA,Appartement ∙ 2 chambres ∙ 4 personnes,Grächen - Valais
18/09/2024,19/04/2025,26/04/2025,999.50,HTE71XA,Appartement ∙ 2 chambres ∙ 4 personnes,Grächen - Valais
18/09/2024,26/04/2025,03/05/2025,893.17,HTE71XA,Appartement ∙ 2 chambres ∙ 4 personnes,Grächen - Valais
18/09/2024,03/05/2025,10/05/2025,893.17,HTE71XA,Appartement ∙ 2 chambres ∙ 4 personnes,Grächen - Valais
18/09/2024,10/05/2025,17/05/2025,893.17,HTE71XA,Appartement ∙ 2 chambres ∙ 4 personnes,Grächen - Valais
18/09/2024,21/09/2024,28/09/2024,677.00,H4ZNTYC,70 m² Appartement ∙ 2 chambres ∙ 4 personnes,Ovronnaz - Leytron - Valais
18/09/2024,28/09/2024,05/10/2024,677.00,H4ZNTYC,70 m² Appartement ∙ 2 chambres ∙ 4 personnes,Ovronnaz - Leytron - Valais
18/09/2024,05/10/2024,12/10/2024,838.00,H4ZNTYC,70 m² Appartement ∙ 2 chambres ∙ 4 personnes,Ovronnaz - Leytron - Valais
18/09/2024,12/10/2024,19/10/2024,838.00,H4ZNTYC,70 m² Appartement ∙ 2 chambres ∙ 4 personnes,Ovronnaz - Leytron - Valais
18/09/2024,19/10/2024,26/10/2024,838.00,H4ZNTYC,70 m² Appartement ∙ 2 chambres ∙ 4 personnes,Ovronnaz - Leytron - Valais
18/09/2024,26/10/2024,02/11/2024,838.00,H4ZNTYC,70 m² Appartement ∙ 2 chambres ∙ 4 personnes,Ovronnaz - Leytron - Valais
18/09/2024,02/11/2024,09/11/2024,838.00,H4ZNTYC,70 m² Appartement ∙ 2 chambres ∙ 4 personnes,Ovronnaz - Leytron - Valais
18/09/2024,09/11/2024,16/11/2024,838.00,H4ZNTYC,70 m² Appartement ∙ 2 chambres ∙ 4 personnes,Ovronnaz - Leytron - Valais
18/09/2024,16/11/2024,23/11/2024,838.00,H4ZNTYC,70 m² Appartement ∙ 2 chambres ∙ 4 personnes,Ovronnaz - Leytron - Valais
18/09/2024,23/11/2024,30/11/2024,838.00,H4ZNTYC,70 m² Appartement ∙ 2 chambres ∙ 4 personnes,Ovronnaz - Leytron - Valais
18/09/2024,30/11/2024,07/12/2024,838.00,H4ZNTYC,70 m² Appartement ∙ 2 chambres ∙ 4 personnes,Ovronnaz - Leytron - Valais
18/09/2024,07/12/2024,14/12/2024,838.00,H4ZNTYC,70 m² Appartement ∙ 2 chambres ∙ 4 personnes,Ovronnaz - Leytron - Valais
18/09/2024,14/12/2024,21/12/2024,838.00,H4ZNTYC,70 m² Appartement ∙ 2 chambres ∙ 4 personnes,Ovronnaz - Leytron - Valais
18/09/2024,15/02/2025,22/02/2025,1718.00,H4ZNTYC,70 m² Appartement ∙ 2 chambres ∙ 4 personnes,Ovronnaz - Leytron - Valais
18/09/2024,22/02/2025,01/03/2025,1718.00,H4ZNTYC,70 m² Appartement ∙ 2 chambres ∙ 4 personnes,Ovronnaz - Leytron - Valais
18/09/2024,01/03/2025,08/03/2025,1718.00,H4ZNTYC,70 m² Appartement ∙ 2 chambres ∙ 4 personnes,Ovronnaz - Leytron - Valais
18/09/2024,08/03/2025,15/03/2025,838.00,H4ZNTYC,70 m² Appartement ∙ 2 chambres ∙ 4 personnes,Ovronnaz - Leytron - Valais
18/09/2024,15/03/2025,22/03/2025,838.00,H4ZNTYC,70 m² Appartement ∙ 2 chambres ∙ 4 personnes,Ovronnaz - Leytron - Valais
18/09/2024,22/03/2025,29/03/2025,838.00,H4ZNTYC,70 m² Appartement ∙ 2 chambres ∙ 4 personnes,Ovronnaz - Leytron - Valais
18/09/2024,29/03/2025,05/04/2025,838.00,H4ZNTYC,70 m² Appartement ∙ 2 chambres ∙ 4 personnes,Ovronnaz - Leytron - Valais
18/09/2024,05/04/2025,12/04/2025,838.00,H4ZNTYC,70 m² Appartement ∙ 2 chambres ∙ 4 personnes,Ovronnaz - Leytron - Valais
18/09/2024,12/04/2025,19/04/2025,838.00,H4ZNTYC,70 m² Appartement ∙ 2 chambres ∙ 4 personnes,Ovronnaz - Leytron - Valais
18/09/2024,19/04/2025,26/04/2025,838.00,H4ZNTYC,70 m² Appartement ∙ 2 chambres ∙ 4 personnes,Ovronnaz - Leytron - Valais
18/09/2024,26/04/2025,03/05/2025,838.00,H4ZNTYC,70 m² Appartement ∙ 2 chambres ∙ 4 personnes,Ovronnaz - Leytron - Valais
18/09/2024,03/05/2025,10/05/2025,838.00,H4ZNTYC,70 m² Appartement ∙ 2 chambres ∙ 4 personnes,Ovronnaz - Leytron - Valais
18/09/2024,10/05/2025,17/05/2025,838.00,H4ZNTYC,70 m² Appartement ∙ 2 chambres ∙ 4 personnes,Ovronnaz - Leytron - Valais
18/09/2024,12/10/2024,19/10/2024,763.00,H1BAGW6,30 m² Appartement ∙ 1 chambre ∙ 2 personnes,Zermatt - Valais
18/09/2024,19/10/2024,26/10/2024,763.00,H1BAGW6,30 m² Appartement ∙ 1 chambre ∙ 2 personnes,Zermatt - Valais
18/09/2024,26/10/2024,02/11/2024,763.00,H1BAGW6,30 m² Appartement ∙ 1 chambre ∙ 2 personnes,Zermatt - Valais
18/09/2024,02/11/2024,09/11/2024,790.00,H1BAGW6,30 m² Appartement ∙ 1 chambre ∙ 2 personnes,Zermatt - Valais
18/09/2024,09/11/2024,16/11/2024,790.00,H1BAGW6,30 m² Appartement ∙ 1 chambre ∙ 2 personnes,Zermatt - Valais
18/09/2024,16/11/2024,23/11/2024,790.00,H1BAGW6,30 m² Appartement ∙ 1 chambre ∙ 2 personnes,Zermatt - Valais
18/09/2024,23/11/2024,30/11/2024,790.00,H1BAGW6,30 m² Appartement ∙ 1 chambre ∙ 2 personnes,Zermatt - Valais
18/09/2024,21/12/2024,28/12/2024,1559.00,H1BAGW6,30 m² Appartement ∙ 1 chambre ∙ 2 personnes,Zermatt - Valais
18/09/2024,04/01/2025,11/01/2025,911.00,H1BAGW6,30 m² Appartement ∙ 1 chambre ∙ 2 personnes,Zermatt - Valais
18/09/2024,01/02/2025,08/02/2025,1025.00,H1BAGW6,30 m² Appartement ∙ 1 chambre ∙ 2 personnes,Zermatt - Valais
18/09/2024,08/02/2025,15/02/2025,1487.00,H1BAGW6,30 m² Appartement ∙ 1 chambre ∙ 2 personnes,Zermatt - Valais
18/09/2024,15/02/2025,22/02/2025,1487.00,H1BAGW6,30 m² Appartement ∙ 1 chambre ∙ 2 personnes,Zermatt - Valais
18/09/2024,22/02/2025,01/03/2025,1487.00,H1BAGW6,30 m² Appartement ∙ 1 chambre ∙ 2 personnes,Zermatt - Valais
18/09/2024,26/04/2025,03/05/2025,790.00,H1BAGW6,30 m² Appartement ∙ 1 chambre ∙ 2 personnes,Zermatt - Valais
18/09/2024,03/05/2025,10/05/2025,790.00,H1BAGW6,30 m² Appartement ∙ 1 chambre ∙ 2 personnes,Zermatt - Valais
18/09/2024,10/05/2025,17/05/2025,790.00,H1BAGW6,30 m² Appartement ∙ 1 chambre ∙ 2 personnes,Zermatt - Valais
18/09/2024,26/10/2024,02/11/2024,637.14,HK9CHD5,34 m² Appartement ∙ 1 chambre ∙ 2 personnes,Saas Fee - Valais
18/09/2024,02/11/2024,09/11/2024,637.14,HK9CHD5,34 m² Appartement ∙ 1 chambre ∙ 2 personnes,Saas Fee - Valais
18/09/2024,09/11/2024,16/11/2024,637.14,HK9CHD5,34 m² Appartement ∙ 1 chambre ∙ 2 personnes,Saas Fee - Valais
18/09/2024,16/11/2024,23/11/2024,637.14,HK9CHD5,34 m² Appartement ∙ 1 chambre ∙ 2 personnes,Saas Fee - Valais
18/09/2024,23/11/2024,30/11/2024,637.14,HK9CHD5,34 m² Appartement ∙ 1 chambre ∙ 2 personnes,Saas Fee - Valais
18/09/2024,14/12/2024,21/12/2024,836.24,HK9CHD5,34 m² Appartement ∙ 1 chambre ∙ 2 personnes,Saas Fee - Valais
18/09/2024,11/01/2025,18/01/2025,835.88,HK9CHD5,34 m² Appartement ∙ 1 chambre ∙ 2 personnes,Saas Fee - Valais
18/09/2024,25/01/2025,01/02/2025,1114.98,HK9CHD5,34 m² Appartement ∙ 1 chambre ∙ 2 personnes,Saas Fee - Valais
18/09/2024,01/02/2025,08/02/2025,1114.98,HK9CHD5,34 m² Appartement ∙ 1 chambre ∙ 2 personnes,Saas Fee - Valais
18/09/2024,08/02/2025,15/02/2025,1114.98,HK9CHD5,34 m² Appartement ∙ 1 chambre ∙ 2 personnes,Saas Fee - Valais
18/09/2024,29/03/2025,05/04/2025,836.24,HK9CHD5,34 m² Appartement ∙ 1 chambre ∙ 2 personnes,Saas Fee - Valais
18/09/2024,12/04/2025,19/04/2025,1114.98,HK9CHD5,34 m² Appartement ∙ 1 chambre ∙ 2 personnes,Saas Fee - Valais
18/09/2024,19/04/2025,26/04/2025,1114.51,HK9CHD5,34 m² Appartement ∙ 1 chambre ∙ 2 personnes,Saas Fee - Valais
18/09/2024,05/10/2024,12/10/2024,733.37,HAZ7USV,Appartement ∙ 2 chambres ∙ 4 personnes,Bellwald - Valais
18/09/2024,12/10/2024,19/10/2024,733.37,HAZ7USV,Appartement ∙ 2 chambres ∙ 4 personnes,Bellwald - Valais
18/09/2024,19/10/2024,26/10/2024,733.37,HAZ7USV,Appartement ∙ 2 chambres ∙ 4 personnes,Bellwald - Valais
18/09/2024,26/10/2024,02/11/2024,733.37,HAZ7USV,Appartement ∙ 2 chambres ∙ 4 personnes,Bellwald - Valais
18/09/2024,02/11/2024,09/11/2024,733.68,HAZ7USV,Appartement ∙ 2 chambres ∙ 4 personnes,Bellwald - Valais
18/09/2024,09/11/2024,16/11/2024,733.37,HAZ7USV,Appartement ∙ 2 chambres ∙ 4 personnes,Bellwald - Valais
18/09/2024,16/11/2024,23/11/2024,733.37,HAZ7USV,Appartement ∙ 2 chambres ∙ 4 personnes,Bellwald - Valais
18/09/2024,23/11/2024,30/11/2024,733.37,HAZ7USV,Appartement ∙ 2 chambres ∙ 4 personnes,Bellwald - Valais
18/09/2024,30/11/2024,07/12/2024,733.37,HAZ7USV,Appartement ∙ 2 chambres ∙ 4 personnes,Bellwald - Valais
18/09/2024,07/12/2024,14/12/2024,771.90,HAZ7USV,Appartement ∙ 2 chambres ∙ 4 personnes,Bellwald - Valais
19/09/2024,21/09/2024,28/09/2024,892.80,HKPNCL6,Appartement ∙ 2 chambres ∙ 4 personnes,Crans-Montana - Valais
19/09/2024,26/10/2024,02/11/2024,935.98,HKPNCL6,Appartement ∙ 2 chambres ∙ 4 personnes,Crans-Montana - Valais
19/09/2024,02/11/2024,09/11/2024,930.15,HKPNCL6,Appartement ∙ 2 chambres ∙ 4 personnes,Crans-Montana - Valais
19/09/2024,09/11/2024,16/11/2024,946.47,HKPNCL6,Appartement ∙ 2 chambres ∙ 4 personnes,Crans-Montana - Valais
19/09/2024,16/11/2024,23/11/2024,1038.34,HKPNCL6,Appartement ∙ 2 chambres ∙ 4 personnes,Crans-Montana - Valais
19/09/2024,23/11/2024,30/11/2024,1034.79,HKPNCL6,Appartement ∙ 2 chambres ∙ 4 personnes,Crans-Montana - Valais
19/09/2024,30/11/2024,07/12/2024,1139.72,HKPNCL6,Appartement ∙ 2 chambres ∙ 4 personnes,Crans-Montana - Valais
19/09/2024,18/01/2025,25/01/2025,1489.85,HKPNCL6,Appartement ∙ 2 chambres ∙ 4 personnes,Crans-Montana - Valais
19/09/2024,25/01/2025,01/02/2025,1576.08,HKPNCL6,Appartement ∙ 2 chambres ∙ 4 personnes,Crans-Montana - Valais
19/09/2024,08/02/2025,15/02/2025,2287.68,HKPNCL6,Appartement ∙ 2 chambres ∙ 4 personnes,Crans-Montana - Valais
19/09/2024,15/02/2025,22/02/2025,2545.42,HKPNCL6,Appartement ∙ 2 chambres ∙ 4 personnes,Crans-Montana - Valais
19/09/2024,22/02/2025,01/03/2025,2546.48,HKPNCL6,Appartement ∙ 2 chambres ∙ 4 personnes,Crans-Montana - Valais
19/09/2024,01/03/2025,08/03/2025,2321.98,HKPNCL6,Appartement ∙ 2 chambres ∙ 4 personnes,Crans-Montana - Valais
19/09/2024,08/03/2025,15/03/2025,1461.79,HKPNCL6,Appartement ∙ 2 chambres ∙ 4 personnes,Crans-Montana - Valais
19/09/2024,15/03/2025,22/03/2025,1385.94,HKPNCL6,Appartement ∙ 2 chambres ∙ 4 personnes,Crans-Montana - Valais
19/09/2024,22/03/2025,29/03/2025,1234.78,HKPNCL6,Appartement ∙ 2 chambres ∙ 4 personnes,Crans-Montana - Valais
19/09/2024,29/03/2025,05/04/2025,1443.09,HKPNCL6,Appartement ∙ 2 chambres ∙ 4 personnes,Crans-Montana - Valais
19/09/2024,05/04/2025,12/04/2025,1441.01,HKPNCL6,Appartement ∙ 2 chambres ∙ 4 personnes,Crans-Montana - Valais
19/09/2024,12/04/2025,19/04/2025,1430.19,HKPNCL6,Appartement ∙ 2 chambres ∙ 4 personnes,Crans-Montana - Valais
19/09/2024,19/04/2025,26/04/2025,1329.85,HKPNCL6,Appartement ∙ 2 chambres ∙ 4 personnes,Crans-Montana - Valais
19/09/2024,26/04/2025,03/05/2025,1273.75,HKPNCL6,Appartement ∙ 2 chambres ∙ 4 personnes,Crans-Montana - Valais
19/09/2024,03/05/2025,10/05/2025,1216.60,HKPNCL6,Appartement ∙ 2 chambres ∙ 4 personnes,Crans-Montana - Valais
19/09/2024,10/05/2025,17/05/2025,1092.97,HKPNCL6,Appartement ∙ 2 chambres ∙ 4 personnes,Crans-Montana - Valais
19/09/2024,21/09/2024,28/09/2024,910.00,M5U4S0R,120 m² Chalet ∙ 4 chambres ∙ 6 personnes,Martisberg - Bettmeralp - Valais
19/09/2024,19/10/2024,26/10/2024,910.00,M5U4S0R,120 m² Chalet ∙ 4 chambres ∙ 6 personnes,Martisberg - Bettmeralp - Valais
19/09/2024,26/10/2024,02/11/2024,910.00,M5U4S0R,120 m² Chalet ∙ 4 chambres ∙ 6 personnes,Martisberg - Bettmeralp - Valais
19/09/2024,02/11/2024,09/11/2024,910.00,M5U4S0R,120 m² Chalet ∙ 4 chambres ∙ 6 personnes,Martisberg - Bettmeralp - Valais
19/09/2024,09/11/2024,16/11/2024,910.00,M5U4S0R,120 m² Chalet ∙ 4 chambres ∙ 6 personnes,Martisberg - Bettmeralp - Valais
19/09/2024,16/11/2024,23/11/2024,910.00,M5U4S0R,120 m² Chalet ∙ 4 chambres ∙ 6 personnes,Martisberg - Bettmeralp - Valais
19/09/2024,23/11/2024,30/11/2024,910.00,M5U4S0R,120 m² Chalet ∙ 4 chambres ∙ 6 personnes,Martisberg - Bettmeralp - Valais
19/09/2024,30/11/2024,07/12/2024,910.00,M5U4S0R,120 m² Chalet ∙ 4 chambres ∙ 6 personnes,Martisberg - Bettmeralp - Valais
19/09/2024,07/12/2024,14/12/2024,910.00,M5U4S0R,120 m² Chalet ∙ 4 chambres ∙ 6 personnes,Martisberg - Bettmeralp - Valais
19/09/2024,04/01/2025,11/01/2025,1261.00,M5U4S0R,120 m² Chalet ∙ 4 chambres ∙ 6 personnes,Martisberg - Bettmeralp - Valais
19/09/2024,25/01/2025,01/02/2025,1183.00,M5U4S0R,120 m² Chalet ∙ 4 chambres ∙ 6 personnes,Martisberg - Bettmeralp - Valais
19/09/2024,01/02/2025,08/02/2025,1274.00,M5U4S0R,120 m² Chalet ∙ 4 chambres ∙ 6 personnes,Martisberg - Bettmeralp - Valais
19/09/2024,08/02/2025,15/02/2025,1274.00,M5U4S0R,120 m² Chalet ∙ 4 chambres ∙ 6 personnes,Martisberg - Bettmeralp - Valais
19/09/2024,15/02/2025,22/02/2025,1274.00,M5U4S0R,120 m² Chalet ∙ 4 chambres ∙ 6 personnes,Martisberg - Bettmeralp - Valais
19/09/2024,22/02/2025,01/03/2025,1274.00,M5U4S0R,120 m² Chalet ∙ 4 chambres ∙ 6 personnes,Martisberg - Bettmeralp - Valais
19/09/2024,15/03/2025,22/03/2025,1183.00,M5U4S0R,120 m² Chalet ∙ 4 chambres ∙ 6 personnes,Martisberg - Bettmeralp - Valais
19/09/2024,22/03/2025,29/03/2025,1183.00,M5U4S0R,120 m² Chalet ∙ 4 chambres ∙ 6 personnes,Martisberg - Bettmeralp - Valais
19/09/2024,05/04/2025,12/04/2025,1092.00,M5U4S0R,120 m² Chalet ∙ 4 chambres ∙ 6 personnes,Martisberg - Bettmeralp - Valais
19/09/2024,12/04/2025,19/04/2025,1170.00,M5U4S0R,120 m² Chalet ∙ 4 chambres ∙ 6 personnes,Martisberg - Bettmeralp - Valais
19/09/2024,19/04/2025,26/04/2025,1144.00,M5U4S0R,120 m² Chalet ∙ 4 chambres ∙ 6 personnes,Martisberg - Bettmeralp - Valais
19/09/2024,26/04/2025,03/05/2025,1092.00,M5U4S0R,120 m² Chalet ∙ 4 chambres ∙ 6 personnes,Martisberg - Bettmeralp - Valais
19/09/2024,03/05/2025,10/05/2025,1092.00,M5U4S0R,120 m² Chalet ∙ 4 chambres ∙ 6 personnes,Martisberg - Bettmeralp - Valais
19/09/2024,10/05/2025,17/05/2025,1092.00,M5U4S0R,120 m² Chalet ∙ 4 chambres ∙ 6 personnes,Martisberg - Bettmeralp - Valais
19/09/2024,21/09/2024,28/09/2024,612.98,HG8HETR,25 m² Appartement ∙ 1 chambre ∙ 2 personnes,Saas Fee - Valais
19/09/2024,28/09/2024,05/10/2024,612.98,HG8HETR,25 m² Appartement ∙ 1 chambre ∙ 2 personnes,Saas Fee - Valais
19/09/2024,05/10/2024,12/10/2024,612.98,HG8HETR,25 m² Appartement ∙ 1 chambre ∙ 2 personnes,Saas Fee - Valais
19/09/2024,16/11/2024,23/11/2024,1035.11,HNV8ETM,80 m² Appartement ∙ 2 chambres ∙ 4 personnes,Saas Grund - Valais
19/09/2024,23/11/2024,30/11/2024,1035.11,HNV8ETM,80 m² Appartement ∙ 2 chambres ∙ 4 personnes,Saas Grund - Valais
19/09/2024,30/11/2024,07/12/2024,1035.11,HNV8ETM,80 m² Appartement ∙ 2 chambres ∙ 4 personnes,Saas Grund - Valais
19/09/2024,07/12/2024,14/12/2024,1035.11,HNV8ETM,80 m² Appartement ∙ 2 chambres ∙ 4 personnes,Saas Grund - Valais
19/09/2024,14/12/2024,21/12/2024,1035.11,HNV8ETM,80 m² Appartement ∙ 2 chambres ∙ 4 personnes,Saas Grund - Valais
19/09/2024,08/02/2025,15/02/2025,1725.48,HNV8ETM,80 m² Appartement ∙ 2 chambres ∙ 4 personnes,Saas Grund - Valais
19/09/2024,22/03/2025,29/03/2025,1035.11,HNV8ETM,80 m² Appartement ∙ 2 chambres ∙ 4 personnes,Saas Grund - Valais
19/09/2024,29/03/2025,05/04/2025,1035.11,HNV8ETM,80 m² Appartement ∙ 2 chambres ∙ 4 personnes,Saas Grund - Valais
19/09/2024,05/04/2025,12/04/2025,1035.11,HNV8ETM,80 m² Appartement ∙ 2 chambres ∙ 4 personnes,Saas Grund - Valais
19/09/2024,12/04/2025,19/04/2025,1207.63,HNV8ETM,80 m² Appartement ∙ 2 chambres ∙ 4 personnes,Saas Grund - Valais
19/09/2024,19/04/2025,26/04/2025,1207.63,HNV8ETM,80 m² Appartement ∙ 2 chambres ∙ 4 personnes,Saas Grund - Valais
19/09/2024,21/09/2024,28/09/2024,1358.00,HR94PFU,80 m² Maison de vacances ∙ 3 chambres ∙ 6 personnes,Nendaz - Valais
19/09/2024,28/09/2024,05/10/2024,1358.00,HR94PFU,80 m² Maison de vacances ∙ 3 chambres ∙ 6 personnes,Nendaz - Valais
19/09/2024,05/10/2024,12/10/2024,1358.00,HR94PFU,80 m² Maison de vacances ∙ 3 chambres ∙ 6 personnes,Nendaz - Valais
19/09/2024,26/10/2024,02/11/2024,1655.00,HR94PFU,80 m² Maison de vacances ∙ 3 chambres ∙ 6 personnes,Nendaz - Valais
19/09/2024,16/11/2024,23/11/2024,1682.00,HR94PFU,80 m² Maison de vacances ∙ 3 chambres ∙ 6 personnes,Nendaz - Valais
19/09/2024,23/11/2024,30/11/2024,1682.00,HR94PFU,80 m² Maison de vacances ∙ 3 chambres ∙ 6 personnes,Nendaz - Valais
19/09/2024,30/11/2024,07/12/2024,1417.00,HR94PFU,80 m² Maison de vacances ∙ 3 chambres ∙ 6 personnes,Nendaz - Valais
19/09/2024,07/12/2024,14/12/2024,1417.00,HR94PFU,80 m² Maison de vacances ∙ 3 chambres ∙ 6 personnes,Nendaz - Valais
19/09/2024,14/12/2024,21/12/2024,1417.00,HR94PFU,80 m² Maison de vacances ∙ 3 chambres ∙ 6 personnes,Nendaz - Valais
19/09/2024,11/01/2025,18/01/2025,1743.00,HR94PFU,80 m² Maison de vacances ∙ 3 chambres ∙ 6 personnes,Nendaz - Valais
19/09/2024,18/01/2025,25/01/2025,1743.00,HR94PFU,80 m² Maison de vacances ∙ 3 chambres ∙ 6 personnes,Nendaz - Valais
19/09/2024,25/01/2025,01/02/2025,1880.00,HR94PFU,80 m² Maison de vacances ∙ 3 chambres ∙ 6 personnes,Nendaz - Valais
19/09/2024,08/02/2025,15/02/2025,2304.00,HR94PFU,80 m² Maison de vacances ∙ 3 chambres ∙ 6 personnes,Nendaz - Valais
19/09/2024,01/03/2025,08/03/2025,2903.00,HR94PFU,80 m² Maison de vacances ∙ 3 chambres ∙ 6 personnes,Nendaz - Valais
19/09/2024,29/03/2025,05/04/2025,1743.00,HR94PFU,80 m² Maison de vacances ∙ 3 chambres ∙ 6 personnes,Nendaz - Valais
19/09/2024,05/04/2025,12/04/2025,1743.00,HR94PFU,80 m² Maison de vacances ∙ 3 chambres ∙ 6 personnes,Nendaz - Valais
19/09/2024,12/04/2025,19/04/2025,1796.00,HR94PFU,80 m² Maison de vacances ∙ 3 chambres ∙ 6 personnes,Nendaz - Valais
19/09/2024,19/04/2025,26/04/2025,1796.00,HR94PFU,80 m² Maison de vacances ∙ 3 chambres ∙ 6 personnes,Nendaz - Valais
19/09/2024,26/04/2025,03/05/2025,1417.00,HR94PFU,80 m² Maison de vacances ∙ 3 chambres ∙ 6 personnes,Nendaz - Valais
19/09/2024,03/05/2025,10/05/2025,1417.00,HR94PFU,80 m² Maison de vacances ∙ 3 chambres ∙ 6 personnes,Nendaz - Valais
19/09/2024,10/05/2025,17/05/2025,1417.00,HR94PFU,80 m² Maison de vacances ∙ 3 chambres ∙ 6 personnes,Nendaz - Valais
19/09/2024,16/11/2024,23/11/2024,1158.97,HG863DP,140 m² Maison de vacances ∙ 4 chambres ∙ 8 personnes,Troistorrents - Valais
19/09/2024,23/11/2024,30/11/2024,1158.97,HG863DP,140 m² Maison de vacances ∙ 4 chambres ∙ 8 personnes,Troistorrents - Valais
19/09/2024,30/11/2024,07/12/2024,1158.97,HG863DP,140 m² Maison de vacances ∙ 4 chambres ∙ 8 personnes,Troistorrents - Valais
19/09/2024,07/12/2024,14/12/2024,1158.97,HG863DP,140 m² Maison de vacances ∙ 4 chambres ∙ 8 personnes,Troistorrents - Valais
19/09/2024,14/12/2024,21/12/2024,1158.97,HG863DP,140 m² Maison de vacances ∙ 4 chambres ∙ 8 personnes,Troistorrents - Valais
19/09/2024,21/12/2024,28/12/2024,2318.90,HG863DP,140 m² Maison de vacances ∙ 4 chambres ∙ 8 personnes,Troistorrents - Valais
19/09/2024,04/01/2025,11/01/2025,1158.97,HG863DP,140 m² Maison de vacances ∙ 4 chambres ∙ 8 personnes,Troistorrents - Valais
19/09/2024,11/01/2025,18/01/2025,1158.97,HG863DP,140 m² Maison de vacances ∙ 4 chambres ∙ 8 personnes,Troistorrents - Valais
19/09/2024,18/01/2025,25/01/2025,1158.97,HG863DP,140 m² Maison de vacances ∙ 4 chambres ∙ 8 personnes,Troistorrents - Valais
19/09/2024,25/01/2025,01/02/2025,1621.91,HG863DP,140 m² Maison de vacances ∙ 4 chambres ∙ 8 personnes,Troistorrents - Valais
19/09/2024,01/02/2025,08/02/2025,2318.90,HG863DP,140 m² Maison de vacances ∙ 4 chambres ∙ 8 personnes,Troistorrents - Valais
19/09/2024,08/02/2025,15/02/2025,2546.82,HG863DP,140 m² Maison de vacances ∙ 4 chambres ∙ 8 personnes,Troistorrents - Valais
19/09/2024,15/02/2025,22/02/2025,3029.43,HG863DP,140 m² Maison de vacances ∙ 4 chambres ∙ 8 personnes,Troistorrents - Valais
19/09/2024,22/02/2025,01/03/2025,3029.43,HG863DP,140 m² Maison de vacances ∙ 4 chambres ∙ 8 personnes,Troistorrents - Valais
19/09/2024,01/03/2025,08/03/2025,2896.89,HG863DP,140 m² Maison de vacances ∙ 4 chambres ∙ 8 personnes,Troistorrents - Valais
19/09/2024,08/03/2025,15/03/2025,1651.91,HG863DP,140 m² Maison de vacances ∙ 4 chambres ∙ 8 personnes,Troistorrents - Valais
19/09/2024,15/03/2025,22/03/2025,1158.97,HG863DP,140 m² Maison de vacances ∙ 4 chambres ∙ 8 personnes,Troistorrents - Valais
19/09/2024,22/03/2025,29/03/2025,1158.97,HG863DP,140 m² Maison de vacances ∙ 4 chambres ∙ 8 personnes,Troistorrents - Valais
19/09/2024,29/03/2025,05/04/2025,1158.97,HG863DP,140 m² Maison de vacances ∙ 4 chambres ∙ 8 personnes,Troistorrents - Valais
19/09/2024,05/04/2025,12/04/2025,1158.97,HG863DP,140 m² Maison de vacances ∙ 4 chambres ∙ 8 personnes,Troistorrents - Valais
19/09/2024,12/04/2025,19/04/2025,1158.97,HG863DP,140 m² Maison de vacances ∙ 4 chambres ∙ 8 personnes,Troistorrents - Valais
19/09/2024,19/04/2025,26/04/2025,1158.97,HG863DP,140 m² Maison de vacances ∙ 4 chambres ∙ 8 personnes,Troistorrents - Valais
19/09/2024,26/04/2025,03/05/2025,1158.97,HG863DP,140 m² Maison de vacances ∙ 4 chambres ∙ 8 personnes,Troistorrents - Valais
19/09/2024,02/11/2024,09/11/2024,908.25,HSBC30Y,90 m² Appartement ∙ 1 chambre ∙ 3 personnes,Martigny - Valais
19/09/2024,09/11/2024,16/11/2024,826.35,HSBC30Y,90 m² Appartement ∙ 1 chambre ∙ 3 personnes,Martigny - Valais
19/09/2024,30/11/2024,07/12/2024,823.90,HSBC30Y,90 m² Appartement ∙ 1 chambre ∙ 3 personnes,Martigny - Valais
19/09/2024,07/12/2024,14/12/2024,823.82,HSBC30Y,90 m² Appartement ∙ 1 chambre ∙ 3 personnes,Martigny - Valais
19/09/2024,28/09/2024,05/10/2024,706.00,HFXRCY5,62 m² Appartement ∙ 1 chambre ∙ 4 personnes,Loèche-les-Bains - Valais
19/09/2024,19/10/2024,26/10/2024,923.00,HFXRCY5,62 m² Appartement ∙ 1 chambre ∙ 4 personnes,Loèche-les-Bains - Valais
19/09/2024,30/11/2024,07/12/2024,923.00,HFXRCY5,62 m² Appartement ∙ 1 chambre ∙ 4 personnes,Loèche-les-Bains - Valais
19/09/2024,07/12/2024,14/12/2024,923.00,HFXRCY5,62 m² Appartement ∙ 1 chambre ∙ 4 personnes,Loèche-les-Bains - Valais
19/09/2024,14/12/2024,21/12/2024,735.00,HFXRCY5,62 m² Appartement ∙ 1 chambre ∙ 4 personnes,Loèche-les-Bains - Valais
19/09/2024,04/01/2025,11/01/2025,1075.00,HFXRCY5,62 m² Appartement ∙ 1 chambre ∙ 4 personnes,Loèche-les-Bains - Valais
19/09/2024,11/01/2025,18/01/2025,1075.00,HFXRCY5,62 m² Appartement ∙ 1 chambre ∙ 4 personnes,Loèche-les-Bains - Valais
19/09/2024,08/03/2025,15/03/2025,846.00,HFXRCY5,62 m² Appartement ∙ 1 chambre ∙ 4 personnes,Loèche-les-Bains - Valais
19/09/2024,15/03/2025,22/03/2025,735.00,HFXRCY5,62 m² Appartement ∙ 1 chambre ∙ 4 personnes,Loèche-les-Bains - Valais
19/09/2024,22/03/2025,29/03/2025,923.00,HFXRCY5,62 m² Appartement ∙ 1 chambre ∙ 4 personnes,Loèche-les-Bains - Valais
19/09/2024,29/03/2025,05/04/2025,923.00,HFXRCY5,62 m² Appartement ∙ 1 chambre ∙ 4 personnes,Loèche-les-Bains - Valais
19/09/2024,05/04/2025,12/04/2025,923.00,HFXRCY5,62 m² Appartement ∙ 1 chambre ∙ 4 personnes,Loèche-les-Bains - Valais
19/09/2024,12/04/2025,19/04/2025,1075.00,HFXRCY5,62 m² Appartement ∙ 1 chambre ∙ 4 personnes,Loèche-les-Bains - Valais
19/09/2024,19/04/2025,26/04/2025,1075.00,HFXRCY5,62 m² Appartement ∙ 1 chambre ∙ 4 personnes,Loèche-les-Bains - Valais
19/09/2024,28/09/2024,05/10/2024,818.48,H35XGEP,Appartement ∙ 2 chambres ∙ 4 personnes,Grächen - Valais
19/09/2024,05/10/2024,12/10/2024,818.40,H35XGEP,Appartement ∙ 2 chambres ∙ 4 personnes,Grächen - Valais
19/09/2024,12/10/2024,19/10/2024,818.40,H35XGEP,Appartement ∙ 2 chambres ∙ 4 personnes,Grächen - Valais
19/09/2024,19/10/2024,26/10/2024,802.54,H35XGEP,Appartement ∙ 2 chambres ∙ 4 personnes,Grächen - Valais
19/09/2024,26/10/2024,02/11/2024,781.28,H35XGEP,Appartement ∙ 2 chambres ∙ 4 personnes,Grächen - Valais
19/09/2024,02/11/2024,09/11/2024,781.28,H35XGEP,Appartement ∙ 2 chambres ∙ 4 personnes,Grächen - Valais
19/09/2024,09/11/2024,16/11/2024,781.20,H35XGEP,Appartement ∙ 2 chambres ∙ 4 personnes,Grächen - Valais
19/09/2024,16/11/2024,23/11/2024,781.20,H35XGEP,Appartement ∙ 2 chambres ∙ 4 personnes,Grächen - Valais
19/09/2024,23/11/2024,30/11/2024,781.20,H35XGEP,Appartement ∙ 2 chambres ∙ 4 personnes,Grächen - Valais
19/09/2024,28/09/2024,05/10/2024,446.44,H5EHGAK,Studio ∙ 1 chambre ∙ 2 personnes,Grächen - Valais
19/09/2024,05/10/2024,12/10/2024,446.44,H5EHGAK,Studio ∙ 1 chambre ∙ 2 personnes,Grächen - Valais
19/09/2024,12/10/2024,19/10/2024,446.44,H5EHGAK,Studio ∙ 1 chambre ∙ 2 personnes,Grächen - Valais
19/09/2024,19/10/2024,26/10/2024,382.67,H5EHGAK,Studio ∙ 1 chambre ∙ 2 personnes,Grächen - Valais
19/09/2024,26/10/2024,02/11/2024,372.03,H5EHGAK,Studio ∙ 1 chambre ∙ 2 personnes,Grächen - Valais
19/09/2024,02/11/2024,09/11/2024,372.03,H5EHGAK,Studio ∙ 1 chambre ∙ 2 personnes,Grächen - Valais
19/09/2024,09/11/2024,16/11/2024,372.03,H5EHGAK,Studio ∙ 1 chambre ∙ 2 personnes,Grächen - Valais
19/09/2024,16/11/2024,23/11/2024,372.03,H5EHGAK,Studio ∙ 1 chambre ∙ 2 personnes,Grächen - Valais
19/09/2024,23/11/2024,30/11/2024,372.03,H5EHGAK,Studio ∙ 1 chambre ∙ 2 personnes,Grächen - Valais
19/09/2024,30/11/2024,07/12/2024,372.03,H5EHGAK,Studio ∙ 1 chambre ∙ 2 personnes,Grächen - Valais
19/09/2024,07/12/2024,14/12/2024,372.03,H5EHGAK,Studio ∙ 1 chambre ∙ 2 personnes,Grächen - Valais
19/09/2024,04/01/2025,11/01/2025,520.85,H5EHGAK,Studio ∙ 1 chambre ∙ 2 personnes,Grächen - Valais
19/09/2024,11/01/2025,18/01/2025,520.85,H5EHGAK,Studio ∙ 1 chambre ∙ 2 personnes,Grächen - Valais
19/09/2024,25/01/2025,01/02/2025,595.26,H5EHGAK,Studio ∙ 1 chambre ∙ 2 personnes,Grächen - Valais
19/09/2024,08/02/2025,15/02/2025,595.26,H5EHGAK,Studio ∙ 1 chambre ∙ 2 personnes,Grächen - Valais
19/09/2024,15/02/2025,22/02/2025,595.26,H5EHGAK,Studio ∙ 1 chambre ∙ 2 personnes,Grächen - Valais
19/09/2024,15/03/2025,22/03/2025,520.85,H5EHGAK,Studio ∙ 1 chambre ∙ 2 personnes,Grächen - Valais
19/09/2024,22/03/2025,29/03/2025,520.85,H5EHGAK,Studio ∙ 1 chambre ∙ 2 personnes,Grächen - Valais
19/09/2024,29/03/2025,05/04/2025,520.85,H5EHGAK,Studio ∙ 1 chambre ∙ 2 personnes,Grächen - Valais
19/09/2024,21/09/2024,28/09/2024,826.21,HKEL2ZN,50 m² Appartement ∙ 2 chambres ∙ 5 personnes,Ernen - Valais
19/09/2024,28/09/2024,05/10/2024,826.21,HKEL2ZN,50 m² Appartement ∙ 2 chambres ∙ 5 personnes,Ernen - Valais
19/09/2024,05/10/2024,12/10/2024,826.21,HKEL2ZN,50 m² Appartement ∙ 2 chambres ∙ 5 personnes,Ernen - Valais
19/09/2024,19/10/2024,26/10/2024,938.88,HKEL2ZN,50 m² Appartement ∙ 2 chambres ∙ 5 personnes,Ernen - Valais
19/09/2024,26/10/2024,02/11/2024,938.88,HKEL2ZN,50 m² Appartement ∙ 2 chambres ∙ 5 personnes,Ernen - Valais
19/09/2024,02/11/2024,09/11/2024,938.88,HKEL2ZN,50 m² Appartement ∙ 2 chambres ∙ 5 personnes,Ernen - Valais
19/09/2024,09/11/2024,16/11/2024,938.88,HKEL2ZN,50 m² Appartement ∙ 2 chambres ∙ 5 personnes,Ernen - Valais
19/09/2024,16/11/2024,23/11/2024,938.88,HKEL2ZN,50 m² Appartement ∙ 2 chambres ∙ 5 personnes,Ernen - Valais
19/09/2024,23/11/2024,30/11/2024,938.88,HKEL2ZN,50 m² Appartement ∙ 2 chambres ∙ 5 personnes,Ernen - Valais
19/09/2024,30/11/2024,07/12/2024,938.88,HKEL2ZN,50 m² Appartement ∙ 2 chambres ∙ 5 personnes,Ernen - Valais
19/09/2024,07/12/2024,14/12/2024,938.88,HKEL2ZN,50 m² Appartement ∙ 2 chambres ∙ 5 personnes,Ernen - Valais
19/09/2024,14/12/2024,21/12/2024,965.71,HKEL2ZN,50 m² Appartement ∙ 2 chambres ∙ 5 personnes,Ernen - Valais
19/09/2024,21/12/2024,28/12/2024,1126.65,HKEL2ZN,50 m² Appartement ∙ 2 chambres ∙ 5 personnes,Ernen - Valais
19/09/2024,04/01/2025,11/01/2025,1073.00,HKEL2ZN,50 m² Appartement ∙ 2 chambres ∙ 5 personnes,Ernen - Valais
19/09/2024,11/01/2025,18/01/2025,938.88,HKEL2ZN,50 m² Appartement ∙ 2 chambres ∙ 5 personnes,Ernen - Valais
19/09/2024,08/02/2025,15/02/2025,1126.65,HKEL2ZN,50 m² Appartement ∙ 2 chambres ∙ 5 personnes,Ernen - Valais
19/09/2024,22/02/2025,01/03/2025,1126.65,HKEL2ZN,50 m² Appartement ∙ 2 chambres ∙ 5 personnes,Ernen - Valais
19/09/2024,08/03/2025,15/03/2025,1073.00,HKEL2ZN,50 m² Appartement ∙ 2 chambres ∙ 5 personnes,Ernen - Valais
19/09/2024,15/03/2025,22/03/2025,938.88,HKEL2ZN,50 m² Appartement ∙ 2 chambres ∙ 5 personnes,Ernen - Valais
19/09/2024,22/03/2025,29/03/2025,938.88,HKEL2ZN,50 m² Appartement ∙ 2 chambres ∙ 5 personnes,Ernen - Valais
19/09/2024,29/03/2025,05/04/2025,938.88,HKEL2ZN,50 m² Appartement ∙ 2 chambres ∙ 5 personnes,Ernen - Valais
19/09/2024,05/04/2025,12/04/2025,938.88,HKEL2ZN,50 m² Appartement ∙ 2 chambres ∙ 5 personnes,Ernen - Valais
19/09/2024,12/04/2025,19/04/2025,938.88,HKEL2ZN,50 m² Appartement ∙ 2 chambres ∙ 5 personnes,Ernen - Valais
19/09/2024,19/04/2025,26/04/2025,938.88,HKEL2ZN,50 m² Appartement ∙ 2 chambres ∙ 5 personnes,Ernen - Valais
19/09/2024,26/04/2025,03/05/2025,938.88,HKEL2ZN,50 m² Appartement ∙ 2 chambres ∙ 5 personnes,Ernen - Valais
19/09/2024,03/05/2025,10/05/2025,938.88,HKEL2ZN,50 m² Appartement ∙ 2 chambres ∙ 5 personnes,Ernen - Valais
19/09/2024,10/05/2025,17/05/2025,906.69,HKEL2ZN,50 m² Appartement ∙ 2 chambres ∙ 5 personnes,Ernen - Valais
19/09/2024,21/09/2024,28/09/2024,1332.01,HD9MZS4,120 m² Appartement ∙ 3 chambres ∙ 4 personnes,Sion - Valais
19/09/2024,05/10/2024,12/10/2024,1299.49,HD9MZS4,120 m² Appartement ∙ 3 chambres ∙ 4 personnes,Sion - Valais
19/09/2024,12/10/2024,19/10/2024,1365.68,HD9MZS4,120 m² Appartement ∙ 3 chambres ∙ 4 personnes,Sion - Valais
19/09/2024,19/10/2024,26/10/2024,1394.71,HD9MZS4,120 m² Appartement ∙ 3 chambres ∙ 4 personnes,Sion - Valais
19/09/2024,26/10/2024,02/11/2024,1372.65,HD9MZS4,120 m² Appartement ∙ 3 chambres ∙ 4 personnes,Sion - Valais
19/09/2024,02/11/2024,09/11/2024,1319.23,HD9MZS4,120 m² Appartement ∙ 3 chambres ∙ 4 personnes,Sion - Valais
19/09/2024,09/11/2024,16/11/2024,1323.87,HD9MZS4,120 m² Appartement ∙ 3 chambres ∙ 4 personnes,Sion - Valais
19/09/2024,16/11/2024,23/11/2024,1435.36,HD9MZS4,120 m² Appartement ∙ 3 chambres ∙ 4 personnes,Sion - Valais
19/09/2024,23/11/2024,30/11/2024,1473.68,HD9MZS4,120 m² Appartement ∙ 3 chambres ∙ 4 personnes,Sion - Valais
19/09/2024,30/11/2024,07/12/2024,1457.43,HD9MZS4,120 m² Appartement ∙ 3 chambres ∙ 4 personnes,Sion - Valais
19/09/2024,07/12/2024,14/12/2024,1501.55,HD9MZS4,120 m² Appartement ∙ 3 chambres ∙ 4 personnes,Sion - Valais
19/09/2024,14/12/2024,21/12/2024,1652.52,HD9MZS4,120 m² Appartement ∙ 3 chambres ∙ 4 personnes,Sion - Valais
19/09/2024,21/12/2024,28/12/2024,2373.68,HD9MZS4,120 m² Appartement ∙ 3 chambres ∙ 4 personnes,Sion - Valais
19/09/2024,04/01/2025,11/01/2025,1876.65,HD9MZS4,120 m² Appartement ∙ 3 chambres ∙ 4 personnes,Sion - Valais
19/09/2024,11/01/2025,18/01/2025,1669.94,HD9MZS4,120 m² Appartement ∙ 3 chambres ∙ 4 personnes,Sion - Valais
19/09/2024,18/01/2025,25/01/2025,1997.42,HD9MZS4,120 m² Appartement ∙ 3 chambres ∙ 4 personnes,Sion - Valais
19/09/2024,25/01/2025,01/02/2025,2209.94,HD9MZS4,120 m² Appartement ∙ 3 chambres ∙ 4 personnes,Sion - Valais
19/09/2024,01/02/2025,08/02/2025,2166.97,HD9MZS4,120 m² Appartement ∙ 3 chambres ∙ 4 personnes,Sion - Valais
19/09/2024,08/02/2025,15/02/2025,2438.72,HD9MZS4,120 m² Appartement ∙ 3 chambres ∙ 4 personnes,Sion - Valais
19/09/2024,15/02/2025,22/02/2025,2438.72,HD9MZS4,120 m² Appartement ∙ 3 chambres ∙ 4 personnes,Sion - Valais
19/09/2024,22/02/2025,01/03/2025,2362.07,HD9MZS4,120 m² Appartement ∙ 3 chambres ∙ 4 personnes,Sion - Valais
19/09/2024,01/03/2025,08/03/2025,2205.30,HD9MZS4,120 m² Appartement ∙ 3 chambres ∙ 4 personnes,Sion - Valais
19/09/2024,08/03/2025,15/03/2025,2438.72,HD9MZS4,120 m² Appartement ∙ 3 chambres ∙ 4 personnes,Sion - Valais
19/09/2024,15/03/2025,22/03/2025,1966.07,HD9MZS4,120 m² Appartement ∙ 3 chambres ∙ 4 personnes,Sion - Valais
19/09/2024,21/12/2024,28/12/2024,1945.70,HBV1FSY,46 m² Appartement ∙ 2 chambres ∙ 4 personnes,Crans-Montana - Valais
19/09/2024,04/01/2025,11/01/2025,1075.26,HBV1FSY,46 m² Appartement ∙ 2 chambres ∙ 4 personnes,Crans-Montana - Valais
19/09/2024,18/01/2025,25/01/2025,1075.26,HBV1FSY,46 m² Appartement ∙ 2 chambres ∙ 4 personnes,Crans-Montana - Valais
19/09/2024,25/01/2025,01/02/2025,1351.76,HBV1FSY,46 m² Appartement ∙ 2 chambres ∙ 4 personnes,Crans-Montana - Valais
19/09/2024,08/02/2025,15/02/2025,1351.76,HBV1FSY,46 m² Appartement ∙ 2 chambres ∙ 4 personnes,Crans-Montana - Valais
19/09/2024,15/02/2025,22/02/2025,1812.58,HBV1FSY,46 m² Appartement ∙ 2 chambres ∙ 4 personnes,Crans-Montana - Valais
19/09/2024,22/02/2025,01/03/2025,1812.58,HBV1FSY,46 m² Appartement ∙ 2 chambres ∙ 4 personnes,Crans-Montana - Valais
19/09/2024,14/12/2024,21/12/2024,1041.71,HCAXUHS,Appartement ∙ 3 chambres ∙ 6 personnes,Grächen - Valais
19/09/2024,11/01/2025,18/01/2025,669.68,HCAXUHS,Appartement ∙ 3 chambres ∙ 6 personnes,Grächen - Valais
19/09/2024,18/01/2025,25/01/2025,669.62,HCAXUHS,Appartement ∙ 3 chambres ∙ 6 personnes,Grächen - Valais
19/09/2024,01/03/2025,08/03/2025,1041.64,HCAXUHS,Appartement ∙ 3 chambres ∙ 6 personnes,Grächen - Valais
19/09/2024,08/03/2025,15/03/2025,669.68,HCAXUHS,Appartement ∙ 3 chambres ∙ 6 personnes,Grächen - Valais
19/09/2024,15/03/2025,22/03/2025,669.68,HCAXUHS,Appartement ∙ 3 chambres ∙ 6 personnes,Grächen - Valais
19/09/2024,22/03/2025,29/03/2025,669.68,HCAXUHS,Appartement ∙ 3 chambres ∙ 6 personnes,Grächen - Valais
19/09/2024,29/03/2025,05/04/2025,935.35,HCAXUHS,Appartement ∙ 3 chambres ∙ 6 personnes,Grächen - Valais
19/09/2024,05/04/2025,12/04/2025,1041.64,HCAXUHS,Appartement ∙ 3 chambres ∙ 6 personnes,Grächen - Valais
19/09/2024,12/04/2025,19/04/2025,1041.71,HCAXUHS,Appartement ∙ 3 chambres ∙ 6 personnes,Grächen - Valais
19/09/2024,19/04/2025,26/04/2025,1041.64,HCAXUHS,Appartement ∙ 3 chambres ∙ 6 personnes,Grächen - Valais
19/09/2024,21/09/2024,28/09/2024,446.41,HF9EH7P,Appartement ∙ 3 chambres ∙ 6 personnes,Grächen - Valais
19/09/2024,28/09/2024,05/10/2024,446.45,HF9EH7P,Appartement ∙ 3 chambres ∙ 6 personnes,Grächen - Valais
19/09/2024,05/10/2024,12/10/2024,446.41,HF9EH7P,Appartement ∙ 3 chambres ∙ 6 personnes,Grächen - Valais
19/09/2024,26/10/2024,02/11/2024,446.41,HF9EH7P,Appartement ∙ 3 chambres ∙ 6 personnes,Grächen - Valais
19/09/2024,02/11/2024,09/11/2024,446.41,HF9EH7P,Appartement ∙ 3 chambres ∙ 6 personnes,Grächen - Valais
19/09/2024,09/11/2024,16/11/2024,446.41,HF9EH7P,Appartement ∙ 3 chambres ∙ 6 personnes,Grächen - Valais
19/09/2024,16/11/2024,23/11/2024,446.41,HF9EH7P,Appartement ∙ 3 chambres ∙ 6 personnes,Grächen - Valais
19/09/2024,23/11/2024,30/11/2024,446.41,HF9EH7P,Appartement ∙ 3 chambres ∙ 6 personnes,Grächen - Valais
19/09/2024,30/11/2024,07/12/2024,446.41,HF9EH7P,Appartement ∙ 3 chambres ∙ 6 personnes,Grächen - Valais
19/09/2024,07/12/2024,14/12/2024,446.41,HF9EH7P,Appartement ∙ 3 chambres ∙ 6 personnes,Grächen - Valais
19/09/2024,11/01/2025,18/01/2025,669.62,HF9EH7P,Appartement ∙ 3 chambres ∙ 6 personnes,Grächen - Valais
19/09/2024,18/01/2025,25/01/2025,669.62,HF9EH7P,Appartement ∙ 3 chambres ∙ 6 personnes,Grächen - Valais
19/09/2024,15/03/2025,22/03/2025,669.62,HF9EH7P,Appartement ∙ 3 chambres ∙ 6 personnes,Grächen - Valais
19/09/2024,22/03/2025,29/03/2025,669.62,HF9EH7P,Appartement ∙ 3 chambres ∙ 6 personnes,Grächen - Valais
19/09/2024,29/03/2025,05/04/2025,669.62,HF9EH7P,Appartement ∙ 3 chambres ∙ 6 personnes,Grächen - Valais
19/09/2024,05/04/2025,12/04/2025,669.62,HF9EH7P,Appartement ∙ 3 chambres ∙ 6 personnes,Grächen - Valais
19/09/2024,12/04/2025,19/04/2025,669.62,HF9EH7P,Appartement ∙ 3 chambres ∙ 6 personnes,Grächen - Valais
19/09/2024,19/04/2025,26/04/2025,733.40,HF9EH7P,Appartement ∙ 3 chambres ∙ 6 personnes,Grächen - Valais
19/09/2024,26/04/2025,03/05/2025,520.82,HF9EH7P,Appartement ∙ 3 chambres ∙ 6 personnes,Grächen - Valais
19/09/2024,03/05/2025,10/05/2025,520.82,HF9EH7P,Appartement ∙ 3 chambres ∙ 6 personnes,Grächen - Valais
19/09/2024,10/05/2025,17/05/2025,520.82,HF9EH7P,Appartement ∙ 3 chambres ∙ 6 personnes,Grächen - Valais
19/09/2024,21/09/2024,28/09/2024,706.55,H8PBCX6,75 m² Appartement ∙ 2 chambres ∙ 6 personnes,Vex - Valais
19/09/2024,28/09/2024,05/10/2024,706.55,H8PBCX6,75 m² Appartement ∙ 2 chambres ∙ 6 personnes,Vex - Valais
19/09/2024,05/10/2024,12/10/2024,706.55,H8PBCX6,75 m² Appartement ∙ 2 chambres ∙ 6 personnes,Vex - Valais
19/09/2024,12/10/2024,19/10/2024,706.55,H8PBCX6,75 m² Appartement ∙ 2 chambres ∙ 6 personnes,Vex - Valais
19/09/2024,19/10/2024,26/10/2024,706.55,H8PBCX6,75 m² Appartement ∙ 2 chambres ∙ 6 personnes,Vex - Valais
19/09/2024,26/10/2024,02/11/2024,706.55,H8PBCX6,75 m² Appartement ∙ 2 chambres ∙ 6 personnes,Vex - Valais
19/09/2024,02/11/2024,09/11/2024,706.55,H8PBCX6,75 m² Appartement ∙ 2 chambres ∙ 6 personnes,Vex - Valais
19/09/2024,09/11/2024,16/11/2024,706.55,H8PBCX6,75 m² Appartement ∙ 2 chambres ∙ 6 personnes,Vex - Valais
19/09/2024,16/11/2024,23/11/2024,706.55,H8PBCX6,75 m² Appartement ∙ 2 chambres ∙ 6 personnes,Vex - Valais
19/09/2024,23/11/2024,30/11/2024,706.55,H8PBCX6,75 m² Appartement ∙ 2 chambres ∙ 6 personnes,Vex - Valais
19/09/2024,30/11/2024,07/12/2024,706.55,H8PBCX6,75 m² Appartement ∙ 2 chambres ∙ 6 personnes,Vex - Valais
19/09/2024,07/12/2024,14/12/2024,706.55,H8PBCX6,75 m² Appartement ∙ 2 chambres ∙ 6 personnes,Vex - Valais
19/09/2024,14/12/2024,21/12/2024,1075.18,H8PBCX6,75 m² Appartement ∙ 2 chambres ∙ 6 personnes,Vex - Valais
19/09/2024,11/01/2025,18/01/2025,1075.18,H8PBCX6,75 m² Appartement ∙ 2 chambres ∙ 6 personnes,Vex - Valais
19/09/2024,08/02/2025,15/02/2025,1218.55,H8PBCX6,75 m² Appartement ∙ 2 chambres ∙ 6 personnes,Vex - Valais
19/09/2024,15/02/2025,22/02/2025,1423.34,H8PBCX6,75 m² Appartement ∙ 2 chambres ∙ 6 personnes,Vex - Valais
19/09/2024,08/03/2025,15/03/2025,1218.55,H8PBCX6,75 m² Appartement ∙ 2 chambres ∙ 6 personnes,Vex - Valais
19/09/2024,15/03/2025,22/03/2025,1075.18,H8PBCX6,75 m² Appartement ∙ 2 chambres ∙ 6 personnes,Vex - Valais
19/09/2024,22/03/2025,29/03/2025,1075.18,H8PBCX6,75 m² Appartement ∙ 2 chambres ∙ 6 personnes,Vex - Valais
19/09/2024,29/03/2025,05/04/2025,1075.18,H8PBCX6,75 m² Appartement ∙ 2 chambres ∙ 6 personnes,Vex - Valais
19/09/2024,05/04/2025,12/04/2025,1075.18,H8PBCX6,75 m² Appartement ∙ 2 chambres ∙ 6 personnes,Vex - Valais
19/09/2024,12/04/2025,19/04/2025,1075.18,H8PBCX6,75 m² Appartement ∙ 2 chambres ∙ 6 personnes,Vex - Valais
19/09/2024,19/04/2025,26/04/2025,1075.18,H8PBCX6,75 m² Appartement ∙ 2 chambres ∙ 6 personnes,Vex - Valais
19/09/2024,21/09/2024,28/09/2024,536.00,HFVT2WB,46 m² Appartement ∙ 1 chambre ∙ 3 personnes,Crans-Montana - Valais
19/09/2024,28/09/2024,05/10/2024,536.00,HFVT2WB,46 m² Appartement ∙ 1 chambre ∙ 3 personnes,Crans-Montana - Valais
19/09/2024,05/10/2024,12/10/2024,666.00,HFVT2WB,46 m² Appartement ∙ 1 chambre ∙ 3 personnes,Crans-Montana - Valais
19/09/2024,12/10/2024,19/10/2024,666.00,HFVT2WB,46 m² Appartement ∙ 1 chambre ∙ 3 personnes,Crans-Montana - Valais
19/09/2024,19/10/2024,26/10/2024,666.00,HFVT2WB,46 m² Appartement ∙ 1 chambre ∙ 3 personnes,Crans-Montana - Valais
19/09/2024,26/10/2024,02/11/2024,666.00,HFVT2WB,46 m² Appartement ∙ 1 chambre ∙ 3 personnes,Crans-Montana - Valais
19/09/2024,02/11/2024,09/11/2024,693.00,HFVT2WB,46 m² Appartement ∙ 1 chambre ∙ 3 personnes,Crans-Montana - Valais
19/09/2024,09/11/2024,16/11/2024,693.00,HFVT2WB,46 m² Appartement ∙ 1 chambre ∙ 3 personnes,Crans-Montana - Valais
19/09/2024,16/11/2024,23/11/2024,693.00,HFVT2WB,46 m² Appartement ∙ 1 chambre ∙ 3 personnes,Crans-Montana - Valais
19/09/2024,23/11/2024,30/11/2024,693.00,HFVT2WB,46 m² Appartement ∙ 1 chambre ∙ 3 personnes,Crans-Montana - Valais
19/09/2024,30/11/2024,07/12/2024,693.00,HFVT2WB,46 m² Appartement ∙ 1 chambre ∙ 3 personnes,Crans-Montana - Valais
19/09/2024,07/12/2024,14/12/2024,693.00,HFVT2WB,46 m² Appartement ∙ 1 chambre ∙ 3 personnes,Crans-Montana - Valais
19/09/2024,14/12/2024,21/12/2024,693.00,HFVT2WB,46 m² Appartement ∙ 1 chambre ∙ 3 personnes,Crans-Montana - Valais
19/09/2024,21/12/2024,28/12/2024,1467.00,HFVT2WB,46 m² Appartement ∙ 1 chambre ∙ 3 personnes,Crans-Montana - Valais
19/09/2024,28/12/2024,04/01/2025,1712.00,HFVT2WB,46 m² Appartement ∙ 1 chambre ∙ 3 personnes,Crans-Montana - Valais
19/09/2024,04/01/2025,11/01/2025,875.00,HFVT2WB,46 m² Appartement ∙ 1 chambre ∙ 3 personnes,Crans-Montana - Valais
19/09/2024,11/01/2025,18/01/2025,875.00,HFVT2WB,46 m² Appartement ∙ 1 chambre ∙ 3 personnes,Crans-Montana - Valais
19/09/2024,18/01/2025,25/01/2025,875.00,HFVT2WB,46 m² Appartement ∙ 1 chambre ∙ 3 personnes,Crans-Montana - Valais
19/09/2024,25/01/2025,01/02/2025,951.00,HFVT2WB,46 m² Appartement ∙ 1 chambre ∙ 3 personnes,Crans-Montana - Valais
19/09/2024,08/02/2025,15/02/2025,1239.00,HFVT2WB,46 m² Appartement ∙ 1 chambre ∙ 3 personnes,Crans-Montana - Valais
19/09/2024,15/02/2025,22/02/2025,1467.00,HFVT2WB,46 m² Appartement ∙ 1 chambre ∙ 3 personnes,Crans-Montana - Valais
19/09/2024,22/03/2025,29/03/2025,693.00,HFVT2WB,46 m² Appartement ∙ 1 chambre ∙ 3 personnes,Crans-Montana - Valais
19/09/2024,29/03/2025,05/04/2025,693.00,HFVT2WB,46 m² Appartement ∙ 1 chambre ∙ 3 personnes,Crans-Montana - Valais
19/09/2024,05/04/2025,12/04/2025,693.00,HFVT2WB,46 m² Appartement ∙ 1 chambre ∙ 3 personnes,Crans-Montana - Valais
19/09/2024,12/04/2025,19/04/2025,875.00,HFVT2WB,46 m² Appartement ∙ 1 chambre ∙ 3 personnes,Crans-Montana - Valais
19/09/2024,19/04/2025,26/04/2025,875.00,HFVT2WB,46 m² Appartement ∙ 1 chambre ∙ 3 personnes,Crans-Montana - Valais
19/09/2024,26/04/2025,03/05/2025,693.00,HFVT2WB,46 m² Appartement ∙ 1 chambre ∙ 3 personnes,Crans-Montana - Valais
19/09/2024,03/05/2025,10/05/2025,693.00,HFVT2WB,46 m² Appartement ∙ 1 chambre ∙ 3 personnes,Crans-Montana - Valais
19/09/2024,10/05/2025,17/05/2025,693.00,HFVT2WB,46 m² Appartement ∙ 1 chambre ∙ 3 personnes,Crans-Montana - Valais
19/09/2024,16/11/2024,23/11/2024,1734.83,HWAGRTD,140 m² Maison de vacances ∙ 5 chambres ∙ 10 personnes,Vex - Valais
19/09/2024,23/11/2024,30/11/2024,1734.83,HWAGRTD,140 m² Maison de vacances ∙ 5 chambres ∙ 10 personnes,Vex - Valais
19/09/2024,30/11/2024,07/12/2024,1734.83,HWAGRTD,140 m² Maison de vacances ∙ 5 chambres ∙ 10 personnes,Vex - Valais
19/09/2024,07/12/2024,14/12/2024,1734.83,HWAGRTD,140 m² Maison de vacances ∙ 5 chambres ∙ 10 personnes,Vex - Valais
19/09/2024,14/12/2024,21/12/2024,2081.74,HWAGRTD,140 m² Maison de vacances ∙ 5 chambres ∙ 10 personnes,Vex - Valais
19/09/2024,04/01/2025,11/01/2025,2314.76,HWAGRTD,140 m² Maison de vacances ∙ 5 chambres ∙ 10 personnes,Vex - Valais
19/09/2024,11/01/2025,18/01/2025,2314.76,HWAGRTD,140 m² Maison de vacances ∙ 5 chambres ∙ 10 personnes,Vex - Valais
19/09/2024,18/01/2025,25/01/2025,2666.92,HWAGRTD,140 m² Maison de vacances ∙ 5 chambres ∙ 10 personnes,Vex - Valais
19/09/2024,25/01/2025,01/02/2025,3001.47,HWAGRTD,140 m² Maison de vacances ∙ 5 chambres ∙ 10 personnes,Vex - Valais
19/09/2024,01/02/2025,08/02/2025,3702.60,HWAGRTD,140 m² Maison de vacances ∙ 5 chambres ∙ 10 personnes,Vex - Valais
19/09/2024,22/02/2025,01/03/2025,3932.52,HWAGRTD,140 m² Maison de vacances ∙ 5 chambres ∙ 10 personnes,Vex - Valais
19/09/2024,01/03/2025,08/03/2025,3407.45,HWAGRTD,140 m² Maison de vacances ∙ 5 chambres ∙ 10 personnes,Vex - Valais
19/09/2024,15/03/2025,22/03/2025,2666.92,HWAGRTD,140 m² Maison de vacances ∙ 5 chambres ∙ 10 personnes,Vex - Valais
19/09/2024,22/03/2025,29/03/2025,2428.72,HWAGRTD,140 m² Maison de vacances ∙ 5 chambres ∙ 10 personnes,Vex - Valais
19/09/2024,29/03/2025,05/04/2025,2428.72,HWAGRTD,140 m² Maison de vacances ∙ 5 chambres ∙ 10 personnes,Vex - Valais
19/09/2024,05/04/2025,12/04/2025,2428.72,HWAGRTD,140 m² Maison de vacances ∙ 5 chambres ∙ 10 personnes,Vex - Valais
19/09/2024,12/04/2025,19/04/2025,2314.76,HWAGRTD,140 m² Maison de vacances ∙ 5 chambres ∙ 10 personnes,Vex - Valais
19/09/2024,19/04/2025,26/04/2025,2537.50,HWAGRTD,140 m² Maison de vacances ∙ 5 chambres ∙ 10 personnes,Vex - Valais
19/09/2024,26/04/2025,03/05/2025,2537.50,HWAGRTD,140 m² Maison de vacances ∙ 5 chambres ∙ 10 personnes,Vex - Valais
19/09/2024,28/09/2024,05/10/2024,1097.00,HKX6L7D,76 m² Appartement ∙ 2 chambres ∙ 6 personnes,Saas Fee - Valais
19/09/2024,05/10/2024,12/10/2024,1097.00,HKX6L7D,76 m² Appartement ∙ 2 chambres ∙ 6 personnes,Saas Fee - Valais
19/09/2024,14/12/2024,21/12/2024,1050.00,HKX6L7D,76 m² Appartement ∙ 2 chambres ∙ 6 personnes,Saas Fee - Valais
19/09/2024,21/12/2024,28/12/2024,1524.00,HKX6L7D,76 m² Appartement ∙ 2 chambres ∙ 6 personnes,Saas Fee - Valais
19/09/2024,04/01/2025,11/01/2025,1145.00,HKX6L7D,76 m² Appartement ∙ 2 chambres ∙ 6 personnes,Saas Fee - Valais
19/09/2024,11/01/2025,18/01/2025,1145.00,HKX6L7D,76 m² Appartement ∙ 2 chambres ∙ 6 personnes,Saas Fee - Valais
19/09/2024,18/01/2025,25/01/2025,1145.00,HKX6L7D,76 m² Appartement ∙ 2 chambres ∙ 6 personnes,Saas Fee - Valais
19/09/2024,25/01/2025,01/02/2025,1524.00,HKX6L7D,76 m² Appartement ∙ 2 chambres ∙ 6 personnes,Saas Fee - Valais
19/09/2024,08/02/2025,15/02/2025,1524.00,HKX6L7D,76 m² Appartement ∙ 2 chambres ∙ 6 personnes,Saas Fee - Valais
19/09/2024,22/02/2025,01/03/2025,1524.00,HKX6L7D,76 m² Appartement ∙ 2 chambres ∙ 6 personnes,Saas Fee - Valais
19/09/2024,01/03/2025,08/03/2025,1524.00,HKX6L7D,76 m² Appartement ∙ 2 chambres ∙ 6 personnes,Saas Fee - Valais
19/09/2024,08/03/2025,15/03/2025,1145.00,HKX6L7D,76 m² Appartement ∙ 2 chambres ∙ 6 personnes,Saas Fee - Valais
19/09/2024,15/03/2025,22/03/2025,1145.00,HKX6L7D,76 m² Appartement ∙ 2 chambres ∙ 6 personnes,Saas Fee - Valais
19/09/2024,22/03/2025,29/03/2025,1145.00,HKX6L7D,76 m² Appartement ∙ 2 chambres ∙ 6 personnes,Saas Fee - Valais
19/09/2024,29/03/2025,05/04/2025,1145.00,HKX6L7D,76 m² Appartement ∙ 2 chambres ∙ 6 personnes,Saas Fee - Valais
19/09/2024,05/04/2025,12/04/2025,1145.00,HKX6L7D,76 m² Appartement ∙ 2 chambres ∙ 6 personnes,Saas Fee - Valais
19/09/2024,12/04/2025,19/04/2025,1524.00,HKX6L7D,76 m² Appartement ∙ 2 chambres ∙ 6 personnes,Saas Fee - Valais
19/09/2024,28/09/2024,05/10/2024,1085.47,HHE6GBJ,140 m² Maison de vacances ∙ 4 chambres ∙ 10 personnes,Vex - Valais
19/09/2024,05/10/2024,12/10/2024,1085.47,HHE6GBJ,140 m² Maison de vacances ∙ 4 chambres ∙ 10 personnes,Vex - Valais
19/09/2024,12/10/2024,19/10/2024,1085.47,HHE6GBJ,140 m² Maison de vacances ∙ 4 chambres ∙ 10 personnes,Vex - Valais
19/09/2024,02/11/2024,09/11/2024,1085.47,HHE6GBJ,140 m² Maison de vacances ∙ 4 chambres ∙ 10 personnes,Vex - Valais
19/09/2024,09/11/2024,16/11/2024,1085.47,HHE6GBJ,140 m² Maison de vacances ∙ 4 chambres ∙ 10 personnes,Vex - Valais
19/09/2024,28/09/2024,05/10/2024,1138.44,H06KLY2,61 m² Appartement ∙ 3 chambres ∙ 5 personnes,Saas Fee - Valais
19/09/2024,05/10/2024,12/10/2024,1138.44,H06KLY2,61 m² Appartement ∙ 3 chambres ∙ 5 personnes,Saas Fee - Valais
19/09/2024,12/10/2024,19/10/2024,1138.44,H06KLY2,61 m² Appartement ∙ 3 chambres ∙ 5 personnes,Saas Fee - Valais
19/09/2024,19/10/2024,26/10/2024,1138.44,H06KLY2,61 m² Appartement ∙ 3 chambres ∙ 5 personnes,Saas Fee - Valais
19/09/2024,26/10/2024,02/11/2024,1138.44,H06KLY2,61 m² Appartement ∙ 3 chambres ∙ 5 personnes,Saas Fee - Valais
19/09/2024,02/11/2024,09/11/2024,1138.44,H06KLY2,61 m² Appartement ∙ 3 chambres ∙ 5 personnes,Saas Fee - Valais
19/09/2024,09/11/2024,16/11/2024,1138.44,H06KLY2,61 m² Appartement ∙ 3 chambres ∙ 5 personnes,Saas Fee - Valais
19/09/2024,16/11/2024,23/11/2024,1138.44,H06KLY2,61 m² Appartement ∙ 3 chambres ∙ 5 personnes,Saas Fee - Valais
19/09/2024,23/11/2024,30/11/2024,1138.44,H06KLY2,61 m² Appartement ∙ 3 chambres ∙ 5 personnes,Saas Fee - Valais
19/09/2024,30/11/2024,07/12/2024,1138.44,H06KLY2,61 m² Appartement ∙ 3 chambres ∙ 5 personnes,Saas Fee - Valais
19/09/2024,07/12/2024,14/12/2024,1138.44,H06KLY2,61 m² Appartement ∙ 3 chambres ∙ 5 personnes,Saas Fee - Valais
19/09/2024,14/12/2024,21/12/2024,1695.71,H06KLY2,61 m² Appartement ∙ 3 chambres ∙ 5 personnes,Saas Fee - Valais
19/09/2024,18/01/2025,25/01/2025,1138.44,H06KLY2,61 m² Appartement ∙ 3 chambres ∙ 5 personnes,Saas Fee - Valais
19/09/2024,08/03/2025,15/03/2025,1854.94,H06KLY2,61 m² Appartement ∙ 3 chambres ∙ 5 personnes,Saas Fee - Valais
19/09/2024,15/03/2025,22/03/2025,1695.71,H06KLY2,61 m² Appartement ∙ 3 chambres ∙ 5 personnes,Saas Fee - Valais
19/09/2024,22/03/2025,29/03/2025,1695.71,H06KLY2,61 m² Appartement ∙ 3 chambres ∙ 5 personnes,Saas Fee - Valais
19/09/2024,29/03/2025,05/04/2025,1695.71,H06KLY2,61 m² Appartement ∙ 3 chambres ∙ 5 personnes,Saas Fee - Valais
19/09/2024,19/04/2025,26/04/2025,1854.94,H06KLY2,61 m² Appartement ∙ 3 chambres ∙ 5 personnes,Saas Fee - Valais
19/09/2024,28/09/2024,05/10/2024,866.04,HC8N4P0,75 m² Appartement ∙ 2 chambres ∙ 4 personnes,Loèche-les-Bains - Valais
19/09/2024,26/10/2024,02/11/2024,812.47,HC8N4P0,75 m² Appartement ∙ 2 chambres ∙ 4 personnes,Loèche-les-Bains - Valais
19/09/2024,02/11/2024,09/11/2024,812.47,HC8N4P0,75 m² Appartement ∙ 2 chambres ∙ 4 personnes,Loèche-les-Bains - Valais
19/09/2024,09/11/2024,16/11/2024,812.47,HC8N4P0,75 m² Appartement ∙ 2 chambres ∙ 4 personnes,Loèche-les-Bains - Valais
19/09/2024,16/11/2024,23/11/2024,812.47,HC8N4P0,75 m² Appartement ∙ 2 chambres ∙ 4 personnes,Loèche-les-Bains - Valais
19/09/2024,23/11/2024,30/11/2024,812.47,HC8N4P0,75 m² Appartement ∙ 2 chambres ∙ 4 personnes,Loèche-les-Bains - Valais
19/09/2024,30/11/2024,07/12/2024,812.47,HC8N4P0,75 m² Appartement ∙ 2 chambres ∙ 4 personnes,Loèche-les-Bains - Valais
19/09/2024,07/12/2024,14/12/2024,812.47,HC8N4P0,75 m² Appartement ∙ 2 chambres ∙ 4 personnes,Loèche-les-Bains - Valais
19/09/2024,14/12/2024,21/12/2024,1392.82,HC8N4P0,75 m² Appartement ∙ 2 chambres ∙ 4 personnes,Loèche-les-Bains - Valais
19/09/2024,04/01/2025,11/01/2025,1678.52,HC8N4P0,75 m² Appartement ∙ 2 chambres ∙ 4 personnes,Loèche-les-Bains - Valais
19/09/2024,11/01/2025,18/01/2025,1678.52,HC8N4P0,75 m² Appartement ∙ 2 chambres ∙ 4 personnes,Loèche-les-Bains - Valais
19/09/2024,18/01/2025,25/01/2025,1678.52,HC8N4P0,75 m² Appartement ∙ 2 chambres ∙ 4 personnes,Loèche-les-Bains - Valais
19/09/2024,08/03/2025,15/03/2025,1433.63,HC8N4P0,75 m² Appartement ∙ 2 chambres ∙ 4 personnes,Loèche-les-Bains - Valais
19/09/2024,15/03/2025,22/03/2025,1249.96,HC8N4P0,75 m² Appartement ∙ 2 chambres ∙ 4 personnes,Loèche-les-Bains - Valais
19/09/2024,22/03/2025,29/03/2025,1249.96,HC8N4P0,75 m² Appartement ∙ 2 chambres ∙ 4 personnes,Loèche-les-Bains - Valais
19/09/2024,05/10/2024,12/10/2024,876.00,HJ3CZR9,25 m² Villa ∙ 1 chambre ∙ 2 personnes,Zermatt - Valais
19/09/2024,12/10/2024,19/10/2024,876.00,HJ3CZR9,25 m² Villa ∙ 1 chambre ∙ 2 personnes,Zermatt - Valais
19/09/2024,19/10/2024,26/10/2024,876.00,HJ3CZR9,25 m² Villa ∙ 1 chambre ∙ 2 personnes,Zermatt - Valais
19/09/2024,26/10/2024,02/11/2024,876.00,HJ3CZR9,25 m² Villa ∙ 1 chambre ∙ 2 personnes,Zermatt - Valais
19/09/2024,23/11/2024,30/11/2024,907.00,HJ3CZR9,25 m² Villa ∙ 1 chambre ∙ 2 personnes,Zermatt - Valais
19/09/2024,30/11/2024,07/12/2024,907.00,HJ3CZR9,25 m² Villa ∙ 1 chambre ∙ 2 personnes,Zermatt - Valais
19/09/2024,07/12/2024,14/12/2024,907.00,HJ3CZR9,25 m² Villa ∙ 1 chambre ∙ 2 personnes,Zermatt - Valais
19/09/2024,14/12/2024,21/12/2024,1077.00,HJ3CZR9,25 m² Villa ∙ 1 chambre ∙ 2 personnes,Zermatt - Valais
19/09/2024,21/12/2024,28/12/2024,1565.00,HJ3CZR9,25 m² Villa ∙ 1 chambre ∙ 2 personnes,Zermatt - Valais
19/09/2024,11/01/2025,18/01/2025,1077.00,HJ3CZR9,25 m² Villa ∙ 1 chambre ∙ 2 personnes,Zermatt - Valais
19/09/2024,08/02/2025,15/02/2025,1493.00,HJ3CZR9,25 m² Villa ∙ 1 chambre ∙ 2 personnes,Zermatt - Valais
19/09/2024,15/02/2025,22/02/2025,1493.00,HJ3CZR9,25 m² Villa ∙ 1 chambre ∙ 2 personnes,Zermatt - Valais
19/09/2024,01/03/2025,08/03/2025,1273.00,HJ3CZR9,25 m² Villa ∙ 1 chambre ∙ 2 personnes,Zermatt - Valais
19/09/2024,29/03/2025,05/04/2025,1119.00,HJ3CZR9,25 m² Villa ∙ 1 chambre ∙ 2 personnes,Zermatt - Valais
19/09/2024,19/04/2025,26/04/2025,1119.00,HJ3CZR9,25 m² Villa ∙ 1 chambre ∙ 2 personnes,Zermatt - Valais
19/09/2024,26/04/2025,03/05/2025,907.00,HJ3CZR9,25 m² Villa ∙ 1 chambre ∙ 2 personnes,Zermatt - Valais
19/09/2024,03/05/2025,10/05/2025,907.00,HJ3CZR9,25 m² Villa ∙ 1 chambre ∙ 2 personnes,Zermatt - Valais
19/09/2024,10/05/2025,17/05/2025,907.00,HJ3CZR9,25 m² Villa ∙ 1 chambre ∙ 2 personnes,Zermatt - Valais
19/09/2024,02/11/2024,09/11/2024,955.33,HN5MLZU,65 m² Appartement ∙ 2 chambres ∙ 5 personnes,Saas Fee - Valais
19/09/2024,09/11/2024,16/11/2024,955.33,HN5MLZU,65 m² Appartement ∙ 2 chambres ∙ 5 personnes,Saas Fee - Valais
19/09/2024,16/11/2024,23/11/2024,955.33,HN5MLZU,65 m² Appartement ∙ 2 chambres ∙ 5 personnes,Saas Fee - Valais
19/09/2024,23/11/2024,30/11/2024,955.33,HN5MLZU,65 m² Appartement ∙ 2 chambres ∙ 5 personnes,Saas Fee - Valais
19/09/2024,30/11/2024,07/12/2024,955.33,HN5MLZU,65 m² Appartement ∙ 2 chambres ∙ 5 personnes,Saas Fee - Valais
19/09/2024,07/12/2024,14/12/2024,954.42,HN5MLZU,65 m² Appartement ∙ 2 chambres ∙ 5 personnes,Saas Fee - Valais
19/09/2024,14/12/2024,21/12/2024,955.33,HN5MLZU,65 m² Appartement ∙ 2 chambres ∙ 5 personnes,Saas Fee - Valais
19/09/2024,04/01/2025,11/01/2025,955.33,HN5MLZU,65 m² Appartement ∙ 2 chambres ∙ 5 personnes,Saas Fee - Valais
19/09/2024,11/01/2025,18/01/2025,955.33,HN5MLZU,65 m² Appartement ∙ 2 chambres ∙ 5 personnes,Saas Fee - Valais
19/09/2024,18/01/2025,25/01/2025,955.33,HN5MLZU,65 m² Appartement ∙ 2 chambres ∙ 5 personnes,Saas Fee - Valais
19/09/2024,21/09/2024,28/09/2024,962.64,HB059WS,Appartement ∙ 2 chambres ∙ 6 personnes,Chalais - Valais
19/09/2024,28/09/2024,05/10/2024,962.64,HB059WS,Appartement ∙ 2 chambres ∙ 6 personnes,Chalais - Valais
19/09/2024,05/10/2024,12/10/2024,963.57,HB059WS,Appartement ∙ 2 chambres ∙ 6 personnes,Chalais - Valais
19/09/2024,12/10/2024,19/10/2024,963.57,HB059WS,Appartement ∙ 2 chambres ∙ 6 personnes,Chalais - Valais
19/09/2024,19/10/2024,26/10/2024,963.57,HB059WS,Appartement ∙ 2 chambres ∙ 6 personnes,Chalais - Valais
19/09/2024,26/10/2024,02/11/2024,963.57,HB059WS,Appartement ∙ 2 chambres ∙ 6 personnes,Chalais - Valais
19/09/2024,02/11/2024,09/11/2024,963.57,HB059WS,Appartement ∙ 2 chambres ∙ 6 personnes,Chalais - Valais
19/09/2024,09/11/2024,16/11/2024,963.57,HB059WS,Appartement ∙ 2 chambres ∙ 6 personnes,Chalais - Valais
19/09/2024,16/11/2024,23/11/2024,963.57,HB059WS,Appartement ∙ 2 chambres ∙ 6 personnes,Chalais - Valais
19/09/2024,23/11/2024,30/11/2024,963.57,HB059WS,Appartement ∙ 2 chambres ∙ 6 personnes,Chalais - Valais
19/09/2024,30/11/2024,07/12/2024,962.64,HB059WS,Appartement ∙ 2 chambres ∙ 6 personnes,Chalais - Valais
19/09/2024,07/12/2024,14/12/2024,963.57,HB059WS,Appartement ∙ 2 chambres ∙ 6 personnes,Chalais - Valais
19/09/2024,14/12/2024,21/12/2024,973.81,HB059WS,Appartement ∙ 2 chambres ∙ 6 personnes,Chalais - Valais
19/09/2024,04/01/2025,11/01/2025,1296.14,HB059WS,Appartement ∙ 2 chambres ∙ 6 personnes,Chalais - Valais
19/09/2024,11/01/2025,18/01/2025,1297.39,HB059WS,Appartement ∙ 2 chambres ∙ 6 personnes,Chalais - Valais
19/09/2024,18/01/2025,25/01/2025,1296.14,HB059WS,Appartement ∙ 2 chambres ∙ 6 personnes,Chalais - Valais
19/09/2024,25/01/2025,01/02/2025,1297.39,HB059WS,Appartement ∙ 2 chambres ∙ 6 personnes,Chalais - Valais
19/09/2024,01/02/2025,08/02/2025,1620.43,HB059WS,Appartement ∙ 2 chambres ∙ 6 personnes,Chalais - Valais
19/09/2024,08/02/2025,15/02/2025,1621.99,HB059WS,Appartement ∙ 2 chambres ∙ 6 personnes,Chalais - Valais
19/09/2024,01/03/2025,08/03/2025,1784.81,HB059WS,Appartement ∙ 2 chambres ∙ 6 personnes,Chalais - Valais
19/09/2024,08/03/2025,15/03/2025,1297.39,HB059WS,Appartement ∙ 2 chambres ∙ 6 personnes,Chalais - Valais
19/09/2024,15/03/2025,22/03/2025,1296.14,HB059WS,Appartement ∙ 2 chambres ∙ 6 personnes,Chalais - Valais
19/09/2024,22/03/2025,29/03/2025,1297.39,HB059WS,Appartement ∙ 2 chambres ∙ 6 personnes,Chalais - Valais
19/09/2024,29/03/2025,05/04/2025,1297.39,HB059WS,Appartement ∙ 2 chambres ∙ 6 personnes,Chalais - Valais
19/09/2024,05/04/2025,12/04/2025,1296.14,HB059WS,Appartement ∙ 2 chambres ∙ 6 personnes,Chalais - Valais
19/09/2024,12/04/2025,19/04/2025,1296.14,HB059WS,Appartement ∙ 2 chambres ∙ 6 personnes,Chalais - Valais
19/09/2024,19/04/2025,26/04/2025,1297.39,HB059WS,Appartement ∙ 2 chambres ∙ 6 personnes,Chalais - Valais
19/09/2024,21/09/2024,28/09/2024,1033.94,H9GTXB8,56 m² Appartement ∙ 2 chambres ∙ 4 personnes,Saas Fee - Valais
19/09/2024,26/10/2024,02/11/2024,1022.58,H9GTXB8,56 m² Appartement ∙ 2 chambres ∙ 4 personnes,Saas Fee - Valais
19/09/2024,02/11/2024,09/11/2024,955.33,H9GTXB8,56 m² Appartement ∙ 2 chambres ∙ 4 personnes,Saas Fee - Valais
19/09/2024,09/11/2024,16/11/2024,954.41,H9GTXB8,56 m² Appartement ∙ 2 chambres ∙ 4 personnes,Saas Fee - Valais
19/09/2024,16/11/2024,23/11/2024,955.33,H9GTXB8,56 m² Appartement ∙ 2 chambres ∙ 4 personnes,Saas Fee - Valais
19/09/2024,23/11/2024,30/11/2024,954.41,H9GTXB8,56 m² Appartement ∙ 2 chambres ∙ 4 personnes,Saas Fee - Valais
19/09/2024,30/11/2024,07/12/2024,954.41,H9GTXB8,56 m² Appartement ∙ 2 chambres ∙ 4 personnes,Saas Fee - Valais
19/09/2024,07/12/2024,14/12/2024,955.33,H9GTXB8,56 m² Appartement ∙ 2 chambres ∙ 4 personnes,Saas Fee - Valais
19/09/2024,14/12/2024,21/12/2024,955.33,H9GTXB8,56 m² Appartement ∙ 2 chambres ∙ 4 personnes,Saas Fee - Valais
19/09/2024,11/01/2025,18/01/2025,955.33,H9GTXB8,56 m² Appartement ∙ 2 chambres ∙ 4 personnes,Saas Fee - Valais
19/09/2024,08/02/2025,15/02/2025,1431.61,H9GTXB8,56 m² Appartement ∙ 2 chambres ∙ 4 personnes,Saas Fee - Valais
19/09/2024,08/03/2025,15/03/2025,1431.61,H9GTXB8,56 m² Appartement ∙ 2 chambres ∙ 4 personnes,Saas Fee - Valais
19/09/2024,04/01/2025,11/01/2025,795.35,HC7M2DN,110 m² Appartement ∙ 2 chambres ∙ 6 personnes,Saas-Almagell - Valais
19/09/2024,11/01/2025,18/01/2025,795.35,HC7M2DN,110 m² Appartement ∙ 2 chambres ∙ 6 personnes,Saas-Almagell - Valais
19/09/2024,18/01/2025,25/01/2025,795.35,HC7M2DN,110 m² Appartement ∙ 2 chambres ∙ 6 personnes,Saas-Almagell - Valais
19/09/2024,08/03/2025,15/03/2025,795.35,HC7M2DN,110 m² Appartement ∙ 2 chambres ∙ 6 personnes,Saas-Almagell - Valais
19/09/2024,15/03/2025,22/03/2025,796.11,HC7M2DN,110 m² Appartement ∙ 2 chambres ∙ 6 personnes,Saas-Almagell - Valais
19/09/2024,22/03/2025,29/03/2025,796.11,HC7M2DN,110 m² Appartement ∙ 2 chambres ∙ 6 personnes,Saas-Almagell - Valais
19/09/2024,29/03/2025,05/04/2025,795.35,HC7M2DN,110 m² Appartement ∙ 2 chambres ∙ 6 personnes,Saas-Almagell - Valais
19/09/2024,05/04/2025,12/04/2025,795.35,HC7M2DN,110 m² Appartement ∙ 2 chambres ∙ 6 personnes,Saas-Almagell - Valais
19/09/2024,12/04/2025,19/04/2025,795.35,HC7M2DN,110 m² Appartement ∙ 2 chambres ∙ 6 personnes,Saas-Almagell - Valais
19/09/2024,19/04/2025,26/04/2025,796.11,HC7M2DN,110 m² Appartement ∙ 2 chambres ∙ 6 personnes,Saas-Almagell - Valais
19/09/2024,26/04/2025,03/05/2025,796.11,HC7M2DN,110 m² Appartement ∙ 2 chambres ∙ 6 personnes,Saas-Almagell - Valais
19/09/2024,03/05/2025,10/05/2025,795.35,HC7M2DN,110 m² Appartement ∙ 2 chambres ∙ 6 personnes,Saas-Almagell - Valais
19/09/2024,10/05/2025,17/05/2025,795.35,HC7M2DN,110 m² Appartement ∙ 2 chambres ∙ 6 personnes,Saas-Almagell - Valais
19/09/2024,28/09/2024,05/10/2024,413.00,HN4JEP8,32 m² Appartement ∙ 1 chambre ∙ 2 personnes,Crans-Montana - Valais
19/09/2024,05/10/2024,12/10/2024,524.00,HN4JEP8,32 m² Appartement ∙ 1 chambre ∙ 2 personnes,Crans-Montana - Valais
19/09/2024,12/10/2024,19/10/2024,524.00,HN4JEP8,32 m² Appartement ∙ 1 chambre ∙ 2 personnes,Crans-Montana - Valais
19/09/2024,19/10/2024,26/10/2024,524.00,HN4JEP8,32 m² Appartement ∙ 1 chambre ∙ 2 personnes,Crans-Montana - Valais
19/09/2024,26/10/2024,02/11/2024,524.00,HN4JEP8,32 m² Appartement ∙ 1 chambre ∙ 2 personnes,Crans-Montana - Valais
19/09/2024,02/11/2024,09/11/2024,551.00,HN4JEP8,32 m² Appartement ∙ 1 chambre ∙ 2 personnes,Crans-Montana - Valais
19/09/2024,09/11/2024,16/11/2024,551.00,HN4JEP8,32 m² Appartement ∙ 1 chambre ∙ 2 personnes,Crans-Montana - Valais
19/09/2024,16/11/2024,23/11/2024,551.00,HN4JEP8,32 m² Appartement ∙ 1 chambre ∙ 2 personnes,Crans-Montana - Valais
19/09/2024,23/11/2024,30/11/2024,551.00,HN4JEP8,32 m² Appartement ∙ 1 chambre ∙ 2 personnes,Crans-Montana - Valais
19/09/2024,30/11/2024,07/12/2024,551.00,HN4JEP8,32 m² Appartement ∙ 1 chambre ∙ 2 personnes,Crans-Montana - Valais
19/09/2024,07/12/2024,14/12/2024,551.00,HN4JEP8,32 m² Appartement ∙ 1 chambre ∙ 2 personnes,Crans-Montana - Valais
19/09/2024,14/12/2024,21/12/2024,551.00,HN4JEP8,32 m² Appartement ∙ 1 chambre ∙ 2 personnes,Crans-Montana - Valais
19/09/2024,21/12/2024,28/12/2024,946.00,HN4JEP8,32 m² Appartement ∙ 1 chambre ∙ 2 personnes,Crans-Montana - Valais
19/09/2024,28/12/2024,04/01/2025,1079.00,HN4JEP8,32 m² Appartement ∙ 1 chambre ∙ 2 personnes,Crans-Montana - Valais
19/09/2024,04/01/2025,11/01/2025,642.00,HN4JEP8,32 m² Appartement ∙ 1 chambre ∙ 2 personnes,Crans-Montana - Valais
19/09/2024,11/01/2025,18/01/2025,642.00,HN4JEP8,32 m² Appartement ∙ 1 chambre ∙ 2 personnes,Crans-Montana - Valais
19/09/2024,18/01/2025,25/01/2025,642.00,HN4JEP8,32 m² Appartement ∙ 1 chambre ∙ 2 personnes,Crans-Montana - Valais
19/09/2024,01/02/2025,08/02/2025,741.00,HN4JEP8,32 m² Appartement ∙ 1 chambre ∙ 2 personnes,Crans-Montana - Valais
19/09/2024,08/02/2025,15/02/2025,803.00,HN4JEP8,32 m² Appartement ∙ 1 chambre ∙ 2 personnes,Crans-Montana - Valais
19/09/2024,15/02/2025,22/02/2025,946.00,HN4JEP8,32 m² Appartement ∙ 1 chambre ∙ 2 personnes,Crans-Montana - Valais
19/09/2024,22/02/2025,01/03/2025,946.00,HN4JEP8,32 m² Appartement ∙ 1 chambre ∙ 2 personnes,Crans-Montana - Valais
19/09/2024,01/03/2025,08/03/2025,803.00,HN4JEP8,32 m² Appartement ∙ 1 chambre ∙ 2 personnes,Crans-Montana - Valais
19/09/2024,08/03/2025,15/03/2025,551.00,HN4JEP8,32 m² Appartement ∙ 1 chambre ∙ 2 personnes,Crans-Montana - Valais
19/09/2024,15/03/2025,22/03/2025,551.00,HN4JEP8,32 m² Appartement ∙ 1 chambre ∙ 2 personnes,Crans-Montana - Valais
19/09/2024,22/03/2025,29/03/2025,551.00,HN4JEP8,32 m² Appartement ∙ 1 chambre ∙ 2 personnes,Crans-Montana - Valais
19/09/2024,29/03/2025,05/04/2025,551.00,HN4JEP8,32 m² Appartement ∙ 1 chambre ∙ 2 personnes,Crans-Montana - Valais
19/09/2024,05/04/2025,12/04/2025,551.00,HN4JEP8,32 m² Appartement ∙ 1 chambre ∙ 2 personnes,Crans-Montana - Valais
19/09/2024,12/04/2025,19/04/2025,642.00,HN4JEP8,32 m² Appartement ∙ 1 chambre ∙ 2 personnes,Crans-Montana - Valais
19/09/2024,19/04/2025,26/04/2025,642.00,HN4JEP8,32 m² Appartement ∙ 1 chambre ∙ 2 personnes,Crans-Montana - Valais
19/09/2024,26/04/2025,03/05/2025,551.00,HN4JEP8,32 m² Appartement ∙ 1 chambre ∙ 2 personnes,Crans-Montana - Valais
19/09/2024,03/05/2025,10/05/2025,551.00,HN4JEP8,32 m² Appartement ∙ 1 chambre ∙ 2 personnes,Crans-Montana - Valais
19/09/2024,10/05/2025,17/05/2025,551.00,HN4JEP8,32 m² Appartement ∙ 1 chambre ∙ 2 personnes,Crans-Montana - Valais
19/09/2024,21/09/2024,28/09/2024,1229.71,H1KC54J,100 m² Maison de vacances ∙ 2 chambres ∙ 6 personnes,Riddes - Valais
19/09/2024,28/09/2024,05/10/2024,1229.71,H1KC54J,100 m² Maison de vacances ∙ 2 chambres ∙ 6 personnes,Riddes - Valais
19/09/2024,05/10/2024,12/10/2024,1229.71,H1KC54J,100 m² Maison de vacances ∙ 2 chambres ∙ 6 personnes,Riddes - Valais
19/09/2024,12/10/2024,19/10/2024,1230.90,H1KC54J,100 m² Maison de vacances ∙ 2 chambres ∙ 6 personnes,Riddes - Valais
19/09/2024,19/10/2024,26/10/2024,1229.71,H1KC54J,100 m² Maison de vacances ∙ 2 chambres ∙ 6 personnes,Riddes - Valais
19/09/2024,26/10/2024,02/11/2024,1274.40,H1KC54J,100 m² Maison de vacances ∙ 2 chambres ∙ 6 personnes,Riddes - Valais
19/09/2024,02/11/2024,09/11/2024,1249.74,H1KC54J,100 m² Maison de vacances ∙ 2 chambres ∙ 6 personnes,Riddes - Valais
19/09/2024,09/11/2024,16/11/2024,1230.90,H1KC54J,100 m² Maison de vacances ∙ 2 chambres ∙ 6 personnes,Riddes - Valais
19/09/2024,16/11/2024,23/11/2024,1229.71,H1KC54J,100 m² Maison de vacances ∙ 2 chambres ∙ 6 personnes,Riddes - Valais
19/09/2024,23/11/2024,30/11/2024,1229.71,H1KC54J,100 m² Maison de vacances ∙ 2 chambres ∙ 6 personnes,Riddes - Valais
19/09/2024,03/05/2025,10/05/2025,1351.46,H1KC54J,100 m² Maison de vacances ∙ 2 chambres ∙ 6 personnes,Riddes - Valais
19/09/2024,10/05/2025,17/05/2025,1351.46,H1KC54J,100 m² Maison de vacances ∙ 2 chambres ∙ 6 personnes,Riddes - Valais
19/09/2024,16/11/2024,23/11/2024,1361.92,HZFJLE0,135 m² Maison de vacances ∙ 6 chambres ∙ 12 personnes,Crans-Montana - Valais
19/09/2024,23/11/2024,30/11/2024,1361.92,HZFJLE0,135 m² Maison de vacances ∙ 6 chambres ∙ 12 personnes,Crans-Montana - Valais
19/09/2024,30/11/2024,07/12/2024,1361.92,HZFJLE0,135 m² Maison de vacances ∙ 6 chambres ∙ 12 personnes,Crans-Montana - Valais
19/09/2024,07/12/2024,14/12/2024,1361.92,HZFJLE0,135 m² Maison de vacances ∙ 6 chambres ∙ 12 personnes,Crans-Montana - Valais
19/09/2024,14/12/2024,21/12/2024,1361.92,HZFJLE0,135 m² Maison de vacances ∙ 6 chambres ∙ 12 personnes,Crans-Montana - Valais
19/09/2024,04/01/2025,11/01/2025,1361.92,HZFJLE0,135 m² Maison de vacances ∙ 6 chambres ∙ 12 personnes,Crans-Montana - Valais
19/09/2024,11/01/2025,18/01/2025,1361.92,HZFJLE0,135 m² Maison de vacances ∙ 6 chambres ∙ 12 personnes,Crans-Montana - Valais
19/09/2024,18/01/2025,25/01/2025,1361.92,HZFJLE0,135 m² Maison de vacances ∙ 6 chambres ∙ 12 personnes,Crans-Montana - Valais
19/09/2024,01/02/2025,08/02/2025,2246.41,HZFJLE0,135 m² Maison de vacances ∙ 6 chambres ∙ 12 personnes,Crans-Montana - Valais
19/09/2024,15/02/2025,22/02/2025,3137.11,HZFJLE0,135 m² Maison de vacances ∙ 6 chambres ∙ 12 personnes,Crans-Montana - Valais
19/09/2024,08/03/2025,15/03/2025,1633.27,HZFJLE0,135 m² Maison de vacances ∙ 6 chambres ∙ 12 personnes,Crans-Montana - Valais
19/09/2024,15/03/2025,22/03/2025,1361.92,HZFJLE0,135 m² Maison de vacances ∙ 6 chambres ∙ 12 personnes,Crans-Montana - Valais
19/09/2024,22/03/2025,29/03/2025,1361.92,HZFJLE0,135 m² Maison de vacances ∙ 6 chambres ∙ 12 personnes,Crans-Montana - Valais
19/09/2024,29/03/2025,05/04/2025,1361.92,HZFJLE0,135 m² Maison de vacances ∙ 6 chambres ∙ 12 personnes,Crans-Montana - Valais
19/09/2024,05/04/2025,12/04/2025,1361.92,HZFJLE0,135 m² Maison de vacances ∙ 6 chambres ∙ 12 personnes,Crans-Montana - Valais
19/09/2024,12/04/2025,19/04/2025,1541.10,HZFJLE0,135 m² Maison de vacances ∙ 6 chambres ∙ 12 personnes,Crans-Montana - Valais
19/09/2024,19/04/2025,26/04/2025,1361.92,HZFJLE0,135 m² Maison de vacances ∙ 6 chambres ∙ 12 personnes,Crans-Montana - Valais
19/09/2024,26/04/2025,03/05/2025,1361.92,HZFJLE0,135 m² Maison de vacances ∙ 6 chambres ∙ 12 personnes,Crans-Montana - Valais
19/09/2024,21/09/2024,28/09/2024,835.00,H2A7SNF,80 m² Appartement ∙ 2 chambres ∙ 4 personnes,Ovronnaz - Leytron - Valais
19/09/2024,28/09/2024,05/10/2024,835.00,H2A7SNF,80 m² Appartement ∙ 2 chambres ∙ 4 personnes,Ovronnaz - Leytron - Valais
19/09/2024,05/10/2024,12/10/2024,1054.00,H2A7SNF,80 m² Appartement ∙ 2 chambres ∙ 4 personnes,Ovronnaz - Leytron - Valais
19/09/2024,12/10/2024,19/10/2024,1054.00,H2A7SNF,80 m² Appartement ∙ 2 chambres ∙ 4 personnes,Ovronnaz - Leytron - Valais
19/09/2024,09/11/2024,16/11/2024,1054.00,H2A7SNF,80 m² Appartement ∙ 2 chambres ∙ 4 personnes,Ovronnaz - Leytron - Valais
19/09/2024,16/11/2024,23/11/2024,1054.00,H2A7SNF,80 m² Appartement ∙ 2 chambres ∙ 4 personnes,Ovronnaz - Leytron - Valais
19/09/2024,23/11/2024,30/11/2024,1054.00,H2A7SNF,80 m² Appartement ∙ 2 chambres ∙ 4 personnes,Ovronnaz - Leytron - Valais
19/09/2024,30/11/2024,07/12/2024,1054.00,H2A7SNF,80 m² Appartement ∙ 2 chambres ∙ 4 personnes,Ovronnaz - Leytron - Valais
19/09/2024,07/12/2024,14/12/2024,1054.00,H2A7SNF,80 m² Appartement ∙ 2 chambres ∙ 4 personnes,Ovronnaz - Leytron - Valais
19/09/2024,14/12/2024,21/12/2024,1054.00,H2A7SNF,80 m² Appartement ∙ 2 chambres ∙ 4 personnes,Ovronnaz - Leytron - Valais
19/09/2024,21/12/2024,28/12/2024,1934.00,H2A7SNF,80 m² Appartement ∙ 2 chambres ∙ 4 personnes,Ovronnaz - Leytron - Valais
19/09/2024,04/01/2025,11/01/2025,1054.00,H2A7SNF,80 m² Appartement ∙ 2 chambres ∙ 4 personnes,Ovronnaz - Leytron - Valais
19/09/2024,18/01/2025,25/01/2025,1054.00,H2A7SNF,80 m² Appartement ∙ 2 chambres ∙ 4 personnes,Ovronnaz - Leytron - Valais
19/09/2024,25/01/2025,01/02/2025,1054.00,H2A7SNF,80 m² Appartement ∙ 2 chambres ∙ 4 personnes,Ovronnaz - Leytron - Valais
19/09/2024,22/02/2025,01/03/2025,2222.00,H2A7SNF,80 m² Appartement ∙ 2 chambres ∙ 4 personnes,Ovronnaz - Leytron - Valais
19/09/2024,01/03/2025,08/03/2025,2222.00,H2A7SNF,80 m² Appartement ∙ 2 chambres ∙ 4 personnes,Ovronnaz - Leytron - Valais
19/09/2024,05/04/2025,12/04/2025,1054.00,H2A7SNF,80 m² Appartement ∙ 2 chambres ∙ 4 personnes,Ovronnaz - Leytron - Valais
19/09/2024,12/04/2025,19/04/2025,1054.00,H2A7SNF,80 m² Appartement ∙ 2 chambres ∙ 4 personnes,Ovronnaz - Leytron - Valais
19/09/2024,19/04/2025,26/04/2025,1054.00,H2A7SNF,80 m² Appartement ∙ 2 chambres ∙ 4 personnes,Ovronnaz - Leytron - Valais
19/09/2024,26/04/2025,03/05/2025,1054.00,H2A7SNF,80 m² Appartement ∙ 2 chambres ∙ 4 personnes,Ovronnaz - Leytron - Valais
19/09/2024,03/05/2025,10/05/2025,1054.00,H2A7SNF,80 m² Appartement ∙ 2 chambres ∙ 4 personnes,Ovronnaz - Leytron - Valais
19/09/2024,10/05/2025,17/05/2025,1054.00,H2A7SNF,80 m² Appartement ∙ 2 chambres ∙ 4 personnes,Ovronnaz - Leytron - Valais
19/09/2024,12/10/2024,19/10/2024,1198.41,HZDLK7H,74 m² Appartement ∙ 2 chambres ∙ 6 personnes,Zinal - Ayer - Valais
19/09/2024,02/11/2024,09/11/2024,1198.41,HZDLK7H,74 m² Appartement ∙ 2 chambres ∙ 6 personnes,Zinal - Ayer - Valais
19/09/2024,09/11/2024,16/11/2024,1198.41,HZDLK7H,74 m² Appartement ∙ 2 chambres ∙ 6 personnes,Zinal - Ayer - Valais
19/09/2024,16/11/2024,23/11/2024,1198.41,HZDLK7H,74 m² Appartement ∙ 2 chambres ∙ 6 personnes,Zinal - Ayer - Valais
19/09/2024,04/01/2025,11/01/2025,2184.08,HZDLK7H,74 m² Appartement ∙ 2 chambres ∙ 6 personnes,Zinal - Ayer - Valais
19/09/2024,11/01/2025,18/01/2025,2184.08,HZDLK7H,74 m² Appartement ∙ 2 chambres ∙ 6 personnes,Zinal - Ayer - Valais
19/09/2024,25/01/2025,01/02/2025,2198.27,HZDLK7H,74 m² Appartement ∙ 2 chambres ∙ 6 personnes,Zinal - Ayer - Valais
19/09/2024,08/03/2025,15/03/2025,4112.89,HZDLK7H,74 m² Appartement ∙ 2 chambres ∙ 6 personnes,Zinal - Ayer - Valais
19/09/2024,29/03/2025,05/04/2025,2184.08,HZDLK7H,74 m² Appartement ∙ 2 chambres ∙ 6 personnes,Zinal - Ayer - Valais
19/09/2024,21/09/2024,28/09/2024,1016.85,HFR7X43,64 m² Appartement ∙ 1 chambre ∙ 2 personnes,Loèche-les-Bains - Valais
19/09/2024,28/09/2024,05/10/2024,762.64,HFR7X43,64 m² Appartement ∙ 1 chambre ∙ 2 personnes,Loèche-les-Bains - Valais
19/09/2024,05/10/2024,12/10/2024,762.64,HFR7X43,64 m² Appartement ∙ 1 chambre ∙ 2 personnes,Loèche-les-Bains - Valais
19/09/2024,26/10/2024,02/11/2024,682.36,HFR7X43,64 m² Appartement ∙ 1 chambre ∙ 2 personnes,Loèche-les-Bains - Valais
19/09/2024,02/11/2024,09/11/2024,682.36,HFR7X43,64 m² Appartement ∙ 1 chambre ∙ 2 personnes,Loèche-les-Bains - Valais
19/09/2024,09/11/2024,16/11/2024,682.36,HFR7X43,64 m² Appartement ∙ 1 chambre ∙ 2 personnes,Loèche-les-Bains - Valais
19/09/2024,16/11/2024,23/11/2024,682.36,HFR7X43,64 m² Appartement ∙ 1 chambre ∙ 2 personnes,Loèche-les-Bains - Valais
19/09/2024,23/11/2024,30/11/2024,682.36,HFR7X43,64 m² Appartement ∙ 1 chambre ∙ 2 personnes,Loèche-les-Bains - Valais
19/09/2024,30/11/2024,07/12/2024,682.36,HFR7X43,64 m² Appartement ∙ 1 chambre ∙ 2 personnes,Loèche-les-Bains - Valais
19/09/2024,07/12/2024,14/12/2024,682.36,HFR7X43,64 m² Appartement ∙ 1 chambre ∙ 2 personnes,Loèche-les-Bains - Valais
19/09/2024,14/12/2024,21/12/2024,909.82,HFR7X43,64 m² Appartement ∙ 1 chambre ∙ 2 personnes,Loèche-les-Bains - Valais
19/09/2024,21/12/2024,28/12/2024,1251.00,HFR7X43,64 m² Appartement ∙ 1 chambre ∙ 2 personnes,Loèche-les-Bains - Valais
19/09/2024,04/01/2025,11/01/2025,909.82,HFR7X43,64 m² Appartement ∙ 1 chambre ∙ 2 personnes,Loèche-les-Bains - Valais
19/09/2024,11/01/2025,18/01/2025,909.82,HFR7X43,64 m² Appartement ∙ 1 chambre ∙ 2 personnes,Loèche-les-Bains - Valais
19/09/2024,18/01/2025,25/01/2025,909.82,HFR7X43,64 m² Appartement ∙ 1 chambre ∙ 2 personnes,Loèche-les-Bains - Valais
19/09/2024,15/02/2025,22/02/2025,1382.56,HFR7X43,64 m² Appartement ∙ 1 chambre ∙ 2 personnes,Loèche-les-Bains - Valais
19/09/2024,22/02/2025,01/03/2025,1382.56,HFR7X43,64 m² Appartement ∙ 1 chambre ∙ 2 personnes,Loèche-les-Bains - Valais
19/09/2024,01/03/2025,08/03/2025,1382.56,HFR7X43,64 m² Appartement ∙ 1 chambre ∙ 2 personnes,Loèche-les-Bains - Valais
19/09/2024,08/03/2025,15/03/2025,909.82,HFR7X43,64 m² Appartement ∙ 1 chambre ∙ 2 personnes,Loèche-les-Bains - Valais
19/09/2024,15/03/2025,22/03/2025,909.82,HFR7X43,64 m² Appartement ∙ 1 chambre ∙ 2 personnes,Loèche-les-Bains - Valais
19/09/2024,22/03/2025,29/03/2025,909.82,HFR7X43,64 m² Appartement ∙ 1 chambre ∙ 2 personnes,Loèche-les-Bains - Valais
19/09/2024,29/03/2025,05/04/2025,909.82,HFR7X43,64 m² Appartement ∙ 1 chambre ∙ 2 personnes,Loèche-les-Bains - Valais
19/09/2024,05/04/2025,12/04/2025,909.82,HFR7X43,64 m² Appartement ∙ 1 chambre ∙ 2 personnes,Loèche-les-Bains - Valais
19/09/2024,12/04/2025,19/04/2025,909.82,HFR7X43,64 m² Appartement ∙ 1 chambre ∙ 2 personnes,Loèche-les-Bains - Valais
19/09/2024,19/04/2025,26/04/2025,909.82,HFR7X43,64 m² Appartement ∙ 1 chambre ∙ 2 personnes,Loèche-les-Bains - Valais
19/09/2024,28/09/2024,05/10/2024,719.33,HEK1WJ6,33 m² Studio ∙ 1 chambre ∙ 2 personnes,Zermatt - Valais
19/09/2024,05/10/2024,12/10/2024,765.00,HEK1WJ6,33 m² Studio ∙ 1 chambre ∙ 2 personnes,Zermatt - Valais
19/09/2024,12/10/2024,19/10/2024,732.82,HEK1WJ6,33 m² Studio ∙ 1 chambre ∙ 2 personnes,Zermatt - Valais
19/09/2024,02/11/2024,09/11/2024,719.33,HEK1WJ6,33 m² Studio ∙ 1 chambre ∙ 2 personnes,Zermatt - Valais
19/09/2024,09/11/2024,16/11/2024,720.36,HEK1WJ6,33 m² Studio ∙ 1 chambre ∙ 2 personnes,Zermatt - Valais
19/09/2024,16/11/2024,23/11/2024,755.65,HEK1WJ6,33 m² Studio ∙ 1 chambre ∙ 2 personnes,Zermatt - Valais
19/09/2024,23/11/2024,30/11/2024,803.40,HEK1WJ6,33 m² Studio ∙ 1 chambre ∙ 2 personnes,Zermatt - Valais
19/09/2024,30/11/2024,07/12/2024,866.71,HEK1WJ6,33 m² Studio ∙ 1 chambre ∙ 2 personnes,Zermatt - Valais
19/09/2024,07/12/2024,14/12/2024,961.17,HEK1WJ6,33 m² Studio ∙ 1 chambre ∙ 2 personnes,Zermatt - Valais
19/09/2024,14/12/2024,21/12/2024,1153.20,HEK1WJ6,33 m² Studio ∙ 1 chambre ∙ 2 personnes,Zermatt - Valais
19/09/2024,04/01/2025,11/01/2025,2525.41,HEK1WJ6,33 m² Studio ∙ 1 chambre ∙ 2 personnes,Zermatt - Valais
19/09/2024,11/01/2025,18/01/2025,1152.16,HEK1WJ6,33 m² Studio ∙ 1 chambre ∙ 2 personnes,Zermatt - Valais
19/09/2024,18/01/2025,25/01/2025,1349.38,HEK1WJ6,33 m² Studio ∙ 1 chambre ∙ 2 personnes,Zermatt - Valais
19/09/2024,25/01/2025,01/02/2025,1389.86,HEK1WJ6,33 m² Studio ∙ 1 chambre ∙ 2 personnes,Zermatt - Valais
19/09/2024,01/02/2025,08/02/2025,1559.05,HEK1WJ6,33 m² Studio ∙ 1 chambre ∙ 2 personnes,Zermatt - Valais
19/09/2024,08/02/2025,15/02/2025,2257.61,HEK1WJ6,33 m² Studio ∙ 1 chambre ∙ 2 personnes,Zermatt - Valais
19/09/2024,15/02/2025,22/02/2025,2543.06,HEK1WJ6,33 m² Studio ∙ 1 chambre ∙ 2 personnes,Zermatt - Valais
19/09/2024,22/02/2025,01/03/2025,2543.06,HEK1WJ6,33 m² Studio ∙ 1 chambre ∙ 2 personnes,Zermatt - Valais
19/09/2024,01/03/2025,08/03/2025,2543.06,HEK1WJ6,33 m² Studio ∙ 1 chambre ∙ 2 personnes,Zermatt - Valais
19/09/2024,08/03/2025,15/03/2025,1687.77,HEK1WJ6,33 m² Studio ∙ 1 chambre ∙ 2 personnes,Zermatt - Valais
19/09/2024,15/03/2025,22/03/2025,1576.69,HEK1WJ6,33 m² Studio ∙ 1 chambre ∙ 2 personnes,Zermatt - Valais
19/09/2024,22/03/2025,29/03/2025,1363.92,HEK1WJ6,33 m² Studio ∙ 1 chambre ∙ 2 personnes,Zermatt - Valais
19/09/2024,29/03/2025,05/04/2025,1383.63,HEK1WJ6,33 m² Studio ∙ 1 chambre ∙ 2 personnes,Zermatt - Valais
19/09/2024,05/04/2025,12/04/2025,2074.92,HEK1WJ6,33 m² Studio ∙ 1 chambre ∙ 2 personnes,Zermatt - Valais
19/09/2024,12/04/2025,19/04/2025,1385.70,HEK1WJ6,33 m² Studio ∙ 1 chambre ∙ 2 personnes,Zermatt - Valais
19/09/2024,19/04/2025,26/04/2025,1224.82,HEK1WJ6,33 m² Studio ∙ 1 chambre ∙ 2 personnes,Zermatt - Valais
19/09/2024,26/04/2025,03/05/2025,1086.77,HEK1WJ6,33 m² Studio ∙ 1 chambre ∙ 2 personnes,Zermatt - Valais
19/09/2024,03/05/2025,10/05/2025,978.82,HEK1WJ6,33 m² Studio ∙ 1 chambre ∙ 2 personnes,Zermatt - Valais
19/09/2024,10/05/2025,17/05/2025,921.73,HEK1WJ6,33 m² Studio ∙ 1 chambre ∙ 2 personnes,Zermatt - Valais
19/09/2024,05/10/2024,12/10/2024,851.01,H0NFMBG,63 m² Appartement ∙ 1 chambre ∙ 4 personnes,Saas Fee - Valais
19/09/2024,12/10/2024,19/10/2024,851.01,H0NFMBG,63 m² Appartement ∙ 1 chambre ∙ 4 personnes,Saas Fee - Valais
19/09/2024,19/10/2024,26/10/2024,851.01,H0NFMBG,63 m² Appartement ∙ 1 chambre ∙ 4 personnes,Saas Fee - Valais
19/09/2024,14/12/2024,21/12/2024,1041.90,H0NFMBG,63 m² Appartement ∙ 1 chambre ∙ 4 personnes,Saas Fee - Valais
19/09/2024,11/01/2025,18/01/2025,962.36,H0NFMBG,63 m² Appartement ∙ 1 chambre ∙ 4 personnes,Saas Fee - Valais
19/09/2024,18/01/2025,25/01/2025,1041.90,H0NFMBG,63 m² Appartement ∙ 1 chambre ∙ 4 personnes,Saas Fee - Valais
19/09/2024,25/01/2025,01/02/2025,1113.48,H0NFMBG,63 m² Appartement ∙ 1 chambre ∙ 4 personnes,Saas Fee - Valais
19/09/2024,29/03/2025,05/04/2025,1041.90,H0NFMBG,63 m² Appartement ∙ 1 chambre ∙ 4 personnes,Saas Fee - Valais
19/09/2024,21/09/2024,28/09/2024,768.00,HWPD1GN,78 m² Appartement ∙ 2 chambres ∙ 5 personnes,Täsch - Valais
19/09/2024,28/09/2024,05/10/2024,768.00,HWPD1GN,78 m² Appartement ∙ 2 chambres ∙ 5 personnes,Täsch - Valais
19/09/2024,12/10/2024,19/10/2024,956.00,HWPD1GN,78 m² Appartement ∙ 2 chambres ∙ 5 personnes,Täsch - Valais
19/09/2024,19/10/2024,26/10/2024,956.00,HWPD1GN,78 m² Appartement ∙ 2 chambres ∙ 5 personnes,Täsch - Valais
19/09/2024,26/10/2024,02/11/2024,956.00,HWPD1GN,78 m² Appartement ∙ 2 chambres ∙ 5 personnes,Täsch - Valais
19/09/2024,02/11/2024,09/11/2024,983.00,HWPD1GN,78 m² Appartement ∙ 2 chambres ∙ 5 personnes,Täsch - Valais
19/09/2024,09/11/2024,16/11/2024,983.00,HWPD1GN,78 m² Appartement ∙ 2 chambres ∙ 5 personnes,Täsch - Valais
19/09/2024,16/11/2024,23/11/2024,983.00,HWPD1GN,78 m² Appartement ∙ 2 chambres ∙ 5 personnes,Täsch - Valais
19/09/2024,23/11/2024,30/11/2024,983.00,HWPD1GN,78 m² Appartement ∙ 2 chambres ∙ 5 personnes,Täsch - Valais
19/09/2024,30/11/2024,07/12/2024,983.00,HWPD1GN,78 m² Appartement ∙ 2 chambres ∙ 5 personnes,Täsch - Valais
19/09/2024,07/12/2024,14/12/2024,983.00,HWPD1GN,78 m² Appartement ∙ 2 chambres ∙ 5 personnes,Täsch - Valais
19/09/2024,14/12/2024,21/12/2024,1187.00,HWPD1GN,78 m² Appartement ∙ 2 chambres ∙ 5 personnes,Täsch - Valais
19/09/2024,01/02/2025,08/02/2025,1278.00,HWPD1GN,78 m² Appartement ∙ 2 chambres ∙ 5 personnes,Täsch - Valais
19/09/2024,08/02/2025,15/02/2025,1445.00,HWPD1GN,78 m² Appartement ∙ 2 chambres ∙ 5 personnes,Täsch - Valais
19/09/2024,22/02/2025,01/03/2025,1445.00,HWPD1GN,78 m² Appartement ∙ 2 chambres ∙ 5 personnes,Täsch - Valais
19/09/2024,01/03/2025,08/03/2025,1451.00,HWPD1GN,78 m² Appartement ∙ 2 chambres ∙ 5 personnes,Täsch - Valais
19/09/2024,08/03/2025,15/03/2025,1387.00,HWPD1GN,78 m² Appartement ∙ 2 chambres ∙ 5 personnes,Täsch - Valais
19/09/2024,15/03/2025,22/03/2025,1187.00,HWPD1GN,78 m² Appartement ∙ 2 chambres ∙ 5 personnes,Täsch - Valais
19/09/2024,22/03/2025,29/03/2025,1187.00,HWPD1GN,78 m² Appartement ∙ 2 chambres ∙ 5 personnes,Täsch - Valais
19/09/2024,29/03/2025,05/04/2025,1278.00,HWPD1GN,78 m² Appartement ∙ 2 chambres ∙ 5 personnes,Täsch - Valais
19/09/2024,05/04/2025,12/04/2025,1278.00,HWPD1GN,78 m² Appartement ∙ 2 chambres ∙ 5 personnes,Täsch - Valais
19/09/2024,12/04/2025,19/04/2025,1278.00,HWPD1GN,78 m² Appartement ∙ 2 chambres ∙ 5 personnes,Täsch - Valais
19/09/2024,19/04/2025,26/04/2025,1278.00,HWPD1GN,78 m² Appartement ∙ 2 chambres ∙ 5 personnes,Täsch - Valais
19/09/2024,10/05/2025,17/05/2025,983.00,HWPD1GN,78 m² Appartement ∙ 2 chambres ∙ 5 personnes,Täsch - Valais
19/09/2024,05/10/2024,12/10/2024,1266.00,H9KWJ54,100 m² Maison de vacances ∙ 3 chambres ∙ 5 personnes,Nendaz - Valais
19/09/2024,12/10/2024,19/10/2024,1266.00,H9KWJ54,100 m² Maison de vacances ∙ 3 chambres ∙ 5 personnes,Nendaz - Valais
19/09/2024,19/10/2024,26/10/2024,1266.00,H9KWJ54,100 m² Maison de vacances ∙ 3 chambres ∙ 5 personnes,Nendaz - Valais
19/09/2024,26/10/2024,02/11/2024,1266.00,H9KWJ54,100 m² Maison de vacances ∙ 3 chambres ∙ 5 personnes,Nendaz - Valais
19/09/2024,02/11/2024,09/11/2024,1293.00,H9KWJ54,100 m² Maison de vacances ∙ 3 chambres ∙ 5 personnes,Nendaz - Valais
19/09/2024,09/11/2024,16/11/2024,1293.00,H9KWJ54,100 m² Maison de vacances ∙ 3 chambres ∙ 5 personnes,Nendaz - Valais
19/09/2024,16/11/2024,23/11/2024,1293.00,H9KWJ54,100 m² Maison de vacances ∙ 3 chambres ∙ 5 personnes,Nendaz - Valais
19/09/2024,23/11/2024,30/11/2024,1293.00,H9KWJ54,100 m² Maison de vacances ∙ 3 chambres ∙ 5 personnes,Nendaz - Valais
19/09/2024,30/11/2024,07/12/2024,1293.00,H9KWJ54,100 m² Maison de vacances ∙ 3 chambres ∙ 5 personnes,Nendaz - Valais
19/09/2024,07/12/2024,14/12/2024,1293.00,H9KWJ54,100 m² Maison de vacances ∙ 3 chambres ∙ 5 personnes,Nendaz - Valais
19/09/2024,04/01/2025,11/01/2025,1635.00,H9KWJ54,100 m² Maison de vacances ∙ 3 chambres ∙ 5 personnes,Nendaz - Valais
19/09/2024,11/01/2025,18/01/2025,1635.00,H9KWJ54,100 m² Maison de vacances ∙ 3 chambres ∙ 5 personnes,Nendaz - Valais
19/09/2024,18/01/2025,25/01/2025,1635.00,H9KWJ54,100 m² Maison de vacances ∙ 3 chambres ∙ 5 personnes,Nendaz - Valais
19/09/2024,25/01/2025,01/02/2025,1893.00,H9KWJ54,100 m² Maison de vacances ∙ 3 chambres ∙ 5 personnes,Nendaz - Valais
19/09/2024,01/02/2025,08/02/2025,2091.00,H9KWJ54,100 m² Maison de vacances ∙ 3 chambres ∙ 5 personnes,Nendaz - Valais
19/09/2024,08/02/2025,15/02/2025,2175.00,H9KWJ54,100 m² Maison de vacances ∙ 3 chambres ∙ 5 personnes,Nendaz - Valais
19/09/2024,15/02/2025,22/02/2025,2575.00,H9KWJ54,100 m² Maison de vacances ∙ 3 chambres ∙ 5 personnes,Nendaz - Valais
19/09/2024,22/02/2025,01/03/2025,2575.00,H9KWJ54,100 m² Maison de vacances ∙ 3 chambres ∙ 5 personnes,Nendaz - Valais
19/09/2024,01/03/2025,08/03/2025,2575.00,H9KWJ54,100 m² Maison de vacances ∙ 3 chambres ∙ 5 personnes,Nendaz - Valais
19/09/2024,08/03/2025,15/03/2025,1635.00,H9KWJ54,100 m² Maison de vacances ∙ 3 chambres ∙ 5 personnes,Nendaz - Valais
19/09/2024,15/03/2025,22/03/2025,1293.00,H9KWJ54,100 m² Maison de vacances ∙ 3 chambres ∙ 5 personnes,Nendaz - Valais
19/09/2024,22/03/2025,29/03/2025,1293.00,H9KWJ54,100 m² Maison de vacances ∙ 3 chambres ∙ 5 personnes,Nendaz - Valais
19/09/2024,29/03/2025,05/04/2025,1293.00,H9KWJ54,100 m² Maison de vacances ∙ 3 chambres ∙ 5 personnes,Nendaz - Valais
19/09/2024,05/04/2025,12/04/2025,1293.00,H9KWJ54,100 m² Maison de vacances ∙ 3 chambres ∙ 5 personnes,Nendaz - Valais
19/09/2024,12/04/2025,19/04/2025,1635.00,H9KWJ54,100 m² Maison de vacances ∙ 3 chambres ∙ 5 personnes,Nendaz - Valais
19/09/2024,19/04/2025,26/04/2025,1635.00,H9KWJ54,100 m² Maison de vacances ∙ 3 chambres ∙ 5 personnes,Nendaz - Valais
19/09/2024,26/04/2025,03/05/2025,1293.00,H9KWJ54,100 m² Maison de vacances ∙ 3 chambres ∙ 5 personnes,Nendaz - Valais
19/09/2024,03/05/2025,10/05/2025,1293.00,H9KWJ54,100 m² Maison de vacances ∙ 3 chambres ∙ 5 personnes,Nendaz - Valais
19/09/2024,10/05/2025,17/05/2025,1293.00,H9KWJ54,100 m² Maison de vacances ∙ 3 chambres ∙ 5 personnes,Nendaz - Valais
19/09/2024,28/09/2024,05/10/2024,634.49,HZDR5PA,50 m² Chalet ∙ 2 chambres ∙ 4 personnes,Filet - Valais
19/09/2024,05/10/2024,12/10/2024,518.98,HZDR5PA,50 m² Chalet ∙ 2 chambres ∙ 4 personnes,Filet - Valais
19/09/2024,12/10/2024,19/10/2024,518.98,HZDR5PA,50 m² Chalet ∙ 2 chambres ∙ 4 personnes,Filet - Valais
19/09/2024,19/10/2024,26/10/2024,518.98,HZDR5PA,50 m² Chalet ∙ 2 chambres ∙ 4 personnes,Filet - Valais
19/09/2024,26/04/2025,03/05/2025,634.49,HZDR5PA,50 m² Chalet ∙ 2 chambres ∙ 4 personnes,Filet - Valais
19/09/2024,03/05/2025,10/05/2025,634.49,HZDR5PA,50 m² Chalet ∙ 2 chambres ∙ 4 personnes,Filet - Valais
19/09/2024,10/05/2025,17/05/2025,634.49,HZDR5PA,50 m² Chalet ∙ 2 chambres ∙ 4 personnes,Filet - Valais
19/09/2024,16/11/2024,23/11/2024,816.13,HLV1JZS,70 m² Appartement ∙ 2 chambres ∙ 6 personnes,Bürchen - Valais
19/09/2024,23/11/2024,30/11/2024,816.13,HLV1JZS,70 m² Appartement ∙ 2 chambres ∙ 6 personnes,Bürchen - Valais
19/09/2024,30/11/2024,07/12/2024,816.13,HLV1JZS,70 m² Appartement ∙ 2 chambres ∙ 6 personnes,Bürchen - Valais
19/09/2024,07/12/2024,14/12/2024,816.13,HLV1JZS,70 m² Appartement ∙ 2 chambres ∙ 6 personnes,Bürchen - Valais
19/09/2024,14/12/2024,21/12/2024,816.13,HLV1JZS,70 m² Appartement ∙ 2 chambres ∙ 6 personnes,Bürchen - Valais
19/09/2024,04/01/2025,11/01/2025,825.45,HLV1JZS,70 m² Appartement ∙ 2 chambres ∙ 6 personnes,Bürchen - Valais
19/09/2024,11/01/2025,18/01/2025,825.45,HLV1JZS,70 m² Appartement ∙ 2 chambres ∙ 6 personnes,Bürchen - Valais
19/09/2024,18/01/2025,25/01/2025,825.45,HLV1JZS,70 m² Appartement ∙ 2 chambres ∙ 6 personnes,Bürchen - Valais
19/09/2024,25/01/2025,01/02/2025,931.09,HLV1JZS,70 m² Appartement ∙ 2 chambres ∙ 6 personnes,Bürchen - Valais
19/09/2024,08/02/2025,15/02/2025,1241.83,HLV1JZS,70 m² Appartement ∙ 2 chambres ∙ 6 personnes,Bürchen - Valais
19/09/2024,01/03/2025,08/03/2025,1185.88,HLV1JZS,70 m² Appartement ∙ 2 chambres ∙ 6 personnes,Bürchen - Valais
19/09/2024,08/03/2025,15/03/2025,869.99,HLV1JZS,70 m² Appartement ∙ 2 chambres ∙ 6 personnes,Bürchen - Valais
19/09/2024,15/03/2025,22/03/2025,825.45,HLV1JZS,70 m² Appartement ∙ 2 chambres ∙ 6 personnes,Bürchen - Valais
19/09/2024,22/03/2025,29/03/2025,825.45,HLV1JZS,70 m² Appartement ∙ 2 chambres ∙ 6 personnes,Bürchen - Valais
19/09/2024,29/03/2025,05/04/2025,825.45,HLV1JZS,70 m² Appartement ∙ 2 chambres ∙ 6 personnes,Bürchen - Valais
19/09/2024,05/04/2025,12/04/2025,825.45,HLV1JZS,70 m² Appartement ∙ 2 chambres ∙ 6 personnes,Bürchen - Valais
19/09/2024,12/04/2025,19/04/2025,906.24,HLV1JZS,70 m² Appartement ∙ 2 chambres ∙ 6 personnes,Bürchen - Valais
19/09/2024,19/04/2025,26/04/2025,906.24,HLV1JZS,70 m² Appartement ∙ 2 chambres ∙ 6 personnes,Bürchen - Valais
19/09/2024,26/04/2025,03/05/2025,816.13,HLV1JZS,70 m² Appartement ∙ 2 chambres ∙ 6 personnes,Bürchen - Valais
19/09/2024,12/10/2024,19/10/2024,492.84,HVA1Z49,50 m² Appartement ∙ 1 chambre ∙ 4 personnes,Saint-Nicolas - Valais
19/09/2024,19/10/2024,26/10/2024,492.84,HVA1Z49,50 m² Appartement ∙ 1 chambre ∙ 4 personnes,Saint-Nicolas - Valais
19/09/2024,21/09/2024,28/09/2024,755.46,H5E0P1B,56 m² Appartement ∙ 2 chambres ∙ 6 personnes,Saas Grund - Valais
19/09/2024,28/09/2024,05/10/2024,755.46,H5E0P1B,56 m² Appartement ∙ 2 chambres ∙ 6 personnes,Saas Grund - Valais
19/09/2024,05/10/2024,12/10/2024,755.46,H5E0P1B,56 m² Appartement ∙ 2 chambres ∙ 6 personnes,Saas Grund - Valais
19/09/2024,12/10/2024,19/10/2024,755.46,H5E0P1B,56 m² Appartement ∙ 2 chambres ∙ 6 personnes,Saas Grund - Valais
19/09/2024,19/10/2024,26/10/2024,755.46,H5E0P1B,56 m² Appartement ∙ 2 chambres ∙ 6 personnes,Saas Grund - Valais
19/09/2024,26/10/2024,02/11/2024,772.50,H5E0P1B,56 m² Appartement ∙ 2 chambres ∙ 6 personnes,Saas Grund - Valais
19/09/2024,02/11/2024,09/11/2024,874.75,H5E0P1B,56 m² Appartement ∙ 2 chambres ∙ 6 personnes,Saas Grund - Valais
19/09/2024,09/11/2024,16/11/2024,874.75,H5E0P1B,56 m² Appartement ∙ 2 chambres ∙ 6 personnes,Saas Grund - Valais
19/09/2024,16/11/2024,23/11/2024,874.75,H5E0P1B,56 m² Appartement ∙ 2 chambres ∙ 6 personnes,Saas Grund - Valais
19/09/2024,23/11/2024,30/11/2024,874.75,H5E0P1B,56 m² Appartement ∙ 2 chambres ∙ 6 personnes,Saas Grund - Valais
19/09/2024,30/11/2024,07/12/2024,874.75,H5E0P1B,56 m² Appartement ∙ 2 chambres ∙ 6 personnes,Saas Grund - Valais
19/09/2024,07/12/2024,14/12/2024,874.75,H5E0P1B,56 m² Appartement ∙ 2 chambres ∙ 6 personnes,Saas Grund - Valais
19/09/2024,14/12/2024,21/12/2024,874.75,H5E0P1B,56 m² Appartement ∙ 2 chambres ∙ 6 personnes,Saas Grund - Valais
19/09/2024,21/12/2024,28/12/2024,1471.17,H5E0P1B,56 m² Appartement ∙ 2 chambres ∙ 6 personnes,Saas Grund - Valais
19/09/2024,11/01/2025,18/01/2025,874.75,H5E0P1B,56 m² Appartement ∙ 2 chambres ∙ 6 personnes,Saas Grund - Valais
19/09/2024,22/03/2025,29/03/2025,874.75,H5E0P1B,56 m² Appartement ∙ 2 chambres ∙ 6 personnes,Saas Grund - Valais
19/09/2024,29/03/2025,05/04/2025,874.75,H5E0P1B,56 m² Appartement ∙ 2 chambres ∙ 6 personnes,Saas Grund - Valais
19/09/2024,12/04/2025,19/04/2025,874.75,H5E0P1B,56 m² Appartement ∙ 2 chambres ∙ 6 personnes,Saas Grund - Valais
19/09/2024,19/04/2025,26/04/2025,874.75,H5E0P1B,56 m² Appartement ∙ 2 chambres ∙ 6 personnes,Saas Grund - Valais
19/09/2024,26/04/2025,03/05/2025,840.67,H5E0P1B,56 m² Appartement ∙ 2 chambres ∙ 6 personnes,Saas Grund - Valais
19/09/2024,03/05/2025,10/05/2025,755.46,H5E0P1B,56 m² Appartement ∙ 2 chambres ∙ 6 personnes,Saas Grund - Valais
19/09/2024,10/05/2025,17/05/2025,755.46,H5E0P1B,56 m² Appartement ∙ 2 chambres ∙ 6 personnes,Saas Grund - Valais
19/09/2024,05/10/2024,12/10/2024,1620.00,H20WLH4,115 m² Maison de vacances ∙ 4 chambres ∙ 8 personnes,Nendaz - Valais
19/09/2024,12/10/2024,19/10/2024,1620.00,H20WLH4,115 m² Maison de vacances ∙ 4 chambres ∙ 8 personnes,Nendaz - Valais
19/09/2024,19/10/2024,26/10/2024,1620.00,H20WLH4,115 m² Maison de vacances ∙ 4 chambres ∙ 8 personnes,Nendaz - Valais
19/09/2024,02/11/2024,09/11/2024,1647.00,H20WLH4,115 m² Maison de vacances ∙ 4 chambres ∙ 8 personnes,Nendaz - Valais
19/09/2024,09/11/2024,16/11/2024,1647.00,H20WLH4,115 m² Maison de vacances ∙ 4 chambres ∙ 8 personnes,Nendaz - Valais
19/09/2024,16/11/2024,23/11/2024,1647.00,H20WLH4,115 m² Maison de vacances ∙ 4 chambres ∙ 8 personnes,Nendaz - Valais
19/09/2024,23/11/2024,30/11/2024,1647.00,H20WLH4,115 m² Maison de vacances ∙ 4 chambres ∙ 8 personnes,Nendaz - Valais
19/09/2024,30/11/2024,07/12/2024,1647.00,H20WLH4,115 m² Maison de vacances ∙ 4 chambres ∙ 8 personnes,Nendaz - Valais
19/09/2024,07/12/2024,14/12/2024,1647.00,H20WLH4,115 m² Maison de vacances ∙ 4 chambres ∙ 8 personnes,Nendaz - Valais
19/09/2024,18/01/2025,25/01/2025,2253.00,H20WLH4,115 m² Maison de vacances ∙ 4 chambres ∙ 8 personnes,Nendaz - Valais
19/09/2024,25/01/2025,01/02/2025,2716.00,H20WLH4,115 m² Maison de vacances ∙ 4 chambres ∙ 8 personnes,Nendaz - Valais
19/09/2024,01/02/2025,08/02/2025,2783.00,H20WLH4,115 m² Maison de vacances ∙ 4 chambres ∙ 8 personnes,Nendaz - Valais
19/09/2024,08/02/2025,15/02/2025,2898.00,H20WLH4,115 m² Maison de vacances ∙ 4 chambres ∙ 8 personnes,Nendaz - Valais
19/09/2024,15/02/2025,22/02/2025,3618.00,H20WLH4,115 m² Maison de vacances ∙ 4 chambres ∙ 8 personnes,Nendaz - Valais
19/09/2024,08/03/2025,15/03/2025,2253.00,H20WLH4,115 m² Maison de vacances ∙ 4 chambres ∙ 8 personnes,Nendaz - Valais
19/09/2024,15/03/2025,22/03/2025,1647.00,H20WLH4,115 m² Maison de vacances ∙ 4 chambres ∙ 8 personnes,Nendaz - Valais
19/09/2024,22/03/2025,29/03/2025,1647.00,H20WLH4,115 m² Maison de vacances ∙ 4 chambres ∙ 8 personnes,Nendaz - Valais
19/09/2024,29/03/2025,05/04/2025,1647.00,H20WLH4,115 m² Maison de vacances ∙ 4 chambres ∙ 8 personnes,Nendaz - Valais
19/09/2024,05/04/2025,12/04/2025,1647.00,H20WLH4,115 m² Maison de vacances ∙ 4 chambres ∙ 8 personnes,Nendaz - Valais
19/09/2024,12/04/2025,19/04/2025,2253.00,H20WLH4,115 m² Maison de vacances ∙ 4 chambres ∙ 8 personnes,Nendaz - Valais
19/09/2024,19/04/2025,26/04/2025,2253.00,H20WLH4,115 m² Maison de vacances ∙ 4 chambres ∙ 8 personnes,Nendaz - Valais
19/09/2024,26/04/2025,03/05/2025,1647.00,H20WLH4,115 m² Maison de vacances ∙ 4 chambres ∙ 8 personnes,Nendaz - Valais
19/09/2024,03/05/2025,10/05/2025,1647.00,H20WLH4,115 m² Maison de vacances ∙ 4 chambres ∙ 8 personnes,Nendaz - Valais
19/09/2024,10/05/2025,17/05/2025,1647.00,H20WLH4,115 m² Maison de vacances ∙ 4 chambres ∙ 8 personnes,Nendaz - Valais
19/09/2024,28/09/2024,05/10/2024,1169.33,H3NPK58,120 m² Maison de vacances ∙ 3 chambres ∙ 8 personnes,Hérémence - Valais
19/09/2024,05/10/2024,12/10/2024,1169.33,H3NPK58,120 m² Maison de vacances ∙ 3 chambres ∙ 8 personnes,Hérémence - Valais
19/09/2024,12/10/2024,19/10/2024,1169.33,H3NPK58,120 m² Maison de vacances ∙ 3 chambres ∙ 8 personnes,Hérémence - Valais
19/09/2024,19/10/2024,26/10/2024,1169.33,H3NPK58,120 m² Maison de vacances ∙ 3 chambres ∙ 8 personnes,Hérémence - Valais
19/09/2024,26/10/2024,02/11/2024,1169.33,H3NPK58,120 m² Maison de vacances ∙ 3 chambres ∙ 8 personnes,Hérémence - Valais
19/09/2024,02/11/2024,09/11/2024,1169.33,H3NPK58,120 m² Maison de vacances ∙ 3 chambres ∙ 8 personnes,Hérémence - Valais
19/09/2024,14/12/2024,21/12/2024,758.10,HC9LXNM,37 m² Appartement ∙ 1 chambre ∙ 4 personnes,Vercorin - Valais
19/09/2024,21/12/2024,28/12/2024,1712.55,HC9LXNM,37 m² Appartement ∙ 1 chambre ∙ 4 personnes,Vercorin - Valais
19/09/2024,28/12/2024,04/01/2025,2167.20,HC9LXNM,37 m² Appartement ∙ 1 chambre ∙ 4 personnes,Vercorin - Valais
19/09/2024,04/01/2025,11/01/2025,758.10,HC9LXNM,37 m² Appartement ∙ 1 chambre ∙ 4 personnes,Vercorin - Valais
19/09/2024,11/01/2025,18/01/2025,758.10,HC9LXNM,37 m² Appartement ∙ 1 chambre ∙ 4 personnes,Vercorin - Valais
19/09/2024,18/01/2025,25/01/2025,758.10,HC9LXNM,37 m² Appartement ∙ 1 chambre ∙ 4 personnes,Vercorin - Valais
19/09/2024,25/01/2025,01/02/2025,977.55,HC9LXNM,37 m² Appartement ∙ 1 chambre ∙ 4 personnes,Vercorin - Valais
19/09/2024,01/02/2025,08/02/2025,1470.00,HC9LXNM,37 m² Appartement ∙ 1 chambre ∙ 4 personnes,Vercorin - Valais
19/09/2024,08/02/2025,15/02/2025,1712.55,HC9LXNM,37 m² Appartement ∙ 1 chambre ∙ 4 personnes,Vercorin - Valais
19/09/2024,15/02/2025,22/02/2025,2167.20,HC9LXNM,37 m² Appartement ∙ 1 chambre ∙ 4 personnes,Vercorin - Valais
19/09/2024,22/02/2025,01/03/2025,1712.55,HC9LXNM,37 m² Appartement ∙ 1 chambre ∙ 4 personnes,Vercorin - Valais
19/09/2024,01/03/2025,08/03/2025,1470.00,HC9LXNM,37 m² Appartement ∙ 1 chambre ∙ 4 personnes,Vercorin - Valais
19/09/2024,08/03/2025,15/03/2025,864.15,HC9LXNM,37 m² Appartement ∙ 1 chambre ∙ 4 personnes,Vercorin - Valais
19/09/2024,15/03/2025,22/03/2025,864.15,HC9LXNM,37 m² Appartement ∙ 1 chambre ∙ 4 personnes,Vercorin - Valais
19/09/2024,22/03/2025,29/03/2025,758.10,HC9LXNM,37 m² Appartement ∙ 1 chambre ∙ 4 personnes,Vercorin - Valais
19/09/2024,29/03/2025,05/04/2025,758.10,HC9LXNM,37 m² Appartement ∙ 1 chambre ∙ 4 personnes,Vercorin - Valais
19/09/2024,05/04/2025,12/04/2025,977.55,HC9LXNM,37 m² Appartement ∙ 1 chambre ∙ 4 personnes,Vercorin - Valais
19/09/2024,12/04/2025,19/04/2025,864.15,HC9LXNM,37 m² Appartement ∙ 1 chambre ∙ 4 personnes,Vercorin - Valais
19/09/2024,21/09/2024,28/09/2024,715.70,HSTNP1G,78 m² Appartement ∙ 2 chambres ∙ 5 personnes,Saas-Balen - Valais
19/09/2024,28/09/2024,05/10/2024,795.22,HSTNP1G,78 m² Appartement ∙ 2 chambres ∙ 5 personnes,Saas-Balen - Valais
19/09/2024,05/10/2024,12/10/2024,795.22,HSTNP1G,78 m² Appartement ∙ 2 chambres ∙ 5 personnes,Saas-Balen - Valais
19/09/2024,12/10/2024,19/10/2024,795.22,HSTNP1G,78 m² Appartement ∙ 2 chambres ∙ 5 personnes,Saas-Balen - Valais
19/09/2024,19/10/2024,26/10/2024,795.22,HSTNP1G,78 m² Appartement ∙ 2 chambres ∙ 5 personnes,Saas-Balen - Valais
19/09/2024,26/10/2024,02/11/2024,795.22,HSTNP1G,78 m² Appartement ∙ 2 chambres ∙ 5 personnes,Saas-Balen - Valais
19/09/2024,02/11/2024,09/11/2024,795.22,HSTNP1G,78 m² Appartement ∙ 2 chambres ∙ 5 personnes,Saas-Balen - Valais
19/09/2024,09/11/2024,16/11/2024,795.22,HSTNP1G,78 m² Appartement ∙ 2 chambres ∙ 5 personnes,Saas-Balen - Valais
19/09/2024,16/11/2024,23/11/2024,795.22,HSTNP1G,78 m² Appartement ∙ 2 chambres ∙ 5 personnes,Saas-Balen - Valais
19/09/2024,23/11/2024,30/11/2024,795.22,HSTNP1G,78 m² Appartement ∙ 2 chambres ∙ 5 personnes,Saas-Balen - Valais
19/09/2024,07/12/2024,14/12/2024,874.75,HSTNP1G,78 m² Appartement ∙ 2 chambres ∙ 5 personnes,Saas-Balen - Valais
19/09/2024,14/12/2024,21/12/2024,874.75,HSTNP1G,78 m² Appartement ∙ 2 chambres ∙ 5 personnes,Saas-Balen - Valais
19/09/2024,21/12/2024,28/12/2024,1256.46,HSTNP1G,78 m² Appartement ∙ 2 chambres ∙ 5 personnes,Saas-Balen - Valais
19/09/2024,18/01/2025,25/01/2025,795.22,HSTNP1G,78 m² Appartement ∙ 2 chambres ∙ 5 personnes,Saas-Balen - Valais
19/09/2024,25/01/2025,01/02/2025,1232.60,HSTNP1G,78 m² Appartement ∙ 2 chambres ∙ 5 personnes,Saas-Balen - Valais
19/09/2024,22/02/2025,01/03/2025,1232.60,HSTNP1G,78 m² Appartement ∙ 2 chambres ∙ 5 personnes,Saas-Balen - Valais
19/09/2024,01/03/2025,08/03/2025,1232.60,HSTNP1G,78 m² Appartement ∙ 2 chambres ∙ 5 personnes,Saas-Balen - Valais
19/09/2024,08/03/2025,15/03/2025,914.51,HSTNP1G,78 m² Appartement ∙ 2 chambres ∙ 5 personnes,Saas-Balen - Valais
19/09/2024,15/03/2025,22/03/2025,914.51,HSTNP1G,78 m² Appartement ∙ 2 chambres ∙ 5 personnes,Saas-Balen - Valais
19/09/2024,22/03/2025,29/03/2025,914.51,HSTNP1G,78 m² Appartement ∙ 2 chambres ∙ 5 personnes,Saas-Balen - Valais
19/09/2024,29/03/2025,05/04/2025,914.51,HSTNP1G,78 m² Appartement ∙ 2 chambres ∙ 5 personnes,Saas-Balen - Valais
19/09/2024,21/09/2024,28/09/2024,1113.32,H6XH31D,60 m² Appartement ∙ 2 chambres ∙ 5 personnes,Saas Fee - Valais
19/09/2024,12/10/2024,19/10/2024,1113.32,H6XH31D,60 m² Appartement ∙ 2 chambres ∙ 5 personnes,Saas Fee - Valais
19/09/2024,19/10/2024,26/10/2024,1113.32,H6XH31D,60 m² Appartement ∙ 2 chambres ∙ 5 personnes,Saas Fee - Valais
19/09/2024,26/10/2024,02/11/2024,1113.32,H6XH31D,60 m² Appartement ∙ 2 chambres ∙ 5 personnes,Saas Fee - Valais
19/09/2024,02/11/2024,09/11/2024,1113.32,H6XH31D,60 m² Appartement ∙ 2 chambres ∙ 5 personnes,Saas Fee - Valais
19/09/2024,09/11/2024,16/11/2024,1113.32,H6XH31D,60 m² Appartement ∙ 2 chambres ∙ 5 personnes,Saas Fee - Valais
19/09/2024,16/11/2024,23/11/2024,1113.32,H6XH31D,60 m² Appartement ∙ 2 chambres ∙ 5 personnes,Saas Fee - Valais
19/09/2024,23/11/2024,30/11/2024,1113.32,H6XH31D,60 m² Appartement ∙ 2 chambres ∙ 5 personnes,Saas Fee - Valais
19/09/2024,30/11/2024,07/12/2024,1113.32,H6XH31D,60 m² Appartement ∙ 2 chambres ∙ 5 personnes,Saas Fee - Valais
19/09/2024,07/12/2024,14/12/2024,1113.32,H6XH31D,60 m² Appartement ∙ 2 chambres ∙ 5 personnes,Saas Fee - Valais
19/09/2024,14/12/2024,21/12/2024,1113.32,H6XH31D,60 m² Appartement ∙ 2 chambres ∙ 5 personnes,Saas Fee - Valais
19/09/2024,11/01/2025,18/01/2025,1113.32,H6XH31D,60 m² Appartement ∙ 2 chambres ∙ 5 personnes,Saas Fee - Valais
19/09/2024,18/01/2025,25/01/2025,1113.32,H6XH31D,60 m² Appartement ∙ 2 chambres ∙ 5 personnes,Saas Fee - Valais
19/09/2024,01/02/2025,08/02/2025,2067.59,H6XH31D,60 m² Appartement ∙ 2 chambres ∙ 5 personnes,Saas Fee - Valais
19/09/2024,22/03/2025,29/03/2025,1351.89,H6XH31D,60 m² Appartement ∙ 2 chambres ∙ 5 personnes,Saas Fee - Valais
19/09/2024,29/03/2025,05/04/2025,1351.89,H6XH31D,60 m² Appartement ∙ 2 chambres ∙ 5 personnes,Saas Fee - Valais
19/09/2024,21/09/2024,28/09/2024,1361.00,H3RH9XJ,200 m² Maison de vacances ∙ 4 chambres ∙ 8 personnes,Chamoson - Valais
19/09/2024,28/09/2024,05/10/2024,1361.00,H3RH9XJ,200 m² Maison de vacances ∙ 4 chambres ∙ 8 personnes,Chamoson - Valais
19/09/2024,05/10/2024,12/10/2024,1722.00,H3RH9XJ,200 m² Maison de vacances ∙ 4 chambres ∙ 8 personnes,Chamoson - Valais
19/09/2024,12/10/2024,19/10/2024,1722.00,H3RH9XJ,200 m² Maison de vacances ∙ 4 chambres ∙ 8 personnes,Chamoson - Valais
19/09/2024,02/11/2024,09/11/2024,1722.00,H3RH9XJ,200 m² Maison de vacances ∙ 4 chambres ∙ 8 personnes,Chamoson - Valais
19/09/2024,09/11/2024,16/11/2024,1722.00,H3RH9XJ,200 m² Maison de vacances ∙ 4 chambres ∙ 8 personnes,Chamoson - Valais
19/09/2024,16/11/2024,23/11/2024,1722.00,H3RH9XJ,200 m² Maison de vacances ∙ 4 chambres ∙ 8 personnes,Chamoson - Valais
19/09/2024,23/11/2024,30/11/2024,1722.00,H3RH9XJ,200 m² Maison de vacances ∙ 4 chambres ∙ 8 personnes,Chamoson - Valais
19/09/2024,30/11/2024,07/12/2024,1722.00,H3RH9XJ,200 m² Maison de vacances ∙ 4 chambres ∙ 8 personnes,Chamoson - Valais
19/09/2024,07/12/2024,14/12/2024,1722.00,H3RH9XJ,200 m² Maison de vacances ∙ 4 chambres ∙ 8 personnes,Chamoson - Valais
19/09/2024,14/12/2024,21/12/2024,1722.00,H3RH9XJ,200 m² Maison de vacances ∙ 4 chambres ∙ 8 personnes,Chamoson - Valais
19/09/2024,28/12/2024,04/01/2025,3522.00,H3RH9XJ,200 m² Maison de vacances ∙ 4 chambres ∙ 8 personnes,Chamoson - Valais
19/09/2024,04/01/2025,11/01/2025,1722.00,H3RH9XJ,200 m² Maison de vacances ∙ 4 chambres ∙ 8 personnes,Chamoson - Valais
19/09/2024,11/01/2025,18/01/2025,1722.00,H3RH9XJ,200 m² Maison de vacances ∙ 4 chambres ∙ 8 personnes,Chamoson - Valais
19/09/2024,18/01/2025,25/01/2025,1722.00,H3RH9XJ,200 m² Maison de vacances ∙ 4 chambres ∙ 8 personnes,Chamoson - Valais
19/09/2024,25/01/2025,01/02/2025,1722.00,H3RH9XJ,200 m² Maison de vacances ∙ 4 chambres ∙ 8 personnes,Chamoson - Valais
19/09/2024,08/03/2025,15/03/2025,1722.00,H3RH9XJ,200 m² Maison de vacances ∙ 4 chambres ∙ 8 personnes,Chamoson - Valais
19/09/2024,15/03/2025,22/03/2025,1722.00,H3RH9XJ,200 m² Maison de vacances ∙ 4 chambres ∙ 8 personnes,Chamoson - Valais
19/09/2024,22/03/2025,29/03/2025,1722.00,H3RH9XJ,200 m² Maison de vacances ∙ 4 chambres ∙ 8 personnes,Chamoson - Valais
19/09/2024,29/03/2025,05/04/2025,1722.00,H3RH9XJ,200 m² Maison de vacances ∙ 4 chambres ∙ 8 personnes,Chamoson - Valais
19/09/2024,05/04/2025,12/04/2025,1722.00,H3RH9XJ,200 m² Maison de vacances ∙ 4 chambres ∙ 8 personnes,Chamoson - Valais
19/09/2024,12/04/2025,19/04/2025,1722.00,H3RH9XJ,200 m² Maison de vacances ∙ 4 chambres ∙ 8 personnes,Chamoson - Valais
19/09/2024,19/04/2025,26/04/2025,1722.00,H3RH9XJ,200 m² Maison de vacances ∙ 4 chambres ∙ 8 personnes,Chamoson - Valais
19/09/2024,10/05/2025,17/05/2025,1722.00,H3RH9XJ,200 m² Maison de vacances ∙ 4 chambres ∙ 8 personnes,Chamoson - Valais
19/09/2024,12/10/2024,19/10/2024,1812.47,HV4U53D,480 m² Maison de vacances ∙ 12 chambres ∙ 29 personnes,Saas Grund - Valais
19/09/2024,30/11/2024,07/12/2024,1345.20,HZ8BM6N,Appartement ∙ 1 chambre ∙ 4 personnes,Zermatt - Valais
19/09/2024,14/12/2024,21/12/2024,1345.20,HZ8BM6N,Appartement ∙ 1 chambre ∙ 4 personnes,Zermatt - Valais
19/09/2024,03/05/2025,10/05/2025,884.41,HZ8BM6N,Appartement ∙ 1 chambre ∙ 4 personnes,Zermatt - Valais
19/09/2024,10/05/2025,17/05/2025,884.41,HZ8BM6N,Appartement ∙ 1 chambre ∙ 4 personnes,Zermatt - Valais
19/09/2024,21/09/2024,28/09/2024,1216.00,H17WP6F,140 m² Maison de vacances ∙ 4 chambres ∙ 8 personnes,Ovronnaz - Leytron - Valais
19/09/2024,28/09/2024,05/10/2024,1216.00,H17WP6F,140 m² Maison de vacances ∙ 4 chambres ∙ 8 personnes,Ovronnaz - Leytron - Valais
19/09/2024,19/10/2024,26/10/2024,1524.00,H17WP6F,140 m² Maison de vacances ∙ 4 chambres ∙ 8 personnes,Ovronnaz - Leytron - Valais
19/09/2024,26/10/2024,02/11/2024,1524.00,H17WP6F,140 m² Maison de vacances ∙ 4 chambres ∙ 8 personnes,Ovronnaz - Leytron - Valais
19/09/2024,02/11/2024,09/11/2024,1524.00,H17WP6F,140 m² Maison de vacances ∙ 4 chambres ∙ 8 personnes,Ovronnaz - Leytron - Valais
19/09/2024,09/11/2024,16/11/2024,1524.00,H17WP6F,140 m² Maison de vacances ∙ 4 chambres ∙ 8 personnes,Ovronnaz - Leytron - Valais
19/09/2024,16/11/2024,23/11/2024,1524.00,H17WP6F,140 m² Maison de vacances ∙ 4 chambres ∙ 8 personnes,Ovronnaz - Leytron - Valais
19/09/2024,23/11/2024,30/11/2024,1524.00,H17WP6F,140 m² Maison de vacances ∙ 4 chambres ∙ 8 personnes,Ovronnaz - Leytron - Valais
19/09/2024,30/11/2024,07/12/2024,1524.00,H17WP6F,140 m² Maison de vacances ∙ 4 chambres ∙ 8 personnes,Ovronnaz - Leytron - Valais
19/09/2024,07/12/2024,14/12/2024,1524.00,H17WP6F,140 m² Maison de vacances ∙ 4 chambres ∙ 8 personnes,Ovronnaz - Leytron - Valais
19/09/2024,14/12/2024,21/12/2024,1524.00,H17WP6F,140 m² Maison de vacances ∙ 4 chambres ∙ 8 personnes,Ovronnaz - Leytron - Valais
19/09/2024,11/01/2025,18/01/2025,1524.00,H17WP6F,140 m² Maison de vacances ∙ 4 chambres ∙ 8 personnes,Ovronnaz - Leytron - Valais
19/09/2024,18/01/2025,25/01/2025,1524.00,H17WP6F,140 m² Maison de vacances ∙ 4 chambres ∙ 8 personnes,Ovronnaz - Leytron - Valais
19/09/2024,01/03/2025,08/03/2025,2609.00,H17WP6F,140 m² Maison de vacances ∙ 4 chambres ∙ 8 personnes,Ovronnaz - Leytron - Valais
19/09/2024,08/03/2025,15/03/2025,1524.00,H17WP6F,140 m² Maison de vacances ∙ 4 chambres ∙ 8 personnes,Ovronnaz - Leytron - Valais
19/09/2024,15/03/2025,22/03/2025,1524.00,H17WP6F,140 m² Maison de vacances ∙ 4 chambres ∙ 8 personnes,Ovronnaz - Leytron - Valais
19/09/2024,22/03/2025,29/03/2025,1524.00,H17WP6F,140 m² Maison de vacances ∙ 4 chambres ∙ 8 personnes,Ovronnaz - Leytron - Valais
19/09/2024,29/03/2025,05/04/2025,1524.00,H17WP6F,140 m² Maison de vacances ∙ 4 chambres ∙ 8 personnes,Ovronnaz - Leytron - Valais
19/09/2024,05/04/2025,12/04/2025,1524.00,H17WP6F,140 m² Maison de vacances ∙ 4 chambres ∙ 8 personnes,Ovronnaz - Leytron - Valais
19/09/2024,12/04/2025,19/04/2025,1524.00,H17WP6F,140 m² Maison de vacances ∙ 4 chambres ∙ 8 personnes,Ovronnaz - Leytron - Valais
19/09/2024,19/04/2025,26/04/2025,1524.00,H17WP6F,140 m² Maison de vacances ∙ 4 chambres ∙ 8 personnes,Ovronnaz - Leytron - Valais
19/09/2024,26/04/2025,03/05/2025,1524.00,H17WP6F,140 m² Maison de vacances ∙ 4 chambres ∙ 8 personnes,Ovronnaz - Leytron - Valais
19/09/2024,03/05/2025,10/05/2025,1524.00,H17WP6F,140 m² Maison de vacances ∙ 4 chambres ∙ 8 personnes,Ovronnaz - Leytron - Valais
19/09/2024,10/05/2025,17/05/2025,1524.00,H17WP6F,140 m² Maison de vacances ∙ 4 chambres ∙ 8 personnes,Ovronnaz - Leytron - Valais
19/09/2024,12/10/2024,19/10/2024,755.46,HPXCYM5,56 m² Appartement ∙ 2 chambres ∙ 6 personnes,Saas Grund - Valais
19/09/2024,19/10/2024,26/10/2024,755.46,HPXCYM5,56 m² Appartement ∙ 2 chambres ∙ 6 personnes,Saas Grund - Valais
19/09/2024,26/10/2024,02/11/2024,772.50,HPXCYM5,56 m² Appartement ∙ 2 chambres ∙ 6 personnes,Saas Grund - Valais
19/09/2024,02/11/2024,09/11/2024,874.75,HPXCYM5,56 m² Appartement ∙ 2 chambres ∙ 6 personnes,Saas Grund - Valais
19/09/2024,09/11/2024,16/11/2024,874.75,HPXCYM5,56 m² Appartement ∙ 2 chambres ∙ 6 personnes,Saas Grund - Valais
19/09/2024,16/11/2024,23/11/2024,874.75,HPXCYM5,56 m² Appartement ∙ 2 chambres ∙ 6 personnes,Saas Grund - Valais
19/09/2024,23/11/2024,30/11/2024,874.75,HPXCYM5,56 m² Appartement ∙ 2 chambres ∙ 6 personnes,Saas Grund - Valais
19/09/2024,30/11/2024,07/12/2024,874.75,HPXCYM5,56 m² Appartement ∙ 2 chambres ∙ 6 personnes,Saas Grund - Valais
19/09/2024,07/12/2024,14/12/2024,874.75,HPXCYM5,56 m² Appartement ∙ 2 chambres ∙ 6 personnes,Saas Grund - Valais
19/09/2024,14/12/2024,21/12/2024,874.75,HPXCYM5,56 m² Appartement ∙ 2 chambres ∙ 6 personnes,Saas Grund - Valais
19/09/2024,11/01/2025,18/01/2025,874.75,HPXCYM5,56 m² Appartement ∙ 2 chambres ∙ 6 personnes,Saas Grund - Valais
19/09/2024,01/03/2025,08/03/2025,1669.97,HPXCYM5,56 m² Appartement ∙ 2 chambres ∙ 6 personnes,Saas Grund - Valais
19/09/2024,08/03/2025,15/03/2025,1471.17,HPXCYM5,56 m² Appartement ∙ 2 chambres ∙ 6 personnes,Saas Grund - Valais
19/09/2024,22/03/2025,29/03/2025,874.75,HPXCYM5,56 m² Appartement ∙ 2 chambres ∙ 6 personnes,Saas Grund - Valais
19/09/2024,29/03/2025,05/04/2025,874.75,HPXCYM5,56 m² Appartement ∙ 2 chambres ∙ 6 personnes,Saas Grund - Valais
19/09/2024,12/04/2025,19/04/2025,874.75,HPXCYM5,56 m² Appartement ∙ 2 chambres ∙ 6 personnes,Saas Grund - Valais
19/09/2024,19/04/2025,26/04/2025,874.75,HPXCYM5,56 m² Appartement ∙ 2 chambres ∙ 6 personnes,Saas Grund - Valais
19/09/2024,26/04/2025,03/05/2025,840.67,HPXCYM5,56 m² Appartement ∙ 2 chambres ∙ 6 personnes,Saas Grund - Valais
19/09/2024,03/05/2025,10/05/2025,755.46,HPXCYM5,56 m² Appartement ∙ 2 chambres ∙ 6 personnes,Saas Grund - Valais
19/09/2024,10/05/2025,17/05/2025,755.46,HPXCYM5,56 m² Appartement ∙ 2 chambres ∙ 6 personnes,Saas Grund - Valais
19/09/2024,05/10/2024,12/10/2024,938.37,H8XFK0Z,64 m² Appartement ∙ 1 chambre ∙ 5 personnes,Saas Fee - Valais
19/09/2024,12/10/2024,19/10/2024,938.37,H8XFK0Z,64 m² Appartement ∙ 1 chambre ∙ 5 personnes,Saas Fee - Valais
19/09/2024,19/10/2024,26/10/2024,938.37,H8XFK0Z,64 m² Appartement ∙ 1 chambre ∙ 5 personnes,Saas Fee - Valais
19/09/2024,26/10/2024,02/11/2024,938.37,H8XFK0Z,64 m² Appartement ∙ 1 chambre ∙ 5 personnes,Saas Fee - Valais
19/09/2024,02/11/2024,09/11/2024,938.37,H8XFK0Z,64 m² Appartement ∙ 1 chambre ∙ 5 personnes,Saas Fee - Valais
19/09/2024,09/11/2024,16/11/2024,938.37,H8XFK0Z,64 m² Appartement ∙ 1 chambre ∙ 5 personnes,Saas Fee - Valais
19/09/2024,16/11/2024,23/11/2024,938.37,H8XFK0Z,64 m² Appartement ∙ 1 chambre ∙ 5 personnes,Saas Fee - Valais
19/09/2024,23/11/2024,30/11/2024,938.37,H8XFK0Z,64 m² Appartement ∙ 1 chambre ∙ 5 personnes,Saas Fee - Valais
19/09/2024,30/11/2024,07/12/2024,938.37,H8XFK0Z,64 m² Appartement ∙ 1 chambre ∙ 5 personnes,Saas Fee - Valais
19/09/2024,07/12/2024,14/12/2024,938.37,H8XFK0Z,64 m² Appartement ∙ 1 chambre ∙ 5 personnes,Saas Fee - Valais
19/09/2024,14/12/2024,21/12/2024,994.04,H8XFK0Z,64 m² Appartement ∙ 1 chambre ∙ 5 personnes,Saas Fee - Valais
19/09/2024,04/01/2025,11/01/2025,994.04,H8XFK0Z,64 m² Appartement ∙ 1 chambre ∙ 5 personnes,Saas Fee - Valais
19/09/2024,11/01/2025,18/01/2025,938.37,H8XFK0Z,64 m² Appartement ∙ 1 chambre ∙ 5 personnes,Saas Fee - Valais
19/09/2024,18/01/2025,25/01/2025,938.37,H8XFK0Z,64 m² Appartement ∙ 1 chambre ∙ 5 personnes,Saas Fee - Valais
19/09/2024,25/01/2025,01/02/2025,938.37,H8XFK0Z,64 m² Appartement ∙ 1 chambre ∙ 5 personnes,Saas Fee - Valais
19/09/2024,01/02/2025,08/02/2025,1137.18,H8XFK0Z,64 m² Appartement ∙ 1 chambre ∙ 5 personnes,Saas Fee - Valais
19/09/2024,08/02/2025,15/02/2025,1566.60,H8XFK0Z,64 m² Appartement ∙ 1 chambre ∙ 5 personnes,Saas Fee - Valais
19/09/2024,22/02/2025,01/03/2025,1566.60,H8XFK0Z,64 m² Appartement ∙ 1 chambre ∙ 5 personnes,Saas Fee - Valais
19/09/2024,01/03/2025,08/03/2025,1566.60,H8XFK0Z,64 m² Appartement ∙ 1 chambre ∙ 5 personnes,Saas Fee - Valais
19/09/2024,08/03/2025,15/03/2025,994.04,H8XFK0Z,64 m² Appartement ∙ 1 chambre ∙ 5 personnes,Saas Fee - Valais
19/09/2024,19/04/2025,26/04/2025,1137.18,H8XFK0Z,64 m² Appartement ∙ 1 chambre ∙ 5 personnes,Saas Fee - Valais
19/09/2024,26/10/2024,02/11/2024,704.00,H7YC4JN,68 m² Appartement ∙ 1 chambre ∙ 3 personnes,Crans-Montana - Valais
19/09/2024,02/11/2024,09/11/2024,731.00,H7YC4JN,68 m² Appartement ∙ 1 chambre ∙ 3 personnes,Crans-Montana - Valais
19/09/2024,09/11/2024,16/11/2024,731.00,H7YC4JN,68 m² Appartement ∙ 1 chambre ∙ 3 personnes,Crans-Montana - Valais
19/09/2024,16/11/2024,23/11/2024,731.00,H7YC4JN,68 m² Appartement ∙ 1 chambre ∙ 3 personnes,Crans-Montana - Valais
19/09/2024,23/11/2024,30/11/2024,731.00,H7YC4JN,68 m² Appartement ∙ 1 chambre ∙ 3 personnes,Crans-Montana - Valais
19/09/2024,30/11/2024,07/12/2024,731.00,H7YC4JN,68 m² Appartement ∙ 1 chambre ∙ 3 personnes,Crans-Montana - Valais
19/09/2024,07/12/2024,14/12/2024,731.00,H7YC4JN,68 m² Appartement ∙ 1 chambre ∙ 3 personnes,Crans-Montana - Valais
19/09/2024,14/12/2024,21/12/2024,731.00,H7YC4JN,68 m² Appartement ∙ 1 chambre ∙ 3 personnes,Crans-Montana - Valais
19/09/2024,21/12/2024,28/12/2024,1490.00,H7YC4JN,68 m² Appartement ∙ 1 chambre ∙ 3 personnes,Crans-Montana - Valais
19/09/2024,11/01/2025,18/01/2025,898.00,H7YC4JN,68 m² Appartement ∙ 1 chambre ∙ 3 personnes,Crans-Montana - Valais
19/09/2024,08/02/2025,15/02/2025,1258.00,H7YC4JN,68 m² Appartement ∙ 1 chambre ∙ 3 personnes,Crans-Montana - Valais
19/09/2024,15/02/2025,22/02/2025,1490.00,H7YC4JN,68 m² Appartement ∙ 1 chambre ∙ 3 personnes,Crans-Montana - Valais
19/09/2024,22/02/2025,01/03/2025,1490.00,H7YC4JN,68 m² Appartement ∙ 1 chambre ∙ 3 personnes,Crans-Montana - Valais
19/09/2024,01/03/2025,08/03/2025,1258.00,H7YC4JN,68 m² Appartement ∙ 1 chambre ∙ 3 personnes,Crans-Montana - Valais
19/09/2024,22/03/2025,29/03/2025,731.00,H7YC4JN,68 m² Appartement ∙ 1 chambre ∙ 3 personnes,Crans-Montana - Valais
19/09/2024,29/03/2025,05/04/2025,731.00,H7YC4JN,68 m² Appartement ∙ 1 chambre ∙ 3 personnes,Crans-Montana - Valais
19/09/2024,05/04/2025,12/04/2025,731.00,H7YC4JN,68 m² Appartement ∙ 1 chambre ∙ 3 personnes,Crans-Montana - Valais
19/09/2024,12/04/2025,19/04/2025,898.00,H7YC4JN,68 m² Appartement ∙ 1 chambre ∙ 3 personnes,Crans-Montana - Valais
19/09/2024,19/04/2025,26/04/2025,898.00,H7YC4JN,68 m² Appartement ∙ 1 chambre ∙ 3 personnes,Crans-Montana - Valais
19/09/2024,26/04/2025,03/05/2025,731.00,H7YC4JN,68 m² Appartement ∙ 1 chambre ∙ 3 personnes,Crans-Montana - Valais
19/09/2024,03/05/2025,10/05/2025,731.00,H7YC4JN,68 m² Appartement ∙ 1 chambre ∙ 3 personnes,Crans-Montana - Valais
19/09/2024,10/05/2025,17/05/2025,731.00,H7YC4JN,68 m² Appartement ∙ 1 chambre ∙ 3 personnes,Crans-Montana - Valais
19/09/2024,21/09/2024,28/09/2024,594.57,HB78KNX,50 m² Appartement ∙ 1 chambre ∙ 4 personnes,Veysonnaz - Valais
19/09/2024,28/09/2024,05/10/2024,605.11,HB78KNX,50 m² Appartement ∙ 1 chambre ∙ 4 personnes,Veysonnaz - Valais
19/09/2024,05/10/2024,12/10/2024,615.65,HB78KNX,50 m² Appartement ∙ 1 chambre ∙ 4 personnes,Veysonnaz - Valais
19/09/2024,12/10/2024,19/10/2024,615.65,HB78KNX,50 m² Appartement ∙ 1 chambre ∙ 4 personnes,Veysonnaz - Valais
19/09/2024,19/10/2024,26/10/2024,622.21,HB78KNX,50 m² Appartement ∙ 1 chambre ∙ 4 personnes,Veysonnaz - Valais
19/09/2024,26/10/2024,02/11/2024,615.65,HB78KNX,50 m² Appartement ∙ 1 chambre ∙ 4 personnes,Veysonnaz - Valais
19/09/2024,02/11/2024,09/11/2024,615.65,HB78KNX,50 m² Appartement ∙ 1 chambre ∙ 4 personnes,Veysonnaz - Valais
19/09/2024,09/11/2024,16/11/2024,615.65,HB78KNX,50 m² Appartement ∙ 1 chambre ∙ 4 personnes,Veysonnaz - Valais
19/09/2024,16/11/2024,23/11/2024,615.65,HB78KNX,50 m² Appartement ∙ 1 chambre ∙ 4 personnes,Veysonnaz - Valais
19/09/2024,23/11/2024,30/11/2024,615.65,HB78KNX,50 m² Appartement ∙ 1 chambre ∙ 4 personnes,Veysonnaz - Valais
19/09/2024,30/11/2024,07/12/2024,615.65,HB78KNX,50 m² Appartement ∙ 1 chambre ∙ 4 personnes,Veysonnaz - Valais
19/09/2024,07/12/2024,14/12/2024,616.85,HB78KNX,50 m² Appartement ∙ 1 chambre ∙ 4 personnes,Veysonnaz - Valais
19/09/2024,14/12/2024,21/12/2024,739.98,HB78KNX,50 m² Appartement ∙ 1 chambre ∙ 4 personnes,Veysonnaz - Valais
19/09/2024,04/01/2025,11/01/2025,1089.73,HB78KNX,50 m² Appartement ∙ 1 chambre ∙ 4 personnes,Veysonnaz - Valais
19/09/2024,11/01/2025,18/01/2025,780.45,HB78KNX,50 m² Appartement ∙ 1 chambre ∙ 4 personnes,Veysonnaz - Valais
19/09/2024,18/01/2025,25/01/2025,901.88,HB78KNX,50 m² Appartement ∙ 1 chambre ∙ 4 personnes,Veysonnaz - Valais
19/09/2024,25/01/2025,01/02/2025,1065.85,HB78KNX,50 m² Appartement ∙ 1 chambre ∙ 4 personnes,Veysonnaz - Valais
19/09/2024,01/02/2025,08/02/2025,994.24,HB78KNX,50 m² Appartement ∙ 1 chambre ∙ 4 personnes,Veysonnaz - Valais
19/09/2024,08/02/2025,15/02/2025,1089.73,HB78KNX,50 m² Appartement ∙ 1 chambre ∙ 4 personnes,Veysonnaz - Valais
19/09/2024,01/03/2025,08/03/2025,1089.73,HB78KNX,50 m² Appartement ∙ 1 chambre ∙ 4 personnes,Veysonnaz - Valais
19/09/2024,08/03/2025,15/03/2025,1036.79,HB78KNX,50 m² Appartement ∙ 1 chambre ∙ 4 personnes,Veysonnaz - Valais
19/09/2024,15/03/2025,22/03/2025,876.97,HB78KNX,50 m² Appartement ∙ 1 chambre ∙ 4 personnes,Veysonnaz - Valais
19/09/2024,22/03/2025,29/03/2025,706.77,HB78KNX,50 m² Appartement ∙ 1 chambre ∙ 4 personnes,Veysonnaz - Valais
19/09/2024,29/03/2025,05/04/2025,721.29,HB78KNX,50 m² Appartement ∙ 1 chambre ∙ 4 personnes,Veysonnaz - Valais
19/09/2024,05/04/2025,12/04/2025,672.52,HB78KNX,50 m² Appartement ∙ 1 chambre ∙ 4 personnes,Veysonnaz - Valais
19/09/2024,26/04/2025,03/05/2025,757.62,HB78KNX,50 m² Appartement ∙ 1 chambre ∙ 4 personnes,Veysonnaz - Valais
19/09/2024,03/05/2025,10/05/2025,706.77,HB78KNX,50 m² Appartement ∙ 1 chambre ∙ 4 personnes,Veysonnaz - Valais
19/09/2024,10/05/2025,17/05/2025,714.03,HB78KNX,50 m² Appartement ∙ 1 chambre ∙ 4 personnes,Veysonnaz - Valais
19/09/2024,28/09/2024,05/10/2024,357.00,HYLTVJK,21 m² Appartement ∙ 1 chambre ∙ 2 personnes,Nendaz - Valais
19/09/2024,05/10/2024,12/10/2024,451.00,HYLTVJK,21 m² Appartement ∙ 1 chambre ∙ 2 personnes,Nendaz - Valais
19/09/2024,26/10/2024,02/11/2024,451.00,HYLTVJK,21 m² Appartement ∙ 1 chambre ∙ 2 personnes,Nendaz - Valais
19/09/2024,02/11/2024,09/11/2024,478.00,HYLTVJK,21 m² Appartement ∙ 1 chambre ∙ 2 personnes,Nendaz - Valais
19/09/2024,09/11/2024,16/11/2024,478.00,HYLTVJK,21 m² Appartement ∙ 1 chambre ∙ 2 personnes,Nendaz - Valais
19/09/2024,16/11/2024,23/11/2024,478.00,HYLTVJK,21 m² Appartement ∙ 1 chambre ∙ 2 personnes,Nendaz - Valais
19/09/2024,23/11/2024,30/11/2024,478.00,HYLTVJK,21 m² Appartement ∙ 1 chambre ∙ 2 personnes,Nendaz - Valais
19/09/2024,30/11/2024,07/12/2024,478.00,HYLTVJK,21 m² Appartement ∙ 1 chambre ∙ 2 personnes,Nendaz - Valais
19/09/2024,07/12/2024,14/12/2024,478.00,HYLTVJK,21 m² Appartement ∙ 1 chambre ∙ 2 personnes,Nendaz - Valais
19/09/2024,14/12/2024,21/12/2024,478.00,HYLTVJK,21 m² Appartement ∙ 1 chambre ∙ 2 personnes,Nendaz - Valais
19/09/2024,21/12/2024,28/12/2024,698.00,HYLTVJK,21 m² Appartement ∙ 1 chambre ∙ 2 personnes,Nendaz - Valais
19/09/2024,28/12/2024,04/01/2025,1097.00,HYLTVJK,21 m² Appartement ∙ 1 chambre ∙ 2 personnes,Nendaz - Valais
19/09/2024,04/01/2025,11/01/2025,599.00,HYLTVJK,21 m² Appartement ∙ 1 chambre ∙ 2 personnes,Nendaz - Valais
19/09/2024,11/01/2025,18/01/2025,599.00,HYLTVJK,21 m² Appartement ∙ 1 chambre ∙ 2 personnes,Nendaz - Valais
19/09/2024,18/01/2025,25/01/2025,599.00,HYLTVJK,21 m² Appartement ∙ 1 chambre ∙ 2 personnes,Nendaz - Valais
19/09/2024,01/02/2025,08/02/2025,623.00,HYLTVJK,21 m² Appartement ∙ 1 chambre ∙ 2 personnes,Nendaz - Valais
19/09/2024,08/02/2025,15/02/2025,645.00,HYLTVJK,21 m² Appartement ∙ 1 chambre ∙ 2 personnes,Nendaz - Valais
19/09/2024,15/02/2025,22/02/2025,1001.00,HYLTVJK,21 m² Appartement ∙ 1 chambre ∙ 2 personnes,Nendaz - Valais
19/09/2024,22/02/2025,01/03/2025,1001.00,HYLTVJK,21 m² Appartement ∙ 1 chambre ∙ 2 personnes,Nendaz - Valais
19/09/2024,01/03/2025,08/03/2025,1001.00,HYLTVJK,21 m² Appartement ∙ 1 chambre ∙ 2 personnes,Nendaz - Valais
19/09/2024,08/03/2025,15/03/2025,599.00,HYLTVJK,21 m² Appartement ∙ 1 chambre ∙ 2 personnes,Nendaz - Valais
19/09/2024,15/03/2025,22/03/2025,478.00,HYLTVJK,21 m² Appartement ∙ 1 chambre ∙ 2 personnes,Nendaz - Valais
19/09/2024,22/03/2025,29/03/2025,478.00,HYLTVJK,21 m² Appartement ∙ 1 chambre ∙ 2 personnes,Nendaz - Valais
19/09/2024,29/03/2025,05/04/2025,478.00,HYLTVJK,21 m² Appartement ∙ 1 chambre ∙ 2 personnes,Nendaz - Valais
19/09/2024,05/04/2025,12/04/2025,478.00,HYLTVJK,21 m² Appartement ∙ 1 chambre ∙ 2 personnes,Nendaz - Valais
19/09/2024,12/04/2025,19/04/2025,599.00,HYLTVJK,21 m² Appartement ∙ 1 chambre ∙ 2 personnes,Nendaz - Valais
19/09/2024,19/04/2025,26/04/2025,599.00,HYLTVJK,21 m² Appartement ∙ 1 chambre ∙ 2 personnes,Nendaz - Valais
19/09/2024,26/04/2025,03/05/2025,478.00,HYLTVJK,21 m² Appartement ∙ 1 chambre ∙ 2 personnes,Nendaz - Valais
19/09/2024,03/05/2025,10/05/2025,478.00,HYLTVJK,21 m² Appartement ∙ 1 chambre ∙ 2 personnes,Nendaz - Valais
19/09/2024,10/05/2025,17/05/2025,478.00,HYLTVJK,21 m² Appartement ∙ 1 chambre ∙ 2 personnes,Nendaz - Valais
19/09/2024,12/10/2024,19/10/2024,401.70,HYRT4EA,25 m² Appartement ∙ 1 chambre ∙ 2 personnes,Nendaz - Valais
19/09/2024,02/11/2024,09/11/2024,429.78,HYRT4EA,25 m² Appartement ∙ 1 chambre ∙ 2 personnes,Nendaz - Valais
19/09/2024,09/11/2024,16/11/2024,401.42,HYRT4EA,25 m² Appartement ∙ 1 chambre ∙ 2 personnes,Nendaz - Valais
19/09/2024,16/11/2024,23/11/2024,401.70,HYRT4EA,25 m² Appartement ∙ 1 chambre ∙ 2 personnes,Nendaz - Valais
19/09/2024,23/11/2024,30/11/2024,401.42,HYRT4EA,25 m² Appartement ∙ 1 chambre ∙ 2 personnes,Nendaz - Valais
19/09/2024,28/09/2024,05/10/2024,1299.12,H0GW6DZ,150 m² Chalet ∙ 3 chambres ∙ 6 personnes,Riddes - Valais
19/09/2024,05/10/2024,12/10/2024,1298.22,H0GW6DZ,150 m² Chalet ∙ 3 chambres ∙ 6 personnes,Riddes - Valais
19/09/2024,09/11/2024,16/11/2024,1298.22,H0GW6DZ,150 m² Chalet ∙ 3 chambres ∙ 6 personnes,Riddes - Valais
19/09/2024,30/11/2024,07/12/2024,1298.22,H0GW6DZ,150 m² Chalet ∙ 3 chambres ∙ 6 personnes,Riddes - Valais
19/09/2024,07/12/2024,14/12/2024,1303.10,H0GW6DZ,150 m² Chalet ∙ 3 chambres ∙ 6 personnes,Riddes - Valais
19/09/2024,14/12/2024,21/12/2024,1642.30,H0GW6DZ,150 m² Chalet ∙ 3 chambres ∙ 6 personnes,Riddes - Valais
19/09/2024,04/01/2025,11/01/2025,2490.30,H0GW6DZ,150 m² Chalet ∙ 3 chambres ∙ 6 personnes,Riddes - Valais
19/09/2024,11/01/2025,18/01/2025,1532.49,H0GW6DZ,150 m² Chalet ∙ 3 chambres ∙ 6 personnes,Riddes - Valais
19/09/2024,22/02/2025,01/03/2025,3336.93,H0GW6DZ,150 m² Chalet ∙ 3 chambres ∙ 6 personnes,Riddes - Valais
19/09/2024,29/03/2025,05/04/2025,1759.43,H0GW6DZ,150 m² Chalet ∙ 3 chambres ∙ 6 personnes,Riddes - Valais
19/09/2024,05/04/2025,12/04/2025,1765.54,H0GW6DZ,150 m² Chalet ∙ 3 chambres ∙ 6 personnes,Riddes - Valais
19/09/2024,12/04/2025,19/04/2025,1650.76,H0GW6DZ,150 m² Chalet ∙ 3 chambres ∙ 6 personnes,Riddes - Valais
19/09/2024,19/04/2025,26/04/2025,1467.82,H0GW6DZ,150 m² Chalet ∙ 3 chambres ∙ 6 personnes,Riddes - Valais
19/09/2024,26/04/2025,03/05/2025,1427.32,H0GW6DZ,150 m² Chalet ∙ 3 chambres ∙ 6 personnes,Riddes - Valais
19/09/2024,03/05/2025,10/05/2025,1431.22,H0GW6DZ,150 m² Chalet ∙ 3 chambres ∙ 6 personnes,Riddes - Valais
19/09/2024,10/05/2025,17/05/2025,1433.42,H0GW6DZ,150 m² Chalet ∙ 3 chambres ∙ 6 personnes,Riddes - Valais
19/09/2024,21/09/2024,28/09/2024,502.00,H8N4PWV,40 m² Appartement ∙ 1 chambre ∙ 2 personnes,Ayent - Valais
19/09/2024,28/09/2024,05/10/2024,502.00,H8N4PWV,40 m² Appartement ∙ 1 chambre ∙ 2 personnes,Ayent - Valais
19/09/2024,05/10/2024,12/10/2024,667.00,H8N4PWV,40 m² Appartement ∙ 1 chambre ∙ 2 personnes,Ayent - Valais
19/09/2024,12/10/2024,19/10/2024,667.00,H8N4PWV,40 m² Appartement ∙ 1 chambre ∙ 2 personnes,Ayent - Valais
19/09/2024,19/10/2024,26/10/2024,667.00,H8N4PWV,40 m² Appartement ∙ 1 chambre ∙ 2 personnes,Ayent - Valais
19/09/2024,26/10/2024,02/11/2024,554.00,H8N4PWV,40 m² Appartement ∙ 1 chambre ∙ 2 personnes,Ayent - Valais
19/09/2024,02/11/2024,09/11/2024,554.00,H8N4PWV,40 m² Appartement ∙ 1 chambre ∙ 2 personnes,Ayent - Valais
19/09/2024,09/11/2024,16/11/2024,554.00,H8N4PWV,40 m² Appartement ∙ 1 chambre ∙ 2 personnes,Ayent - Valais
19/09/2024,16/11/2024,23/11/2024,554.00,H8N4PWV,40 m² Appartement ∙ 1 chambre ∙ 2 personnes,Ayent - Valais
19/09/2024,23/11/2024,30/11/2024,554.00,H8N4PWV,40 m² Appartement ∙ 1 chambre ∙ 2 personnes,Ayent - Valais
19/09/2024,11/01/2025,18/01/2025,891.23,HALM74W,Appartement ∙ 1 chambre ∙ 3 personnes,Grächen - Valais
19/09/2024,22/02/2025,01/03/2025,1262.58,HALM74W,Appartement ∙ 1 chambre ∙ 3 personnes,Grächen - Valais
19/09/2024,01/03/2025,08/03/2025,1262.58,HALM74W,Appartement ∙ 1 chambre ∙ 3 personnes,Grächen - Valais
19/09/2024,15/03/2025,22/03/2025,891.23,HALM74W,Appartement ∙ 1 chambre ∙ 3 personnes,Grächen - Valais
19/09/2024,22/03/2025,29/03/2025,891.23,HALM74W,Appartement ∙ 1 chambre ∙ 3 personnes,Grächen - Valais
19/09/2024,29/03/2025,05/04/2025,891.23,HALM74W,Appartement ∙ 1 chambre ∙ 3 personnes,Grächen - Valais
19/09/2024,28/09/2024,05/10/2024,1073.26,HTDH1W3,55 m² Appartement ∙ 1 chambre ∙ 4 personnes,Crans-Montana - Valais
19/09/2024,05/10/2024,12/10/2024,1073.26,HTDH1W3,55 m² Appartement ∙ 1 chambre ∙ 4 personnes,Crans-Montana - Valais
19/09/2024,14/12/2024,21/12/2024,1236.79,HTDH1W3,55 m² Appartement ∙ 1 chambre ∙ 4 personnes,Crans-Montana - Valais
19/09/2024,25/01/2025,01/02/2025,1236.79,HTDH1W3,55 m² Appartement ∙ 1 chambre ∙ 4 personnes,Crans-Montana - Valais
19/09/2024,01/02/2025,08/02/2025,1236.79,HTDH1W3,55 m² Appartement ∙ 1 chambre ∙ 4 personnes,Crans-Montana - Valais
19/09/2024,08/02/2025,15/02/2025,1236.79,HTDH1W3,55 m² Appartement ∙ 1 chambre ∙ 4 personnes,Crans-Montana - Valais
19/09/2024,01/03/2025,08/03/2025,1528.10,HTDH1W3,55 m² Appartement ∙ 1 chambre ∙ 4 personnes,Crans-Montana - Valais
19/09/2024,08/03/2025,15/03/2025,1236.79,HTDH1W3,55 m² Appartement ∙ 1 chambre ∙ 4 personnes,Crans-Montana - Valais
19/09/2024,15/03/2025,22/03/2025,1236.79,HTDH1W3,55 m² Appartement ∙ 1 chambre ∙ 4 personnes,Crans-Montana - Valais
19/09/2024,22/03/2025,29/03/2025,1236.79,HTDH1W3,55 m² Appartement ∙ 1 chambre ∙ 4 personnes,Crans-Montana - Valais
19/09/2024,29/03/2025,05/04/2025,1073.26,HTDH1W3,55 m² Appartement ∙ 1 chambre ∙ 4 personnes,Crans-Montana - Valais
19/09/2024,02/11/2024,09/11/2024,615.22,HPTJZBL,70 m² Appartement ∙ 1 chambre ∙ 4 personnes,Vercorin - Valais
19/09/2024,09/11/2024,16/11/2024,615.22,HPTJZBL,70 m² Appartement ∙ 1 chambre ∙ 4 personnes,Vercorin - Valais
19/09/2024,16/11/2024,23/11/2024,615.22,HPTJZBL,70 m² Appartement ∙ 1 chambre ∙ 4 personnes,Vercorin - Valais
19/09/2024,23/11/2024,30/11/2024,615.22,HPTJZBL,70 m² Appartement ∙ 1 chambre ∙ 4 personnes,Vercorin - Valais
19/09/2024,30/11/2024,07/12/2024,615.22,HPTJZBL,70 m² Appartement ∙ 1 chambre ∙ 4 personnes,Vercorin - Valais
19/09/2024,07/12/2024,14/12/2024,616.26,HPTJZBL,70 m² Appartement ∙ 1 chambre ∙ 4 personnes,Vercorin - Valais
19/09/2024,14/12/2024,21/12/2024,741.53,HPTJZBL,70 m² Appartement ∙ 1 chambre ∙ 4 personnes,Vercorin - Valais
19/09/2024,11/01/2025,18/01/2025,756.06,HPTJZBL,70 m² Appartement ∙ 1 chambre ∙ 4 personnes,Vercorin - Valais
19/09/2024,18/01/2025,25/01/2025,851.47,HPTJZBL,70 m² Appartement ∙ 1 chambre ∙ 4 personnes,Vercorin - Valais
19/09/2024,25/01/2025,01/02/2025,971.78,HPTJZBL,70 m² Appartement ∙ 1 chambre ∙ 4 personnes,Vercorin - Valais
19/09/2024,08/02/2025,15/02/2025,1160.52,HPTJZBL,70 m² Appartement ∙ 1 chambre ∙ 4 personnes,Vercorin - Valais
19/09/2024,01/03/2025,08/03/2025,1161.56,HPTJZBL,70 m² Appartement ∙ 1 chambre ∙ 4 personnes,Vercorin - Valais
19/09/2024,08/03/2025,15/03/2025,867.02,HPTJZBL,70 m² Appartement ∙ 1 chambre ∙ 4 personnes,Vercorin - Valais
19/09/2024,15/03/2025,22/03/2025,860.80,HPTJZBL,70 m² Appartement ∙ 1 chambre ∙ 4 personnes,Vercorin - Valais
19/09/2024,22/03/2025,29/03/2025,758.12,HPTJZBL,70 m² Appartement ∙ 1 chambre ∙ 4 personnes,Vercorin - Valais
19/09/2024,29/03/2025,05/04/2025,885.69,HPTJZBL,70 m² Appartement ∙ 1 chambre ∙ 4 personnes,Vercorin - Valais
19/09/2024,05/04/2025,12/04/2025,889.85,HPTJZBL,70 m² Appartement ∙ 1 chambre ∙ 4 personnes,Vercorin - Valais
19/09/2024,12/04/2025,19/04/2025,977.99,HPTJZBL,70 m² Appartement ∙ 1 chambre ∙ 4 personnes,Vercorin - Valais
19/09/2024,19/04/2025,26/04/2025,876.36,HPTJZBL,70 m² Appartement ∙ 1 chambre ∙ 4 personnes,Vercorin - Valais
19/09/2024,26/04/2025,03/05/2025,851.47,HPTJZBL,70 m² Appartement ∙ 1 chambre ∙ 4 personnes,Vercorin - Valais
19/09/2024,03/05/2025,10/05/2025,857.69,HPTJZBL,70 m² Appartement ∙ 1 chambre ∙ 4 personnes,Vercorin - Valais
19/09/2024,10/05/2025,17/05/2025,801.69,HPTJZBL,70 m² Appartement ∙ 1 chambre ∙ 4 personnes,Vercorin - Valais
19/09/2024,21/09/2024,28/09/2024,728.00,H94X0GF,48 m² Appartement ∙ 1 chambre ∙ 4 personnes,Icogne - Valais
19/09/2024,28/09/2024,05/10/2024,728.00,H94X0GF,48 m² Appartement ∙ 1 chambre ∙ 4 personnes,Icogne - Valais
19/09/2024,12/10/2024,19/10/2024,728.00,H94X0GF,48 m² Appartement ∙ 1 chambre ∙ 4 personnes,Icogne - Valais
19/09/2024,19/10/2024,26/10/2024,728.00,H94X0GF,48 m² Appartement ∙ 1 chambre ∙ 4 personnes,Icogne - Valais
19/09/2024,26/10/2024,02/11/2024,728.00,H94X0GF,48 m² Appartement ∙ 1 chambre ∙ 4 personnes,Icogne - Valais
19/09/2024,02/11/2024,09/11/2024,755.00,H94X0GF,48 m² Appartement ∙ 1 chambre ∙ 4 personnes,Icogne - Valais
19/09/2024,09/11/2024,16/11/2024,755.00,H94X0GF,48 m² Appartement ∙ 1 chambre ∙ 4 personnes,Icogne - Valais
19/09/2024,16/11/2024,23/11/2024,755.00,H94X0GF,48 m² Appartement ∙ 1 chambre ∙ 4 personnes,Icogne - Valais
19/09/2024,23/11/2024,30/11/2024,755.00,H94X0GF,48 m² Appartement ∙ 1 chambre ∙ 4 personnes,Icogne - Valais
19/09/2024,30/11/2024,07/12/2024,755.00,H94X0GF,48 m² Appartement ∙ 1 chambre ∙ 4 personnes,Icogne - Valais
19/09/2024,07/12/2024,14/12/2024,755.00,H94X0GF,48 m² Appartement ∙ 1 chambre ∙ 4 personnes,Icogne - Valais
19/09/2024,14/12/2024,21/12/2024,755.00,H94X0GF,48 m² Appartement ∙ 1 chambre ∙ 4 personnes,Icogne - Valais
19/09/2024,21/12/2024,28/12/2024,1608.00,H94X0GF,48 m² Appartement ∙ 1 chambre ∙ 4 personnes,Icogne - Valais
19/09/2024,04/01/2025,11/01/2025,926.00,H94X0GF,48 m² Appartement ∙ 1 chambre ∙ 4 personnes,Icogne - Valais
19/09/2024,11/01/2025,18/01/2025,926.00,H94X0GF,48 m² Appartement ∙ 1 chambre ∙ 4 personnes,Icogne - Valais
19/09/2024,08/02/2025,15/02/2025,1354.00,H94X0GF,48 m² Appartement ∙ 1 chambre ∙ 4 personnes,Icogne - Valais
19/09/2024,22/02/2025,01/03/2025,1608.00,H94X0GF,48 m² Appartement ∙ 1 chambre ∙ 4 personnes,Icogne - Valais
19/09/2024,01/03/2025,08/03/2025,1354.00,H94X0GF,48 m² Appartement ∙ 1 chambre ∙ 4 personnes,Icogne - Valais
19/09/2024,08/03/2025,15/03/2025,755.00,H94X0GF,48 m² Appartement ∙ 1 chambre ∙ 4 personnes,Icogne - Valais
19/09/2024,15/03/2025,22/03/2025,755.00,H94X0GF,48 m² Appartement ∙ 1 chambre ∙ 4 personnes,Icogne - Valais
19/09/2024,22/03/2025,29/03/2025,755.00,H94X0GF,48 m² Appartement ∙ 1 chambre ∙ 4 personnes,Icogne - Valais
19/09/2024,29/03/2025,05/04/2025,755.00,H94X0GF,48 m² Appartement ∙ 1 chambre ∙ 4 personnes,Icogne - Valais
19/09/2024,05/04/2025,12/04/2025,755.00,H94X0GF,48 m² Appartement ∙ 1 chambre ∙ 4 personnes,Icogne - Valais
19/09/2024,12/04/2025,19/04/2025,926.00,H94X0GF,48 m² Appartement ∙ 1 chambre ∙ 4 personnes,Icogne - Valais
19/09/2024,19/04/2025,26/04/2025,926.00,H94X0GF,48 m² Appartement ∙ 1 chambre ∙ 4 personnes,Icogne - Valais
19/09/2024,26/04/2025,03/05/2025,755.00,H94X0GF,48 m² Appartement ∙ 1 chambre ∙ 4 personnes,Icogne - Valais
19/09/2024,03/05/2025,10/05/2025,755.00,H94X0GF,48 m² Appartement ∙ 1 chambre ∙ 4 personnes,Icogne - Valais
19/09/2024,10/05/2025,17/05/2025,755.00,H94X0GF,48 m² Appartement ∙ 1 chambre ∙ 4 personnes,Icogne - Valais
19/09/2024,05/10/2024,12/10/2024,1001.00,H0YUSGF,100 m² Maison de vacances ∙ 2 chambres ∙ 5 personnes,Nendaz - Valais
19/09/2024,12/10/2024,19/10/2024,1001.00,H0YUSGF,100 m² Maison de vacances ∙ 2 chambres ∙ 5 personnes,Nendaz - Valais
19/09/2024,26/10/2024,02/11/2024,1001.00,H0YUSGF,100 m² Maison de vacances ∙ 2 chambres ∙ 5 personnes,Nendaz - Valais
19/09/2024,02/11/2024,09/11/2024,1028.00,H0YUSGF,100 m² Maison de vacances ∙ 2 chambres ∙ 5 personnes,Nendaz - Valais
19/09/2024,09/11/2024,16/11/2024,1028.00,H0YUSGF,100 m² Maison de vacances ∙ 2 chambres ∙ 5 personnes,Nendaz - Valais
19/09/2024,16/11/2024,23/11/2024,1028.00,H0YUSGF,100 m² Maison de vacances ∙ 2 chambres ∙ 5 personnes,Nendaz - Valais
19/09/2024,23/11/2024,30/11/2024,1028.00,H0YUSGF,100 m² Maison de vacances ∙ 2 chambres ∙ 5 personnes,Nendaz - Valais
19/09/2024,30/11/2024,07/12/2024,1028.00,H0YUSGF,100 m² Maison de vacances ∙ 2 chambres ∙ 5 personnes,Nendaz - Valais
19/09/2024,07/12/2024,14/12/2024,1028.00,H0YUSGF,100 m² Maison de vacances ∙ 2 chambres ∙ 5 personnes,Nendaz - Valais
19/09/2024,11/01/2025,18/01/2025,1369.00,H0YUSGF,100 m² Maison de vacances ∙ 2 chambres ∙ 5 personnes,Nendaz - Valais
19/09/2024,18/01/2025,25/01/2025,1369.00,H0YUSGF,100 m² Maison de vacances ∙ 2 chambres ∙ 5 personnes,Nendaz - Valais
19/09/2024,25/01/2025,01/02/2025,1635.00,H0YUSGF,100 m² Maison de vacances ∙ 2 chambres ∙ 5 personnes,Nendaz - Valais
19/09/2024,01/02/2025,08/02/2025,1793.00,H0YUSGF,100 m² Maison de vacances ∙ 2 chambres ∙ 5 personnes,Nendaz - Valais
19/09/2024,08/02/2025,15/02/2025,1862.00,H0YUSGF,100 m² Maison de vacances ∙ 2 chambres ∙ 5 personnes,Nendaz - Valais
19/09/2024,01/03/2025,08/03/2025,2454.00,H0YUSGF,100 m² Maison de vacances ∙ 2 chambres ∙ 5 personnes,Nendaz - Valais
19/09/2024,08/03/2025,15/03/2025,1369.00,H0YUSGF,100 m² Maison de vacances ∙ 2 chambres ∙ 5 personnes,Nendaz - Valais
19/09/2024,15/03/2025,22/03/2025,1028.00,H0YUSGF,100 m² Maison de vacances ∙ 2 chambres ∙ 5 personnes,Nendaz - Valais
19/09/2024,22/03/2025,29/03/2025,1028.00,H0YUSGF,100 m² Maison de vacances ∙ 2 chambres ∙ 5 personnes,Nendaz - Valais
19/09/2024,29/03/2025,05/04/2025,1028.00,H0YUSGF,100 m² Maison de vacances ∙ 2 chambres ∙ 5 personnes,Nendaz - Valais
19/09/2024,05/04/2025,12/04/2025,1028.00,H0YUSGF,100 m² Maison de vacances ∙ 2 chambres ∙ 5 personnes,Nendaz - Valais
19/09/2024,12/04/2025,19/04/2025,1369.00,H0YUSGF,100 m² Maison de vacances ∙ 2 chambres ∙ 5 personnes,Nendaz - Valais
19/09/2024,19/04/2025,26/04/2025,1369.00,H0YUSGF,100 m² Maison de vacances ∙ 2 chambres ∙ 5 personnes,Nendaz - Valais
19/09/2024,26/04/2025,03/05/2025,1028.00,H0YUSGF,100 m² Maison de vacances ∙ 2 chambres ∙ 5 personnes,Nendaz - Valais
19/09/2024,03/05/2025,10/05/2025,1028.00,H0YUSGF,100 m² Maison de vacances ∙ 2 chambres ∙ 5 personnes,Nendaz - Valais
19/09/2024,10/05/2025,17/05/2025,1028.00,H0YUSGF,100 m² Maison de vacances ∙ 2 chambres ∙ 5 personnes,Nendaz - Valais
19/09/2024,21/09/2024,28/09/2024,560.00,HFDR94Z,30 m² Appartement ∙ 1 chambre ∙ 2 personnes,Crans-Montana - Valais
19/09/2024,28/09/2024,05/10/2024,560.00,HFDR94Z,30 m² Appartement ∙ 1 chambre ∙ 2 personnes,Crans-Montana - Valais
19/09/2024,19/10/2024,26/10/2024,560.00,HFDR94Z,30 m² Appartement ∙ 1 chambre ∙ 2 personnes,Crans-Montana - Valais
19/09/2024,26/10/2024,02/11/2024,560.00,HFDR94Z,30 m² Appartement ∙ 1 chambre ∙ 2 personnes,Crans-Montana - Valais
19/09/2024,02/11/2024,09/11/2024,587.00,HFDR94Z,30 m² Appartement ∙ 1 chambre ∙ 2 personnes,Crans-Montana - Valais
19/09/2024,09/11/2024,16/11/2024,587.00,HFDR94Z,30 m² Appartement ∙ 1 chambre ∙ 2 personnes,Crans-Montana - Valais
19/09/2024,16/11/2024,23/11/2024,587.00,HFDR94Z,30 m² Appartement ∙ 1 chambre ∙ 2 personnes,Crans-Montana - Valais
19/09/2024,23/11/2024,30/11/2024,587.00,HFDR94Z,30 m² Appartement ∙ 1 chambre ∙ 2 personnes,Crans-Montana - Valais
19/09/2024,30/11/2024,07/12/2024,587.00,HFDR94Z,30 m² Appartement ∙ 1 chambre ∙ 2 personnes,Crans-Montana - Valais
19/09/2024,07/12/2024,14/12/2024,587.00,HFDR94Z,30 m² Appartement ∙ 1 chambre ∙ 2 personnes,Crans-Montana - Valais
19/09/2024,14/12/2024,21/12/2024,587.00,HFDR94Z,30 m² Appartement ∙ 1 chambre ∙ 2 personnes,Crans-Montana - Valais
19/09/2024,21/12/2024,28/12/2024,1163.00,HFDR94Z,30 m² Appartement ∙ 1 chambre ∙ 2 personnes,Crans-Montana - Valais
19/09/2024,28/12/2024,04/01/2025,1315.00,HFDR94Z,30 m² Appartement ∙ 1 chambre ∙ 2 personnes,Crans-Montana - Valais
19/09/2024,08/02/2025,15/02/2025,979.00,HFDR94Z,30 m² Appartement ∙ 1 chambre ∙ 2 personnes,Crans-Montana - Valais
19/09/2024,15/02/2025,22/02/2025,1163.00,HFDR94Z,30 m² Appartement ∙ 1 chambre ∙ 2 personnes,Crans-Montana - Valais
19/09/2024,22/02/2025,01/03/2025,1163.00,HFDR94Z,30 m² Appartement ∙ 1 chambre ∙ 2 personnes,Crans-Montana - Valais
19/09/2024,01/03/2025,08/03/2025,979.00,HFDR94Z,30 m² Appartement ∙ 1 chambre ∙ 2 personnes,Crans-Montana - Valais
19/09/2024,08/03/2025,15/03/2025,587.00,HFDR94Z,30 m² Appartement ∙ 1 chambre ∙ 2 personnes,Crans-Montana - Valais
19/09/2024,15/03/2025,22/03/2025,587.00,HFDR94Z,30 m² Appartement ∙ 1 chambre ∙ 2 personnes,Crans-Montana - Valais
19/09/2024,22/03/2025,29/03/2025,587.00,HFDR94Z,30 m² Appartement ∙ 1 chambre ∙ 2 personnes,Crans-Montana - Valais
19/09/2024,29/03/2025,05/04/2025,587.00,HFDR94Z,30 m² Appartement ∙ 1 chambre ∙ 2 personnes,Crans-Montana - Valais
19/09/2024,19/04/2025,26/04/2025,701.00,HFDR94Z,30 m² Appartement ∙ 1 chambre ∙ 2 personnes,Crans-Montana - Valais
19/09/2024,26/04/2025,03/05/2025,587.00,HFDR94Z,30 m² Appartement ∙ 1 chambre ∙ 2 personnes,Crans-Montana - Valais
19/09/2024,03/05/2025,10/05/2025,587.00,HFDR94Z,30 m² Appartement ∙ 1 chambre ∙ 2 personnes,Crans-Montana - Valais
19/09/2024,10/05/2025,17/05/2025,587.00,HFDR94Z,30 m² Appartement ∙ 1 chambre ∙ 2 personnes,Crans-Montana - Valais
19/09/2024,21/09/2024,28/09/2024,783.00,H7PMB95,Aragon P36,Aragon P36Ernen - Valais
19/09/2024,28/09/2024,05/10/2024,783.00,H7PMB95,Aragon P36,Aragon P36Ernen - Valais
19/09/2024,12/10/2024,19/10/2024,1024.00,H7PMB95,Aragon P36,Aragon P36Ernen - Valais
19/09/2024,19/10/2024,26/10/2024,1024.00,H7PMB95,Aragon P36,Aragon P36Ernen - Valais
19/09/2024,26/10/2024,02/11/2024,1024.00,H7PMB95,Aragon P36,Aragon P36Ernen - Valais
19/09/2024,02/11/2024,09/11/2024,1024.00,H7PMB95,Aragon P36,Aragon P36Ernen - Valais
19/09/2024,09/11/2024,16/11/2024,1024.00,H7PMB95,Aragon P36,Aragon P36Ernen - Valais
19/09/2024,16/11/2024,23/11/2024,1024.00,H7PMB95,Aragon P36,Aragon P36Ernen - Valais
19/09/2024,23/11/2024,30/11/2024,1024.00,H7PMB95,Aragon P36,Aragon P36Ernen - Valais
19/09/2024,30/11/2024,07/12/2024,1024.00,H7PMB95,Aragon P36,Aragon P36Ernen - Valais
19/09/2024,07/12/2024,14/12/2024,1024.00,H7PMB95,Aragon P36,Aragon P36Ernen - Valais
19/09/2024,14/12/2024,21/12/2024,1175.00,H7PMB95,Aragon P36,Aragon P36Ernen - Valais
19/09/2024,11/01/2025,18/01/2025,1403.00,H7PMB95,Aragon P36,Aragon P36Ernen - Valais
19/09/2024,18/01/2025,25/01/2025,1403.00,H7PMB95,Aragon P36,Aragon P36Ernen - Valais
19/09/2024,25/01/2025,01/02/2025,1403.00,H7PMB95,Aragon P36,Aragon P36Ernen - Valais
19/09/2024,01/02/2025,08/02/2025,1782.00,H7PMB95,Aragon P36,Aragon P36Ernen - Valais
19/09/2024,08/02/2025,15/02/2025,1782.00,H7PMB95,Aragon P36,Aragon P36Ernen - Valais
19/09/2024,15/02/2025,22/02/2025,1782.00,H7PMB95,Aragon P36,Aragon P36Ernen - Valais
19/09/2024,01/03/2025,08/03/2025,1630.00,H7PMB95,Aragon P36,Aragon P36Ernen - Valais
19/09/2024,08/03/2025,15/03/2025,1403.00,H7PMB95,Aragon P36,Aragon P36Ernen - Valais
19/09/2024,22/03/2025,29/03/2025,1024.00,H7PMB95,Aragon P36,Aragon P36Ernen - Valais
19/09/2024,29/03/2025,05/04/2025,1024.00,H7PMB95,Aragon P36,Aragon P36Ernen - Valais
19/09/2024,05/04/2025,12/04/2025,1024.00,H7PMB95,Aragon P36,Aragon P36Ernen - Valais
19/09/2024,12/04/2025,19/04/2025,1175.00,H7PMB95,Aragon P36,Aragon P36Ernen - Valais
19/09/2024,19/04/2025,26/04/2025,1175.00,H7PMB95,Aragon P36,Aragon P36Ernen - Valais
19/09/2024,26/04/2025,03/05/2025,1024.00,H7PMB95,Aragon P36,Aragon P36Ernen - Valais
19/09/2024,03/05/2025,10/05/2025,1024.00,H7PMB95,Aragon P36,Aragon P36Ernen - Valais
19/09/2024,10/05/2025,17/05/2025,1024.00,H7PMB95,Aragon P36,Aragon P36Ernen - Valais
19/09/2024,21/09/2024,28/09/2024,773.00,HZ6D9MV,50 m² Appartement ∙ 1 chambre ∙ 4 personnes,Nendaz - Valais
19/09/2024,28/09/2024,05/10/2024,773.00,HZ6D9MV,50 m² Appartement ∙ 1 chambre ∙ 4 personnes,Nendaz - Valais
19/09/2024,05/10/2024,12/10/2024,773.00,HZ6D9MV,50 m² Appartement ∙ 1 chambre ∙ 4 personnes,Nendaz - Valais
19/09/2024,12/10/2024,19/10/2024,773.00,HZ6D9MV,50 m² Appartement ∙ 1 chambre ∙ 4 personnes,Nendaz - Valais
19/09/2024,19/10/2024,26/10/2024,773.00,HZ6D9MV,50 m² Appartement ∙ 1 chambre ∙ 4 personnes,Nendaz - Valais
19/09/2024,26/10/2024,02/11/2024,773.00,HZ6D9MV,50 m² Appartement ∙ 1 chambre ∙ 4 personnes,Nendaz - Valais
19/09/2024,02/11/2024,09/11/2024,800.00,HZ6D9MV,50 m² Appartement ∙ 1 chambre ∙ 4 personnes,Nendaz - Valais
19/09/2024,09/11/2024,16/11/2024,800.00,HZ6D9MV,50 m² Appartement ∙ 1 chambre ∙ 4 personnes,Nendaz - Valais
19/09/2024,16/11/2024,23/11/2024,800.00,HZ6D9MV,50 m² Appartement ∙ 1 chambre ∙ 4 personnes,Nendaz - Valais
19/09/2024,23/11/2024,30/11/2024,800.00,HZ6D9MV,50 m² Appartement ∙ 1 chambre ∙ 4 personnes,Nendaz - Valais
19/09/2024,30/11/2024,07/12/2024,941.00,HZ6D9MV,50 m² Appartement ∙ 1 chambre ∙ 4 personnes,Nendaz - Valais
19/09/2024,07/12/2024,14/12/2024,941.00,HZ6D9MV,50 m² Appartement ∙ 1 chambre ∙ 4 personnes,Nendaz - Valais
19/09/2024,14/12/2024,21/12/2024,941.00,HZ6D9MV,50 m² Appartement ∙ 1 chambre ∙ 4 personnes,Nendaz - Valais
19/09/2024,04/01/2025,11/01/2025,1168.00,HZ6D9MV,50 m² Appartement ∙ 1 chambre ∙ 4 personnes,Nendaz - Valais
19/09/2024,11/01/2025,18/01/2025,1168.00,HZ6D9MV,50 m² Appartement ∙ 1 chambre ∙ 4 personnes,Nendaz - Valais
19/09/2024,18/01/2025,25/01/2025,1168.00,HZ6D9MV,50 m² Appartement ∙ 1 chambre ∙ 4 personnes,Nendaz - Valais
19/09/2024,25/01/2025,01/02/2025,1168.00,HZ6D9MV,50 m² Appartement ∙ 1 chambre ∙ 4 personnes,Nendaz - Valais
19/09/2024,01/02/2025,08/02/2025,1269.00,HZ6D9MV,50 m² Appartement ∙ 1 chambre ∙ 4 personnes,Nendaz - Valais
19/09/2024,08/02/2025,15/02/2025,1320.00,HZ6D9MV,50 m² Appartement ∙ 1 chambre ∙ 4 personnes,Nendaz - Valais
19/09/2024,15/02/2025,22/02/2025,1548.00,HZ6D9MV,50 m² Appartement ∙ 1 chambre ∙ 4 personnes,Nendaz - Valais
19/09/2024,22/02/2025,01/03/2025,1548.00,HZ6D9MV,50 m² Appartement ∙ 1 chambre ∙ 4 personnes,Nendaz - Valais
19/09/2024,01/03/2025,08/03/2025,1548.00,HZ6D9MV,50 m² Appartement ∙ 1 chambre ∙ 4 personnes,Nendaz - Valais
19/09/2024,08/03/2025,15/03/2025,1168.00,HZ6D9MV,50 m² Appartement ∙ 1 chambre ∙ 4 personnes,Nendaz - Valais
19/09/2024,15/03/2025,22/03/2025,941.00,HZ6D9MV,50 m² Appartement ∙ 1 chambre ∙ 4 personnes,Nendaz - Valais
19/09/2024,22/03/2025,29/03/2025,941.00,HZ6D9MV,50 m² Appartement ∙ 1 chambre ∙ 4 personnes,Nendaz - Valais
19/09/2024,29/03/2025,05/04/2025,941.00,HZ6D9MV,50 m² Appartement ∙ 1 chambre ∙ 4 personnes,Nendaz - Valais
19/09/2024,05/04/2025,12/04/2025,941.00,HZ6D9MV,50 m² Appartement ∙ 1 chambre ∙ 4 personnes,Nendaz - Valais
19/09/2024,12/04/2025,19/04/2025,1168.00,HZ6D9MV,50 m² Appartement ∙ 1 chambre ∙ 4 personnes,Nendaz - Valais
19/09/2024,03/05/2025,10/05/2025,941.00,HZ6D9MV,50 m² Appartement ∙ 1 chambre ∙ 4 personnes,Nendaz - Valais
19/09/2024,10/05/2025,17/05/2025,941.00,HZ6D9MV,50 m² Appartement ∙ 1 chambre ∙ 4 personnes,Nendaz - Valais
19/09/2024,21/09/2024,28/09/2024,705.55,HAN1CW9,Appartement ∙ 2 chambres ∙ 4 personnes,Grächen - Valais
19/09/2024,05/10/2024,12/10/2024,705.90,HAN1CW9,Appartement ∙ 2 chambres ∙ 4 personnes,Grächen - Valais
19/09/2024,12/10/2024,19/10/2024,705.55,HAN1CW9,Appartement ∙ 2 chambres ∙ 4 personnes,Grächen - Valais
19/09/2024,19/10/2024,26/10/2024,482.98,HAN1CW9,Appartement ∙ 2 chambres ∙ 4 personnes,Grächen - Valais
19/09/2024,26/10/2024,02/11/2024,445.83,HAN1CW9,Appartement ∙ 2 chambres ∙ 4 personnes,Grächen - Valais
19/09/2024,02/11/2024,09/11/2024,445.61,HAN1CW9,Appartement ∙ 2 chambres ∙ 4 personnes,Grächen - Valais
19/09/2024,09/11/2024,16/11/2024,445.61,HAN1CW9,Appartement ∙ 2 chambres ∙ 4 personnes,Grächen - Valais
19/09/2024,16/11/2024,23/11/2024,445.61,HAN1CW9,Appartement ∙ 2 chambres ∙ 4 personnes,Grächen - Valais
19/09/2024,23/11/2024,30/11/2024,445.61,HAN1CW9,Appartement ∙ 2 chambres ∙ 4 personnes,Grächen - Valais
19/09/2024,30/11/2024,07/12/2024,445.83,HAN1CW9,Appartement ∙ 2 chambres ∙ 4 personnes,Grächen - Valais
19/09/2024,07/12/2024,14/12/2024,705.55,HAN1CW9,Appartement ∙ 2 chambres ∙ 4 personnes,Grächen - Valais
19/09/2024,14/12/2024,21/12/2024,1039.76,HAN1CW9,Appartement ∙ 2 chambres ∙ 4 personnes,Grächen - Valais
19/09/2024,04/01/2025,11/01/2025,1039.76,HAN1CW9,Appartement ∙ 2 chambres ∙ 4 personnes,Grächen - Valais
19/09/2024,11/01/2025,18/01/2025,1039.76,HAN1CW9,Appartement ∙ 2 chambres ∙ 4 personnes,Grächen - Valais
19/09/2024,18/01/2025,25/01/2025,1040.27,HAN1CW9,Appartement ∙ 2 chambres ∙ 4 personnes,Grächen - Valais
19/09/2024,25/01/2025,01/02/2025,1262.57,HAN1CW9,Appartement ∙ 2 chambres ∙ 4 personnes,Grächen - Valais
19/09/2024,22/02/2025,01/03/2025,1040.27,HAN1CW9,Appartement ∙ 2 chambres ∙ 4 personnes,Grächen - Valais
19/09/2024,01/03/2025,08/03/2025,1039.76,HAN1CW9,Appartement ∙ 2 chambres ∙ 4 personnes,Grächen - Valais
19/09/2024,08/03/2025,15/03/2025,1039.76,HAN1CW9,Appartement ∙ 2 chambres ∙ 4 personnes,Grächen - Valais
19/09/2024,15/03/2025,22/03/2025,1040.27,HAN1CW9,Appartement ∙ 2 chambres ∙ 4 personnes,Grächen - Valais
19/09/2024,22/03/2025,29/03/2025,1040.27,HAN1CW9,Appartement ∙ 2 chambres ∙ 4 personnes,Grächen - Valais
19/09/2024,29/03/2025,05/04/2025,705.55,HAN1CW9,Appartement ∙ 2 chambres ∙ 4 personnes,Grächen - Valais
19/09/2024,05/04/2025,12/04/2025,705.55,HAN1CW9,Appartement ∙ 2 chambres ∙ 4 personnes,Grächen - Valais
19/09/2024,12/04/2025,19/04/2025,705.90,HAN1CW9,Appartement ∙ 2 chambres ∙ 4 personnes,Grächen - Valais
19/09/2024,19/04/2025,26/04/2025,519.88,HAN1CW9,Appartement ∙ 2 chambres ∙ 4 personnes,Grächen - Valais
19/09/2024,26/04/2025,03/05/2025,445.61,HAN1CW9,Appartement ∙ 2 chambres ∙ 4 personnes,Grächen - Valais
19/09/2024,03/05/2025,10/05/2025,445.83,HAN1CW9,Appartement ∙ 2 chambres ∙ 4 personnes,Grächen - Valais
19/09/2024,10/05/2025,17/05/2025,445.61,HAN1CW9,Appartement ∙ 2 chambres ∙ 4 personnes,Grächen - Valais
19/09/2024,21/09/2024,28/09/2024,868.82,HUPSZMV,85 m² Appartement ∙ 3 chambres ∙ 8 personnes,Vex - Valais
19/09/2024,28/09/2024,05/10/2024,868.82,HUPSZMV,85 m² Appartement ∙ 3 chambres ∙ 8 personnes,Vex - Valais
19/09/2024,05/10/2024,12/10/2024,868.82,HUPSZMV,85 m² Appartement ∙ 3 chambres ∙ 8 personnes,Vex - Valais
19/09/2024,12/10/2024,19/10/2024,869.25,HUPSZMV,85 m² Appartement ∙ 3 chambres ∙ 8 personnes,Vex - Valais
19/09/2024,19/10/2024,26/10/2024,868.82,HUPSZMV,85 m² Appartement ∙ 3 chambres ∙ 8 personnes,Vex - Valais
19/09/2024,26/10/2024,02/11/2024,869.25,HUPSZMV,85 m² Appartement ∙ 3 chambres ∙ 8 personnes,Vex - Valais
19/09/2024,02/11/2024,09/11/2024,868.82,HUPSZMV,85 m² Appartement ∙ 3 chambres ∙ 8 personnes,Vex - Valais
19/09/2024,09/11/2024,16/11/2024,869.25,HUPSZMV,85 m² Appartement ∙ 3 chambres ∙ 8 personnes,Vex - Valais
19/09/2024,16/11/2024,23/11/2024,869.25,HUPSZMV,85 m² Appartement ∙ 3 chambres ∙ 8 personnes,Vex - Valais
19/09/2024,23/11/2024,30/11/2024,868.82,HUPSZMV,85 m² Appartement ∙ 3 chambres ∙ 8 personnes,Vex - Valais
19/09/2024,30/11/2024,07/12/2024,868.82,HUPSZMV,85 m² Appartement ∙ 3 chambres ∙ 8 personnes,Vex - Valais
19/09/2024,07/12/2024,14/12/2024,868.82,HUPSZMV,85 m² Appartement ∙ 3 chambres ∙ 8 personnes,Vex - Valais
19/09/2024,14/12/2024,21/12/2024,1728.26,HUPSZMV,85 m² Appartement ∙ 3 chambres ∙ 8 personnes,Vex - Valais
19/09/2024,18/01/2025,25/01/2025,1728.26,HUPSZMV,85 m² Appartement ∙ 3 chambres ∙ 8 personnes,Vex - Valais
19/09/2024,08/02/2025,15/02/2025,1890.96,HUPSZMV,85 m² Appartement ∙ 3 chambres ∙ 8 personnes,Vex - Valais
19/09/2024,08/03/2025,15/03/2025,1890.96,HUPSZMV,85 m² Appartement ∙ 3 chambres ∙ 8 personnes,Vex - Valais
19/09/2024,15/03/2025,22/03/2025,1727.43,HUPSZMV,85 m² Appartement ∙ 3 chambres ∙ 8 personnes,Vex - Valais
19/09/2024,22/03/2025,29/03/2025,1727.43,HUPSZMV,85 m² Appartement ∙ 3 chambres ∙ 8 personnes,Vex - Valais
19/09/2024,29/03/2025,05/04/2025,1727.43,HUPSZMV,85 m² Appartement ∙ 3 chambres ∙ 8 personnes,Vex - Valais
19/09/2024,05/04/2025,12/04/2025,1727.43,HUPSZMV,85 m² Appartement ∙ 3 chambres ∙ 8 personnes,Vex - Valais
19/09/2024,12/04/2025,19/04/2025,1727.43,HUPSZMV,85 m² Appartement ∙ 3 chambres ∙ 8 personnes,Vex - Valais
19/09/2024,19/04/2025,26/04/2025,1727.43,HUPSZMV,85 m² Appartement ∙ 3 chambres ∙ 8 personnes,Vex - Valais
19/09/2024,21/09/2024,28/09/2024,1144.48,HZN2MB3,120 m² Appartement ∙ 3 chambres ∙ 6 personnes,Bagnes - Valais
19/09/2024,28/09/2024,05/10/2024,1157.90,HZN2MB3,120 m² Appartement ∙ 3 chambres ∙ 6 personnes,Bagnes - Valais
19/09/2024,05/10/2024,12/10/2024,1179.87,HZN2MB3,120 m² Appartement ∙ 3 chambres ∙ 6 personnes,Bagnes - Valais
19/09/2024,12/10/2024,19/10/2024,1149.36,HZN2MB3,120 m² Appartement ∙ 3 chambres ∙ 6 personnes,Bagnes - Valais
19/09/2024,26/10/2024,02/11/2024,1240.26,HZN2MB3,120 m² Appartement ∙ 3 chambres ∙ 6 personnes,Bagnes - Valais
19/09/2024,02/11/2024,09/11/2024,1199.39,HZN2MB3,120 m² Appartement ∙ 3 chambres ∙ 6 personnes,Bagnes - Valais
19/09/2024,09/11/2024,16/11/2024,1144.48,HZN2MB3,120 m² Appartement ∙ 3 chambres ∙ 6 personnes,Bagnes - Valais
19/09/2024,30/11/2024,07/12/2024,1145.05,HZN2MB3,120 m² Appartement ∙ 3 chambres ∙ 6 personnes,Bagnes - Valais
19/09/2024,07/12/2024,14/12/2024,1144.48,HZN2MB3,120 m² Appartement ∙ 3 chambres ∙ 6 personnes,Bagnes - Valais
19/09/2024,08/02/2025,15/02/2025,1974.17,HZN2MB3,120 m² Appartement ∙ 3 chambres ∙ 6 personnes,Bagnes - Valais
19/09/2024,15/03/2025,22/03/2025,1220.13,HZN2MB3,120 m² Appartement ∙ 3 chambres ∙ 6 personnes,Bagnes - Valais
19/09/2024,05/04/2025,12/04/2025,1355.57,HZN2MB3,120 m² Appartement ∙ 3 chambres ∙ 6 personnes,Bagnes - Valais
19/09/2024,26/04/2025,03/05/2025,1275.66,HZN2MB3,120 m² Appartement ∙ 3 chambres ∙ 6 personnes,Bagnes - Valais
19/09/2024,03/05/2025,10/05/2025,1266.50,HZN2MB3,120 m² Appartement ∙ 3 chambres ∙ 6 personnes,Bagnes - Valais
19/09/2024,10/05/2025,17/05/2025,1292.75,HZN2MB3,120 m² Appartement ∙ 3 chambres ∙ 6 personnes,Bagnes - Valais
19/09/2024,18/01/2025,25/01/2025,1033.58,HXLZ3UN,60 m² Appartement ∙ 3 chambres ∙ 4 personnes,Saas-Almagell - Valais
19/09/2024,22/03/2025,29/03/2025,905.93,HXLZ3UN,60 m² Appartement ∙ 3 chambres ∙ 4 personnes,Saas-Almagell - Valais
19/09/2024,29/03/2025,05/04/2025,906.37,HXLZ3UN,60 m² Appartement ∙ 3 chambres ∙ 4 personnes,Saas-Almagell - Valais
19/09/2024,05/04/2025,12/04/2025,905.93,HXLZ3UN,60 m² Appartement ∙ 3 chambres ∙ 4 personnes,Saas-Almagell - Valais
19/09/2024,19/04/2025,26/04/2025,1311.22,HXLZ3UN,60 m² Appartement ∙ 3 chambres ∙ 4 personnes,Saas-Almagell - Valais
19/09/2024,23/11/2024,30/11/2024,1590.13,H902GDA,85 m² Appartement ∙ 2 chambres ∙ 5 personnes,Saas Fee - Valais
19/09/2024,14/12/2024,21/12/2024,1788.03,H902GDA,85 m² Appartement ∙ 2 chambres ∙ 5 personnes,Saas Fee - Valais
19/09/2024,04/01/2025,11/01/2025,1590.13,H902GDA,85 m² Appartement ∙ 2 chambres ∙ 5 personnes,Saas Fee - Valais
19/09/2024,11/01/2025,18/01/2025,1589.36,H902GDA,85 m² Appartement ∙ 2 chambres ∙ 5 personnes,Saas Fee - Valais
19/09/2024,18/01/2025,25/01/2025,1589.36,H902GDA,85 m² Appartement ∙ 2 chambres ∙ 5 personnes,Saas Fee - Valais
19/09/2024,25/01/2025,01/02/2025,1986.69,H902GDA,85 m² Appartement ∙ 2 chambres ∙ 5 personnes,Saas Fee - Valais
19/09/2024,08/02/2025,15/02/2025,2384.03,H902GDA,85 m² Appartement ∙ 2 chambres ∙ 5 personnes,Saas Fee - Valais
19/09/2024,08/03/2025,15/03/2025,1987.66,H902GDA,85 m² Appartement ∙ 2 chambres ∙ 5 personnes,Saas Fee - Valais
19/09/2024,15/03/2025,22/03/2025,1788.89,H902GDA,85 m² Appartement ∙ 2 chambres ∙ 5 personnes,Saas Fee - Valais
19/09/2024,22/03/2025,29/03/2025,1788.89,H902GDA,85 m² Appartement ∙ 2 chambres ∙ 5 personnes,Saas Fee - Valais
19/09/2024,29/03/2025,05/04/2025,1788.89,H902GDA,85 m² Appartement ∙ 2 chambres ∙ 5 personnes,Saas Fee - Valais
19/09/2024,05/04/2025,12/04/2025,1788.03,H902GDA,85 m² Appartement ∙ 2 chambres ∙ 5 personnes,Saas Fee - Valais
19/09/2024,12/04/2025,19/04/2025,2185.36,H902GDA,85 m² Appartement ∙ 2 chambres ∙ 5 personnes,Saas Fee - Valais
19/09/2024,19/04/2025,26/04/2025,1986.69,H902GDA,85 m² Appartement ∙ 2 chambres ∙ 5 personnes,Saas Fee - Valais
19/09/2024,28/09/2024,05/10/2024,1430.42,HGT8VB5,90 m² Appartement ∙ 3 chambres ∙ 6 personnes,Saas Fee - Valais
19/09/2024,05/10/2024,12/10/2024,1431.12,HGT8VB5,90 m² Appartement ∙ 3 chambres ∙ 6 personnes,Saas Fee - Valais
19/09/2024,12/10/2024,19/10/2024,1430.42,HGT8VB5,90 m² Appartement ∙ 3 chambres ∙ 6 personnes,Saas Fee - Valais
19/09/2024,19/10/2024,26/10/2024,1260.13,HGT8VB5,90 m² Appartement ∙ 3 chambres ∙ 6 personnes,Saas Fee - Valais
19/09/2024,26/10/2024,02/11/2024,1192.60,HGT8VB5,90 m² Appartement ∙ 3 chambres ∙ 6 personnes,Saas Fee - Valais
19/09/2024,02/11/2024,09/11/2024,1192.02,HGT8VB5,90 m² Appartement ∙ 3 chambres ∙ 6 personnes,Saas Fee - Valais
19/09/2024,09/11/2024,16/11/2024,1192.60,HGT8VB5,90 m² Appartement ∙ 3 chambres ∙ 6 personnes,Saas Fee - Valais
19/09/2024,16/11/2024,23/11/2024,1192.02,HGT8VB5,90 m² Appartement ∙ 3 chambres ∙ 6 personnes,Saas Fee - Valais
19/09/2024,23/11/2024,30/11/2024,1192.02,HGT8VB5,90 m² Appartement ∙ 3 chambres ∙ 6 personnes,Saas Fee - Valais
19/09/2024,30/11/2024,07/12/2024,1589.36,HGT8VB5,90 m² Appartement ∙ 3 chambres ∙ 6 personnes,Saas Fee - Valais
19/09/2024,07/12/2024,14/12/2024,1589.36,HGT8VB5,90 m² Appartement ∙ 3 chambres ∙ 6 personnes,Saas Fee - Valais
19/09/2024,14/12/2024,21/12/2024,1589.36,HGT8VB5,90 m² Appartement ∙ 3 chambres ∙ 6 personnes,Saas Fee - Valais
19/09/2024,04/01/2025,11/01/2025,1658.28,HGT8VB5,90 m² Appartement ∙ 3 chambres ∙ 6 personnes,Saas Fee - Valais
19/09/2024,11/01/2025,18/01/2025,1589.36,HGT8VB5,90 m² Appartement ∙ 3 chambres ∙ 6 personnes,Saas Fee - Valais
19/09/2024,18/01/2025,25/01/2025,1589.36,HGT8VB5,90 m² Appartement ∙ 3 chambres ∙ 6 personnes,Saas Fee - Valais
19/09/2024,25/01/2025,01/02/2025,1827.76,HGT8VB5,90 m² Appartement ∙ 3 chambres ∙ 6 personnes,Saas Fee - Valais
19/09/2024,08/03/2025,15/03/2025,1657.47,HGT8VB5,90 m² Appartement ∙ 3 chambres ∙ 6 personnes,Saas Fee - Valais
19/09/2024,15/03/2025,22/03/2025,1590.13,HGT8VB5,90 m² Appartement ∙ 3 chambres ∙ 6 personnes,Saas Fee - Valais
19/09/2024,22/03/2025,29/03/2025,1590.13,HGT8VB5,90 m² Appartement ∙ 3 chambres ∙ 6 personnes,Saas Fee - Valais
19/09/2024,29/03/2025,05/04/2025,1589.36,HGT8VB5,90 m² Appartement ∙ 3 chambres ∙ 6 personnes,Saas Fee - Valais
19/09/2024,05/04/2025,12/04/2025,1590.13,HGT8VB5,90 m² Appartement ∙ 3 chambres ∙ 6 personnes,Saas Fee - Valais
19/09/2024,12/04/2025,19/04/2025,1827.76,HGT8VB5,90 m² Appartement ∙ 3 chambres ∙ 6 personnes,Saas Fee - Valais
19/09/2024,19/04/2025,26/04/2025,1827.76,HGT8VB5,90 m² Appartement ∙ 3 chambres ∙ 6 personnes,Saas Fee - Valais
19/09/2024,26/04/2025,03/05/2025,1374.33,HGT8VB5,90 m² Appartement ∙ 3 chambres ∙ 6 personnes,Saas Fee - Valais
19/09/2024,03/05/2025,10/05/2025,1192.02,HGT8VB5,90 m² Appartement ∙ 3 chambres ∙ 6 personnes,Saas Fee - Valais
19/09/2024,10/05/2025,17/05/2025,1192.02,HGT8VB5,90 m² Appartement ∙ 3 chambres ∙ 6 personnes,Saas Fee - Valais
19/09/2024,21/09/2024,28/09/2024,874.15,HF7GWP8,80 m² Appartement ∙ 2 chambres ∙ 4 personnes,Saas-Almagell - Valais
19/09/2024,28/09/2024,05/10/2024,874.15,HF7GWP8,80 m² Appartement ∙ 2 chambres ∙ 4 personnes,Saas-Almagell - Valais
19/09/2024,05/10/2024,12/10/2024,874.15,HF7GWP8,80 m² Appartement ∙ 2 chambres ∙ 4 personnes,Saas-Almagell - Valais
19/09/2024,12/10/2024,19/10/2024,874.57,HF7GWP8,80 m² Appartement ∙ 2 chambres ∙ 4 personnes,Saas-Almagell - Valais
19/09/2024,19/10/2024,26/10/2024,874.15,HF7GWP8,80 m² Appartement ∙ 2 chambres ∙ 4 personnes,Saas-Almagell - Valais
19/09/2024,07/12/2024,14/12/2024,874.57,HF7GWP8,80 m² Appartement ∙ 2 chambres ∙ 4 personnes,Saas-Almagell - Valais
19/09/2024,14/12/2024,21/12/2024,874.57,HF7GWP8,80 m² Appartement ∙ 2 chambres ∙ 4 personnes,Saas-Almagell - Valais
19/09/2024,11/01/2025,18/01/2025,874.57,HF7GWP8,80 m² Appartement ∙ 2 chambres ∙ 4 personnes,Saas-Almagell - Valais
19/09/2024,18/01/2025,25/01/2025,874.57,HF7GWP8,80 m² Appartement ∙ 2 chambres ∙ 4 personnes,Saas-Almagell - Valais
19/09/2024,15/03/2025,22/03/2025,874.57,HF7GWP8,80 m² Appartement ∙ 2 chambres ∙ 4 personnes,Saas-Almagell - Valais
19/09/2024,22/03/2025,29/03/2025,874.57,HF7GWP8,80 m² Appartement ∙ 2 chambres ∙ 4 personnes,Saas-Almagell - Valais
19/09/2024,29/03/2025,05/04/2025,874.57,HF7GWP8,80 m² Appartement ∙ 2 chambres ∙ 4 personnes,Saas-Almagell - Valais
19/09/2024,05/04/2025,12/04/2025,874.57,HF7GWP8,80 m² Appartement ∙ 2 chambres ∙ 4 personnes,Saas-Almagell - Valais
19/09/2024,12/04/2025,19/04/2025,874.57,HF7GWP8,80 m² Appartement ∙ 2 chambres ∙ 4 personnes,Saas-Almagell - Valais
19/09/2024,19/04/2025,26/04/2025,874.57,HF7GWP8,80 m² Appartement ∙ 2 chambres ∙ 4 personnes,Saas-Almagell - Valais
19/09/2024,07/12/2024,14/12/2024,1478.99,H0EW56Y,50 m² Appartement ∙ 1 chambre ∙ 4 personnes,Saas Fee - Valais
19/09/2024,14/12/2024,21/12/2024,1478.99,H0EW56Y,50 m² Appartement ∙ 1 chambre ∙ 4 personnes,Saas Fee - Valais
19/09/2024,21/12/2024,28/12/2024,2035.54,H0EW56Y,50 m² Appartement ∙ 1 chambre ∙ 4 personnes,Saas Fee - Valais
19/09/2024,11/01/2025,18/01/2025,1478.99,H0EW56Y,50 m² Appartement ∙ 1 chambre ∙ 4 personnes,Saas Fee - Valais
19/09/2024,18/01/2025,25/01/2025,1478.99,H0EW56Y,50 m² Appartement ∙ 1 chambre ∙ 4 personnes,Saas Fee - Valais
19/09/2024,25/01/2025,01/02/2025,1797.02,H0EW56Y,50 m² Appartement ∙ 1 chambre ∙ 4 personnes,Saas Fee - Valais
19/09/2024,05/04/2025,12/04/2025,1558.50,H0EW56Y,50 m² Appartement ∙ 1 chambre ∙ 4 personnes,Saas Fee - Valais
19/09/2024,21/09/2024,28/09/2024,755.31,HB0XYF2,24 m² Appartement ∙ 1 chambre ∙ 2 personnes,Saas Fee - Valais
19/09/2024,28/09/2024,05/10/2024,755.31,HB0XYF2,24 m² Appartement ∙ 1 chambre ∙ 2 personnes,Saas Fee - Valais
19/09/2024,05/10/2024,12/10/2024,755.31,HB0XYF2,24 m² Appartement ∙ 1 chambre ∙ 2 personnes,Saas Fee - Valais
19/09/2024,12/10/2024,19/10/2024,755.31,HB0XYF2,24 m² Appartement ∙ 1 chambre ∙ 2 personnes,Saas Fee - Valais
19/09/2024,07/12/2024,14/12/2024,795.07,HB0XYF2,24 m² Appartement ∙ 1 chambre ∙ 2 personnes,Saas Fee - Valais
19/09/2024,14/12/2024,21/12/2024,795.07,HB0XYF2,24 m² Appartement ∙ 1 chambre ∙ 2 personnes,Saas Fee - Valais
19/09/2024,25/01/2025,01/02/2025,842.77,HB0XYF2,24 m² Appartement ∙ 1 chambre ∙ 2 personnes,Saas Fee - Valais
19/09/2024,01/02/2025,08/02/2025,842.77,HB0XYF2,24 m² Appartement ∙ 1 chambre ∙ 2 personnes,Saas Fee - Valais
19/09/2024,15/03/2025,22/03/2025,826.87,HB0XYF2,24 m² Appartement ∙ 1 chambre ∙ 2 personnes,Saas Fee - Valais
19/09/2024,22/03/2025,29/03/2025,826.87,HB0XYF2,24 m² Appartement ∙ 1 chambre ∙ 2 personnes,Saas Fee - Valais
19/09/2024,29/03/2025,05/04/2025,826.87,HB0XYF2,24 m² Appartement ∙ 1 chambre ∙ 2 personnes,Saas Fee - Valais
19/09/2024,05/04/2025,12/04/2025,826.87,HB0XYF2,24 m² Appartement ∙ 1 chambre ∙ 2 personnes,Saas Fee - Valais
19/09/2024,12/04/2025,19/04/2025,842.77,HB0XYF2,24 m² Appartement ∙ 1 chambre ∙ 2 personnes,Saas Fee - Valais
19/09/2024,19/04/2025,26/04/2025,842.77,HB0XYF2,24 m² Appartement ∙ 1 chambre ∙ 2 personnes,Saas Fee - Valais
19/09/2024,26/04/2025,03/05/2025,723.51,HB0XYF2,24 m² Appartement ∙ 1 chambre ∙ 2 personnes,Saas Fee - Valais
19/09/2024,23/11/2024,30/11/2024,471.00,H4YG1D0,Rosablanche C66,Rosablanche C66Nendaz - Valais
19/09/2024,30/11/2024,07/12/2024,471.00,H4YG1D0,Rosablanche C66,Rosablanche C66Nendaz - Valais
19/09/2024,07/12/2024,14/12/2024,471.00,H4YG1D0,Rosablanche C66,Rosablanche C66Nendaz - Valais
19/09/2024,14/12/2024,21/12/2024,471.00,H4YG1D0,Rosablanche C66,Rosablanche C66Nendaz - Valais
19/09/2024,18/01/2025,25/01/2025,539.00,H4YG1D0,Rosablanche C66,Rosablanche C66Nendaz - Valais
19/09/2024,01/02/2025,08/02/2025,608.00,H4YG1D0,Rosablanche C66,Rosablanche C66Nendaz - Valais
19/09/2024,08/02/2025,15/02/2025,684.00,H4YG1D0,Rosablanche C66,Rosablanche C66Nendaz - Valais
19/09/2024,22/02/2025,01/03/2025,828.00,H4YG1D0,Rosablanche C66,Rosablanche C66Nendaz - Valais
19/09/2024,22/03/2025,29/03/2025,539.00,H4YG1D0,Rosablanche C66,Rosablanche C66Nendaz - Valais
19/09/2024,29/03/2025,05/04/2025,539.00,H4YG1D0,Rosablanche C66,Rosablanche C66Nendaz - Valais
19/09/2024,19/04/2025,26/04/2025,539.00,H4YG1D0,Rosablanche C66,Rosablanche C66Nendaz - Valais
19/09/2024,21/09/2024,28/09/2024,1009.73,H6MU31G,70 m² Appartement ∙ 2 chambres ∙ 4 personnes,Saas-Almagell - Valais
19/09/2024,12/10/2024,19/10/2024,954.08,H6MU31G,70 m² Appartement ∙ 2 chambres ∙ 4 personnes,Saas-Almagell - Valais
19/09/2024,14/12/2024,21/12/2024,1073.34,H6MU31G,70 m² Appartement ∙ 2 chambres ∙ 4 personnes,Saas-Almagell - Valais
19/09/2024,04/01/2025,11/01/2025,1099.46,H6MU31G,70 m² Appartement ∙ 2 chambres ∙ 4 personnes,Saas-Almagell - Valais
19/09/2024,11/01/2025,18/01/2025,1073.34,H6MU31G,70 m² Appartement ∙ 2 chambres ∙ 4 personnes,Saas-Almagell - Valais
19/09/2024,22/03/2025,29/03/2025,1073.34,H6MU31G,70 m² Appartement ∙ 2 chambres ∙ 4 personnes,Saas-Almagell - Valais
19/09/2024,29/03/2025,05/04/2025,1073.34,H6MU31G,70 m² Appartement ∙ 2 chambres ∙ 4 personnes,Saas-Almagell - Valais
19/09/2024,05/04/2025,12/04/2025,1073.34,H6MU31G,70 m² Appartement ∙ 2 chambres ∙ 4 personnes,Saas-Almagell - Valais
19/09/2024,12/04/2025,19/04/2025,1175.56,H6MU31G,70 m² Appartement ∙ 2 chambres ∙ 4 personnes,Saas-Almagell - Valais
19/09/2024,19/04/2025,26/04/2025,1192.60,H6MU31G,70 m² Appartement ∙ 2 chambres ∙ 4 personnes,Saas-Almagell - Valais
19/09/2024,26/04/2025,03/05/2025,969.98,H6MU31G,70 m² Appartement ∙ 2 chambres ∙ 4 personnes,Saas-Almagell - Valais
19/09/2024,03/05/2025,10/05/2025,969.98,H6MU31G,70 m² Appartement ∙ 2 chambres ∙ 4 personnes,Saas-Almagell - Valais
19/09/2024,10/05/2025,17/05/2025,969.98,H6MU31G,70 m² Appartement ∙ 2 chambres ∙ 4 personnes,Saas-Almagell - Valais
19/09/2024,28/09/2024,05/10/2024,788.59,H9L7N6Z,150 m² Appartement ∙ 3 chambres ∙ 7 personnes,Salvan - Valais
19/09/2024,05/10/2024,12/10/2024,813.00,H9L7N6Z,150 m² Appartement ∙ 3 chambres ∙ 7 personnes,Salvan - Valais
19/09/2024,12/10/2024,19/10/2024,841.08,H9L7N6Z,150 m² Appartement ∙ 3 chambres ∙ 7 personnes,Salvan - Valais
19/09/2024,02/11/2024,09/11/2024,860.61,H9L7N6Z,150 m² Appartement ∙ 3 chambres ∙ 7 personnes,Salvan - Valais
19/09/2024,09/11/2024,16/11/2024,800.80,H9L7N6Z,150 m² Appartement ∙ 3 chambres ∙ 7 personnes,Salvan - Valais
19/09/2024,16/11/2024,23/11/2024,793.47,H9L7N6Z,150 m² Appartement ∙ 3 chambres ∙ 7 personnes,Salvan - Valais
19/09/2024,23/11/2024,30/11/2024,787.37,H9L7N6Z,150 m² Appartement ∙ 3 chambres ∙ 7 personnes,Salvan - Valais
19/09/2024,30/11/2024,07/12/2024,791.03,H9L7N6Z,150 m² Appartement ∙ 3 chambres ∙ 7 personnes,Salvan - Valais
19/09/2024,07/12/2024,14/12/2024,802.02,H9L7N6Z,150 m² Appartement ∙ 3 chambres ∙ 7 personnes,Salvan - Valais
19/09/2024,14/12/2024,21/12/2024,931.41,H9L7N6Z,150 m² Appartement ∙ 3 chambres ∙ 7 personnes,Salvan - Valais
19/09/2024,04/01/2025,11/01/2025,1557.65,H9L7N6Z,150 m² Appartement ∙ 3 chambres ∙ 7 personnes,Salvan - Valais
19/09/2024,11/01/2025,18/01/2025,1214.62,H9L7N6Z,150 m² Appartement ∙ 3 chambres ∙ 7 personnes,Salvan - Valais
19/09/2024,18/01/2025,25/01/2025,1204.86,H9L7N6Z,150 m² Appartement ∙ 3 chambres ∙ 7 personnes,Salvan - Valais
19/09/2024,25/01/2025,01/02/2025,1190.21,H9L7N6Z,150 m² Appartement ∙ 3 chambres ∙ 7 personnes,Salvan - Valais
19/09/2024,01/02/2025,08/02/2025,1300.07,H9L7N6Z,150 m² Appartement ∙ 3 chambres ∙ 7 personnes,Salvan - Valais
19/09/2024,08/02/2025,15/02/2025,1511.37,H9L7N6Z,150 m² Appartement ∙ 3 chambres ∙ 7 personnes,Salvan - Valais
19/09/2024,15/02/2025,22/02/2025,2259.74,H9L7N6Z,150 m² Appartement ∙ 3 chambres ∙ 7 personnes,Salvan - Valais
19/09/2024,22/02/2025,01/03/2025,2052.53,H9L7N6Z,150 m² Appartement ∙ 3 chambres ∙ 7 personnes,Salvan - Valais
19/09/2024,01/03/2025,08/03/2025,1501.49,H9L7N6Z,150 m² Appartement ∙ 3 chambres ∙ 7 personnes,Salvan - Valais
19/09/2024,08/03/2025,15/03/2025,1217.06,H9L7N6Z,150 m² Appartement ∙ 3 chambres ∙ 7 personnes,Salvan - Valais
19/09/2024,15/03/2025,22/03/2025,1050.64,H9L7N6Z,150 m² Appartement ∙ 3 chambres ∙ 7 personnes,Salvan - Valais
19/09/2024,22/03/2025,29/03/2025,992.45,H9L7N6Z,150 m² Appartement ∙ 3 chambres ∙ 7 personnes,Salvan - Valais
19/09/2024,29/03/2025,05/04/2025,973.85,H9L7N6Z,150 m² Appartement ∙ 3 chambres ∙ 7 personnes,Salvan - Valais
19/09/2024,05/04/2025,12/04/2025,1053.49,H9L7N6Z,150 m² Appartement ∙ 3 chambres ∙ 7 personnes,Salvan - Valais
19/09/2024,12/04/2025,19/04/2025,1081.11,H9L7N6Z,150 m² Appartement ∙ 3 chambres ∙ 7 personnes,Salvan - Valais
19/09/2024,19/04/2025,26/04/2025,1081.56,H9L7N6Z,150 m² Appartement ∙ 3 chambres ∙ 7 personnes,Salvan - Valais
19/09/2024,26/04/2025,03/05/2025,923.88,H9L7N6Z,150 m² Appartement ∙ 3 chambres ∙ 7 personnes,Salvan - Valais
19/09/2024,03/05/2025,10/05/2025,864.16,H9L7N6Z,150 m² Appartement ∙ 3 chambres ∙ 7 personnes,Salvan - Valais
19/09/2024,10/05/2025,17/05/2025,869.03,H9L7N6Z,150 m² Appartement ∙ 3 chambres ∙ 7 personnes,Salvan - Valais
19/09/2024,21/09/2024,28/09/2024,741.91,H83D7VY,Appartement ∙ 3 chambres ∙ 6 personnes,Grächen - Valais
19/09/2024,05/10/2024,12/10/2024,743.05,H83D7VY,Appartement ∙ 3 chambres ∙ 6 personnes,Grächen - Valais
19/09/2024,19/10/2024,26/10/2024,593.53,H83D7VY,Appartement ∙ 3 chambres ∙ 6 personnes,Grächen - Valais
19/09/2024,22/03/2025,29/03/2025,1040.27,H83D7VY,Appartement ∙ 3 chambres ∙ 6 personnes,Grächen - Valais
19/09/2024,29/03/2025,05/04/2025,1038.67,H83D7VY,Appartement ∙ 3 chambres ∙ 6 personnes,Grächen - Valais
19/09/2024,05/04/2025,12/04/2025,1040.27,H83D7VY,Appartement ∙ 3 chambres ∙ 6 personnes,Grächen - Valais
19/09/2024,05/10/2024,12/10/2024,590.26,HN8E36T,Appartement ∙ 1 chambre ∙ 2 personnes,Saas Grund - Valais
19/09/2024,12/10/2024,19/10/2024,590.26,HN8E36T,Appartement ∙ 1 chambre ∙ 2 personnes,Saas Grund - Valais
19/09/2024,19/10/2024,26/10/2024,590.26,HN8E36T,Appartement ∙ 1 chambre ∙ 2 personnes,Saas Grund - Valais
19/09/2024,26/10/2024,02/11/2024,590.26,HN8E36T,Appartement ∙ 1 chambre ∙ 2 personnes,Saas Grund - Valais
19/09/2024,02/11/2024,09/11/2024,590.26,HN8E36T,Appartement ∙ 1 chambre ∙ 2 personnes,Saas Grund - Valais
19/09/2024,09/11/2024,16/11/2024,591.17,HN8E36T,Appartement ∙ 1 chambre ∙ 2 personnes,Saas Grund - Valais
19/09/2024,16/11/2024,23/11/2024,591.17,HN8E36T,Appartement ∙ 1 chambre ∙ 2 personnes,Saas Grund - Valais
19/09/2024,23/11/2024,30/11/2024,591.17,HN8E36T,Appartement ∙ 1 chambre ∙ 2 personnes,Saas Grund - Valais
19/09/2024,30/11/2024,07/12/2024,590.26,HN8E36T,Appartement ∙ 1 chambre ∙ 2 personnes,Saas Grund - Valais
19/09/2024,07/12/2024,14/12/2024,590.26,HN8E36T,Appartement ∙ 1 chambre ∙ 2 personnes,Saas Grund - Valais
19/09/2024,11/01/2025,18/01/2025,590.26,HN8E36T,Appartement ∙ 1 chambre ∙ 2 personnes,Saas Grund - Valais
19/09/2024,18/01/2025,25/01/2025,591.17,HN8E36T,Appartement ∙ 1 chambre ∙ 2 personnes,Saas Grund - Valais
19/09/2024,25/01/2025,01/02/2025,590.26,HN8E36T,Appartement ∙ 1 chambre ∙ 2 personnes,Saas Grund - Valais
19/09/2024,15/03/2025,22/03/2025,591.17,HN8E36T,Appartement ∙ 1 chambre ∙ 2 personnes,Saas Grund - Valais
19/09/2024,22/03/2025,29/03/2025,590.26,HN8E36T,Appartement ∙ 1 chambre ∙ 2 personnes,Saas Grund - Valais
19/09/2024,29/03/2025,05/04/2025,590.26,HN8E36T,Appartement ∙ 1 chambre ∙ 2 personnes,Saas Grund - Valais
19/09/2024,05/04/2025,12/04/2025,591.17,HN8E36T,Appartement ∙ 1 chambre ∙ 2 personnes,Saas Grund - Valais
19/09/2024,12/04/2025,19/04/2025,590.26,HN8E36T,Appartement ∙ 1 chambre ∙ 2 personnes,Saas Grund - Valais
19/09/2024,19/04/2025,26/04/2025,590.26,HN8E36T,Appartement ∙ 1 chambre ∙ 2 personnes,Saas Grund - Valais
19/09/2024,26/04/2025,03/05/2025,590.26,HN8E36T,Appartement ∙ 1 chambre ∙ 2 personnes,Saas Grund - Valais
19/09/2024,03/05/2025,10/05/2025,591.17,HN8E36T,Appartement ∙ 1 chambre ∙ 2 personnes,Saas Grund - Valais
19/09/2024,10/05/2025,17/05/2025,590.26,HN8E36T,Appartement ∙ 1 chambre ∙ 2 personnes,Saas Grund - Valais
19/09/2024,21/09/2024,28/09/2024,833.53,HUAXLBN,67 m² Appartement ∙ 2 chambres ∙ 5 personnes,Saas Grund - Valais
19/09/2024,28/09/2024,05/10/2024,834.82,HUAXLBN,67 m² Appartement ∙ 2 chambres ∙ 5 personnes,Saas Grund - Valais
19/09/2024,05/10/2024,12/10/2024,834.82,HUAXLBN,67 m² Appartement ∙ 2 chambres ∙ 5 personnes,Saas Grund - Valais
19/09/2024,12/10/2024,19/10/2024,833.53,HUAXLBN,67 m² Appartement ∙ 2 chambres ∙ 5 personnes,Saas Grund - Valais
19/09/2024,19/10/2024,26/10/2024,833.53,HUAXLBN,67 m² Appartement ∙ 2 chambres ∙ 5 personnes,Saas Grund - Valais
19/09/2024,26/10/2024,02/11/2024,833.53,HUAXLBN,67 m² Appartement ∙ 2 chambres ∙ 5 personnes,Saas Grund - Valais
19/09/2024,02/11/2024,09/11/2024,833.53,HUAXLBN,67 m² Appartement ∙ 2 chambres ∙ 5 personnes,Saas Grund - Valais
19/09/2024,09/11/2024,16/11/2024,833.53,HUAXLBN,67 m² Appartement ∙ 2 chambres ∙ 5 personnes,Saas Grund - Valais
19/09/2024,16/11/2024,23/11/2024,833.53,HUAXLBN,67 m² Appartement ∙ 2 chambres ∙ 5 personnes,Saas Grund - Valais
19/09/2024,23/11/2024,30/11/2024,833.53,HUAXLBN,67 m² Appartement ∙ 2 chambres ∙ 5 personnes,Saas Grund - Valais
19/09/2024,30/11/2024,07/12/2024,834.82,HUAXLBN,67 m² Appartement ∙ 2 chambres ∙ 5 personnes,Saas Grund - Valais
19/09/2024,07/12/2024,14/12/2024,834.82,HUAXLBN,67 m² Appartement ∙ 2 chambres ∙ 5 personnes,Saas Grund - Valais
19/09/2024,14/12/2024,21/12/2024,1071.69,HUAXLBN,67 m² Appartement ∙ 2 chambres ∙ 5 personnes,Saas Grund - Valais
19/09/2024,04/01/2025,11/01/2025,912.92,HUAXLBN,67 m² Appartement ∙ 2 chambres ∙ 5 personnes,Saas Grund - Valais
19/09/2024,11/01/2025,18/01/2025,912.92,HUAXLBN,67 m² Appartement ∙ 2 chambres ∙ 5 personnes,Saas Grund - Valais
19/09/2024,18/01/2025,25/01/2025,912.92,HUAXLBN,67 m² Appartement ∙ 2 chambres ∙ 5 personnes,Saas Grund - Valais
19/09/2024,25/01/2025,01/02/2025,1073.34,HUAXLBN,67 m² Appartement ∙ 2 chambres ∙ 5 personnes,Saas Grund - Valais
19/09/2024,08/02/2025,15/02/2025,1071.69,HUAXLBN,67 m² Appartement ∙ 2 chambres ∙ 5 personnes,Saas Grund - Valais
19/09/2024,08/03/2025,15/03/2025,1071.69,HUAXLBN,67 m² Appartement ∙ 2 chambres ∙ 5 personnes,Saas Grund - Valais
19/09/2024,15/03/2025,22/03/2025,914.33,HUAXLBN,67 m² Appartement ∙ 2 chambres ∙ 5 personnes,Saas Grund - Valais
19/09/2024,22/03/2025,29/03/2025,912.92,HUAXLBN,67 m² Appartement ∙ 2 chambres ∙ 5 personnes,Saas Grund - Valais
19/09/2024,29/03/2025,05/04/2025,912.92,HUAXLBN,67 m² Appartement ∙ 2 chambres ∙ 5 personnes,Saas Grund - Valais
19/09/2024,05/04/2025,12/04/2025,912.92,HUAXLBN,67 m² Appartement ∙ 2 chambres ∙ 5 personnes,Saas Grund - Valais
19/09/2024,26/04/2025,03/05/2025,833.53,HUAXLBN,67 m² Appartement ∙ 2 chambres ∙ 5 personnes,Saas Grund - Valais
19/09/2024,03/05/2025,10/05/2025,834.82,HUAXLBN,67 m² Appartement ∙ 2 chambres ∙ 5 personnes,Saas Grund - Valais
19/09/2024,10/05/2025,17/05/2025,833.53,HUAXLBN,67 m² Appartement ∙ 2 chambres ∙ 5 personnes,Saas Grund - Valais
19/09/2024,05/10/2024,12/10/2024,754.15,H02YASD,36 m² Appartement ∙ 1 chambre ∙ 4 personnes,Saas-Almagell - Valais
19/09/2024,12/10/2024,19/10/2024,754.15,H02YASD,36 m² Appartement ∙ 1 chambre ∙ 4 personnes,Saas-Almagell - Valais
19/09/2024,19/10/2024,26/10/2024,754.15,H02YASD,36 m² Appartement ∙ 1 chambre ∙ 4 personnes,Saas-Almagell - Valais
19/09/2024,26/10/2024,02/11/2024,754.15,H02YASD,36 m² Appartement ∙ 1 chambre ∙ 4 personnes,Saas-Almagell - Valais
19/09/2024,23/11/2024,30/11/2024,754.15,H02YASD,36 m² Appartement ∙ 1 chambre ∙ 4 personnes,Saas-Almagell - Valais
19/09/2024,30/11/2024,07/12/2024,754.15,H02YASD,36 m² Appartement ∙ 1 chambre ∙ 4 personnes,Saas-Almagell - Valais
19/09/2024,07/12/2024,14/12/2024,754.15,H02YASD,36 m² Appartement ∙ 1 chambre ∙ 4 personnes,Saas-Almagell - Valais
19/09/2024,14/12/2024,21/12/2024,755.31,H02YASD,36 m² Appartement ∙ 1 chambre ∙ 4 personnes,Saas-Almagell - Valais
19/09/2024,04/01/2025,11/01/2025,674.76,H02YASD,36 m² Appartement ∙ 1 chambre ∙ 4 personnes,Saas-Almagell - Valais
19/09/2024,11/01/2025,18/01/2025,675.81,H02YASD,36 m² Appartement ∙ 1 chambre ∙ 4 personnes,Saas-Almagell - Valais
19/09/2024,08/02/2025,15/02/2025,873.22,H02YASD,36 m² Appartement ∙ 1 chambre ∙ 4 personnes,Saas-Almagell - Valais
19/09/2024,29/03/2025,05/04/2025,714.45,H02YASD,36 m² Appartement ∙ 1 chambre ∙ 4 personnes,Saas-Almagell - Valais
19/09/2024,05/04/2025,12/04/2025,714.45,H02YASD,36 m² Appartement ∙ 1 chambre ∙ 4 personnes,Saas-Almagell - Valais
19/09/2024,12/04/2025,19/04/2025,754.15,H02YASD,36 m² Appartement ∙ 1 chambre ∙ 4 personnes,Saas-Almagell - Valais
19/09/2024,19/04/2025,26/04/2025,731.46,H02YASD,36 m² Appartement ∙ 1 chambre ∙ 4 personnes,Saas-Almagell - Valais
19/09/2024,26/04/2025,03/05/2025,703.11,H02YASD,36 m² Appartement ∙ 1 chambre ∙ 4 personnes,Saas-Almagell - Valais
19/09/2024,21/09/2024,28/09/2024,722.00,H6EC4NX,50 m² Appartement ∙ 2 chambres ∙ 3 personnes,Verbier - Bagnes - Valais
19/09/2024,05/10/2024,12/10/2024,963.00,H6EC4NX,50 m² Appartement ∙ 2 chambres ∙ 3 personnes,Verbier - Bagnes - Valais
19/09/2024,26/10/2024,02/11/2024,963.00,H6EC4NX,50 m² Appartement ∙ 2 chambres ∙ 3 personnes,Verbier - Bagnes - Valais
19/09/2024,02/11/2024,09/11/2024,990.00,H6EC4NX,50 m² Appartement ∙ 2 chambres ∙ 3 personnes,Verbier - Bagnes - Valais
19/09/2024,09/11/2024,16/11/2024,990.00,H6EC4NX,50 m² Appartement ∙ 2 chambres ∙ 3 personnes,Verbier - Bagnes - Valais
19/09/2024,16/11/2024,23/11/2024,990.00,H6EC4NX,50 m² Appartement ∙ 2 chambres ∙ 3 personnes,Verbier - Bagnes - Valais
19/09/2024,30/11/2024,07/12/2024,990.00,H6EC4NX,50 m² Appartement ∙ 2 chambres ∙ 3 personnes,Verbier - Bagnes - Valais
19/09/2024,07/12/2024,14/12/2024,990.00,H6EC4NX,50 m² Appartement ∙ 2 chambres ∙ 3 personnes,Verbier - Bagnes - Valais
19/09/2024,08/02/2025,15/02/2025,1331.00,H6EC4NX,50 m² Appartement ∙ 2 chambres ∙ 3 personnes,Verbier - Bagnes - Valais
19/09/2024,08/03/2025,15/03/2025,1331.00,H6EC4NX,50 m² Appartement ∙ 2 chambres ∙ 3 personnes,Verbier - Bagnes - Valais
19/09/2024,22/03/2025,29/03/2025,990.00,H6EC4NX,50 m² Appartement ∙ 2 chambres ∙ 3 personnes,Verbier - Bagnes - Valais
19/09/2024,29/03/2025,05/04/2025,990.00,H6EC4NX,50 m² Appartement ∙ 2 chambres ∙ 3 personnes,Verbier - Bagnes - Valais
19/09/2024,05/04/2025,12/04/2025,990.00,H6EC4NX,50 m² Appartement ∙ 2 chambres ∙ 3 personnes,Verbier - Bagnes - Valais
19/09/2024,12/04/2025,19/04/2025,1256.00,H6EC4NX,50 m² Appartement ∙ 2 chambres ∙ 3 personnes,Verbier - Bagnes - Valais
19/09/2024,26/04/2025,03/05/2025,990.00,H6EC4NX,50 m² Appartement ∙ 2 chambres ∙ 3 personnes,Verbier - Bagnes - Valais
19/09/2024,03/05/2025,10/05/2025,990.00,H6EC4NX,50 m² Appartement ∙ 2 chambres ∙ 3 personnes,Verbier - Bagnes - Valais
19/09/2024,10/05/2025,17/05/2025,990.00,H6EC4NX,50 m² Appartement ∙ 2 chambres ∙ 3 personnes,Verbier - Bagnes - Valais
19/09/2024,21/09/2024,28/09/2024,756.74,HMBC6KG,80 m² Appartement ∙ 2 chambres ∙ 6 personnes,Saas Grund - Valais
19/09/2024,28/09/2024,05/10/2024,756.74,HMBC6KG,80 m² Appartement ∙ 2 chambres ∙ 6 personnes,Saas Grund - Valais
19/09/2024,05/10/2024,12/10/2024,756.74,HMBC6KG,80 m² Appartement ∙ 2 chambres ∙ 6 personnes,Saas Grund - Valais
19/09/2024,12/10/2024,19/10/2024,757.91,HMBC6KG,80 m² Appartement ∙ 2 chambres ∙ 6 personnes,Saas Grund - Valais
19/09/2024,19/10/2024,26/10/2024,757.91,HMBC6KG,80 m² Appartement ∙ 2 chambres ∙ 6 personnes,Saas Grund - Valais
19/09/2024,26/10/2024,02/11/2024,616.73,HMBC6KG,80 m² Appartement ∙ 2 chambres ∙ 6 personnes,Saas Grund - Valais
19/09/2024,02/11/2024,09/11/2024,615.78,HMBC6KG,80 m² Appartement ∙ 2 chambres ∙ 6 personnes,Saas Grund - Valais
19/09/2024,09/11/2024,16/11/2024,616.73,HMBC6KG,80 m² Appartement ∙ 2 chambres ∙ 6 personnes,Saas Grund - Valais
19/09/2024,16/11/2024,23/11/2024,616.73,HMBC6KG,80 m² Appartement ∙ 2 chambres ∙ 6 personnes,Saas Grund - Valais
19/09/2024,23/11/2024,30/11/2024,615.78,HMBC6KG,80 m² Appartement ∙ 2 chambres ∙ 6 personnes,Saas Grund - Valais
19/09/2024,30/11/2024,07/12/2024,616.73,HMBC6KG,80 m² Appartement ∙ 2 chambres ∙ 6 personnes,Saas Grund - Valais
19/09/2024,07/12/2024,14/12/2024,615.78,HMBC6KG,80 m² Appartement ∙ 2 chambres ∙ 6 personnes,Saas Grund - Valais
19/09/2024,07/12/2024,14/12/2024,2257.50,HDZ0ATC,188 m² Chalet ∙ 5 chambres ∙ 8 personnes,Vex - Valais
19/09/2024,14/12/2024,21/12/2024,2362.50,HDZ0ATC,188 m² Chalet ∙ 5 chambres ∙ 8 personnes,Vex - Valais
19/09/2024,04/01/2025,11/01/2025,2247.00,HDZ0ATC,188 m² Chalet ∙ 5 chambres ∙ 8 personnes,Vex - Valais
19/09/2024,11/01/2025,18/01/2025,2152.50,HDZ0ATC,188 m² Chalet ∙ 5 chambres ∙ 8 personnes,Vex - Valais
19/09/2024,18/01/2025,25/01/2025,2289.00,HDZ0ATC,188 m² Chalet ∙ 5 chambres ∙ 8 personnes,Vex - Valais
19/09/2024,25/01/2025,01/02/2025,2509.50,HDZ0ATC,188 m² Chalet ∙ 5 chambres ∙ 8 personnes,Vex - Valais
19/09/2024,01/02/2025,08/02/2025,2856.00,HDZ0ATC,188 m² Chalet ∙ 5 chambres ∙ 8 personnes,Vex - Valais
19/09/2024,08/02/2025,15/02/2025,3160.50,HDZ0ATC,188 m² Chalet ∙ 5 chambres ∙ 8 personnes,Vex - Valais
19/09/2024,22/02/2025,01/03/2025,3874.50,HDZ0ATC,188 m² Chalet ∙ 5 chambres ∙ 8 personnes,Vex - Valais
19/09/2024,08/03/2025,15/03/2025,2562.00,HDZ0ATC,188 m² Chalet ∙ 5 chambres ∙ 8 personnes,Vex - Valais
19/09/2024,15/03/2025,22/03/2025,2247.00,HDZ0ATC,188 m² Chalet ∙ 5 chambres ∙ 8 personnes,Vex - Valais
19/09/2024,22/03/2025,29/03/2025,2215.50,HDZ0ATC,188 m² Chalet ∙ 5 chambres ∙ 8 personnes,Vex - Valais
19/09/2024,29/03/2025,05/04/2025,2184.00,HDZ0ATC,188 m² Chalet ∙ 5 chambres ∙ 8 personnes,Vex - Valais
19/09/2024,05/04/2025,12/04/2025,2562.00,HDZ0ATC,188 m² Chalet ∙ 5 chambres ∙ 8 personnes,Vex - Valais
19/09/2024,12/04/2025,19/04/2025,2488.50,HDZ0ATC,188 m² Chalet ∙ 5 chambres ∙ 8 personnes,Vex - Valais
19/09/2024,19/04/2025,26/04/2025,2257.50,HDZ0ATC,188 m² Chalet ∙ 5 chambres ∙ 8 personnes,Vex - Valais
19/09/2024,02/11/2024,09/11/2024,593.52,HX9T5H3,Appartement ∙ 2 chambres ∙ 6 personnes,Grächen - Valais
19/09/2024,09/11/2024,16/11/2024,593.52,HX9T5H3,Appartement ∙ 2 chambres ∙ 6 personnes,Grächen - Valais
19/09/2024,16/11/2024,23/11/2024,593.52,HX9T5H3,Appartement ∙ 2 chambres ∙ 6 personnes,Grächen - Valais
19/09/2024,23/11/2024,30/11/2024,593.52,HX9T5H3,Appartement ∙ 2 chambres ∙ 6 personnes,Grächen - Valais
19/09/2024,30/11/2024,07/12/2024,593.52,HX9T5H3,Appartement ∙ 2 chambres ∙ 6 personnes,Grächen - Valais
19/09/2024,04/01/2025,11/01/2025,964.48,HX9T5H3,Appartement ∙ 2 chambres ∙ 6 personnes,Grächen - Valais
19/09/2024,11/01/2025,18/01/2025,964.48,HX9T5H3,Appartement ∙ 2 chambres ∙ 6 personnes,Grächen - Valais
19/09/2024,18/01/2025,25/01/2025,964.48,HX9T5H3,Appartement ∙ 2 chambres ∙ 6 personnes,Grächen - Valais
19/09/2024,29/03/2025,05/04/2025,964.48,HX9T5H3,Appartement ∙ 2 chambres ∙ 6 personnes,Grächen - Valais
19/09/2024,23/11/2024,30/11/2024,586.26,HR2V3J6,20 m² Studio ∙ 2 personnes,Sion - Valais
19/09/2024,30/11/2024,07/12/2024,599.67,HR2V3J6,20 m² Studio ∙ 2 personnes,Sion - Valais
19/09/2024,07/12/2024,14/12/2024,597.23,HR2V3J6,20 m² Studio ∙ 2 personnes,Sion - Valais
19/09/2024,14/12/2024,21/12/2024,727.65,HR2V3J6,20 m² Studio ∙ 2 personnes,Sion - Valais
19/09/2024,21/12/2024,28/12/2024,1151.81,HR2V3J6,20 m² Studio ∙ 2 personnes,Sion - Valais
19/09/2024,28/12/2024,04/01/2025,1327.32,HR2V3J6,20 m² Studio ∙ 2 personnes,Sion - Valais
19/09/2024,04/01/2025,11/01/2025,614.29,HR2V3J6,20 m² Studio ∙ 2 personnes,Sion - Valais
19/09/2024,11/01/2025,18/01/2025,532.63,HR2V3J6,20 m² Studio ∙ 2 personnes,Sion - Valais
19/09/2024,18/01/2025,25/01/2025,598.45,HR2V3J6,20 m² Studio ∙ 2 personnes,Sion - Valais
19/09/2024,25/01/2025,01/02/2025,756.90,HR2V3J6,20 m² Studio ∙ 2 personnes,Sion - Valais
19/09/2024,01/02/2025,08/02/2025,841.00,HR2V3J6,20 m² Studio ∙ 2 personnes,Sion - Valais
19/09/2024,08/02/2025,15/02/2025,812.97,HR2V3J6,20 m² Studio ∙ 2 personnes,Sion - Valais
19/09/2024,15/02/2025,22/02/2025,867.81,HR2V3J6,20 m² Studio ∙ 2 personnes,Sion - Valais
19/09/2024,22/02/2025,01/03/2025,804.43,HR2V3J6,20 m² Studio ∙ 2 personnes,Sion - Valais
19/09/2024,01/03/2025,08/03/2025,715.46,HR2V3J6,20 m² Studio ∙ 2 personnes,Sion - Valais
19/09/2024,15/03/2025,22/03/2025,555.79,HR2V3J6,20 m² Studio ∙ 2 personnes,Sion - Valais
19/09/2024,22/03/2025,29/03/2025,539.95,HR2V3J6,20 m² Studio ∙ 2 personnes,Sion - Valais
19/09/2024,29/03/2025,05/04/2025,548.48,HR2V3J6,20 m² Studio ∙ 2 personnes,Sion - Valais
19/09/2024,05/04/2025,12/04/2025,675.24,HR2V3J6,20 m² Studio ∙ 2 personnes,Sion - Valais
19/09/2024,12/04/2025,19/04/2025,795.90,HR2V3J6,20 m² Studio ∙ 2 personnes,Sion - Valais
19/09/2024,19/04/2025,26/04/2025,789.81,HR2V3J6,20 m² Studio ∙ 2 personnes,Sion - Valais
19/09/2024,26/04/2025,03/05/2025,667.92,HR2V3J6,20 m² Studio ∙ 2 personnes,Sion - Valais
19/09/2024,03/05/2025,10/05/2025,720.33,HR2V3J6,20 m² Studio ∙ 2 personnes,Sion - Valais
19/09/2024,10/05/2025,17/05/2025,744.71,HR2V3J6,20 m² Studio ∙ 2 personnes,Sion - Valais
19/09/2024,05/10/2024,12/10/2024,507.00,HZ2V0M4,32 m² Appartement ∙ 1 chambre ∙ 2 personnes,Crans-Montana - Valais
19/09/2024,12/10/2024,19/10/2024,507.00,HZ2V0M4,32 m² Appartement ∙ 1 chambre ∙ 2 personnes,Crans-Montana - Valais
19/09/2024,19/10/2024,26/10/2024,507.00,HZ2V0M4,32 m² Appartement ∙ 1 chambre ∙ 2 personnes,Crans-Montana - Valais
19/09/2024,26/10/2024,02/11/2024,507.00,HZ2V0M4,32 m² Appartement ∙ 1 chambre ∙ 2 personnes,Crans-Montana - Valais
19/09/2024,02/11/2024,09/11/2024,534.00,HZ2V0M4,32 m² Appartement ∙ 1 chambre ∙ 2 personnes,Crans-Montana - Valais
19/09/2024,09/11/2024,16/11/2024,534.00,HZ2V0M4,32 m² Appartement ∙ 1 chambre ∙ 2 personnes,Crans-Montana - Valais
19/09/2024,16/11/2024,23/11/2024,534.00,HZ2V0M4,32 m² Appartement ∙ 1 chambre ∙ 2 personnes,Crans-Montana - Valais
19/09/2024,23/11/2024,30/11/2024,534.00,HZ2V0M4,32 m² Appartement ∙ 1 chambre ∙ 2 personnes,Crans-Montana - Valais
19/09/2024,30/11/2024,07/12/2024,534.00,HZ2V0M4,32 m² Appartement ∙ 1 chambre ∙ 2 personnes,Crans-Montana - Valais
19/09/2024,07/12/2024,14/12/2024,534.00,HZ2V0M4,32 m² Appartement ∙ 1 chambre ∙ 2 personnes,Crans-Montana - Valais
19/09/2024,14/12/2024,21/12/2024,534.00,HZ2V0M4,32 m² Appartement ∙ 1 chambre ∙ 2 personnes,Crans-Montana - Valais
19/09/2024,28/12/2024,04/01/2025,1267.00,HZ2V0M4,32 m² Appartement ∙ 1 chambre ∙ 2 personnes,Crans-Montana - Valais
19/09/2024,08/02/2025,15/02/2025,943.00,HZ2V0M4,32 m² Appartement ∙ 1 chambre ∙ 2 personnes,Crans-Montana - Valais
19/09/2024,15/02/2025,22/02/2025,1118.00,HZ2V0M4,32 m² Appartement ∙ 1 chambre ∙ 2 personnes,Crans-Montana - Valais
19/09/2024,22/02/2025,01/03/2025,1118.00,HZ2V0M4,32 m² Appartement ∙ 1 chambre ∙ 2 personnes,Crans-Montana - Valais
19/09/2024,01/03/2025,08/03/2025,943.00,HZ2V0M4,32 m² Appartement ∙ 1 chambre ∙ 2 personnes,Crans-Montana - Valais
19/09/2024,22/03/2025,29/03/2025,534.00,HZ2V0M4,32 m² Appartement ∙ 1 chambre ∙ 2 personnes,Crans-Montana - Valais
19/09/2024,29/03/2025,05/04/2025,534.00,HZ2V0M4,32 m² Appartement ∙ 1 chambre ∙ 2 personnes,Crans-Montana - Valais
19/09/2024,05/04/2025,12/04/2025,534.00,HZ2V0M4,32 m² Appartement ∙ 1 chambre ∙ 2 personnes,Crans-Montana - Valais
19/09/2024,12/04/2025,19/04/2025,648.00,HZ2V0M4,32 m² Appartement ∙ 1 chambre ∙ 2 personnes,Crans-Montana - Valais
19/09/2024,19/04/2025,26/04/2025,648.00,HZ2V0M4,32 m² Appartement ∙ 1 chambre ∙ 2 personnes,Crans-Montana - Valais
19/09/2024,26/04/2025,03/05/2025,534.00,HZ2V0M4,32 m² Appartement ∙ 1 chambre ∙ 2 personnes,Crans-Montana - Valais
19/09/2024,03/05/2025,10/05/2025,534.00,HZ2V0M4,32 m² Appartement ∙ 1 chambre ∙ 2 personnes,Crans-Montana - Valais
19/09/2024,10/05/2025,17/05/2025,534.00,HZ2V0M4,32 m² Appartement ∙ 1 chambre ∙ 2 personnes,Crans-Montana - Valais
19/09/2024,21/09/2024,28/09/2024,1190.76,HXGWR3U,100 m² Appartement ∙ 3 chambres ∙ 6 personnes,Saas-Almagell - Valais
19/09/2024,28/09/2024,05/10/2024,1190.76,HXGWR3U,100 m² Appartement ∙ 3 chambres ∙ 6 personnes,Saas-Almagell - Valais
19/09/2024,05/10/2024,12/10/2024,1190.76,HXGWR3U,100 m² Appartement ∙ 3 chambres ∙ 6 personnes,Saas-Almagell - Valais
19/09/2024,12/10/2024,19/10/2024,1190.76,HXGWR3U,100 m² Appartement ∙ 3 chambres ∙ 6 personnes,Saas-Almagell - Valais
19/09/2024,19/10/2024,26/10/2024,1026.32,HXGWR3U,100 m² Appartement ∙ 3 chambres ∙ 6 personnes,Saas-Almagell - Valais
19/09/2024,26/10/2024,02/11/2024,960.55,HXGWR3U,100 m² Appartement ∙ 3 chambres ∙ 6 personnes,Saas-Almagell - Valais
19/09/2024,02/11/2024,09/11/2024,960.55,HXGWR3U,100 m² Appartement ∙ 3 chambres ∙ 6 personnes,Saas-Almagell - Valais
19/09/2024,09/11/2024,16/11/2024,960.55,HXGWR3U,100 m² Appartement ∙ 3 chambres ∙ 6 personnes,Saas-Almagell - Valais
19/09/2024,16/11/2024,23/11/2024,960.55,HXGWR3U,100 m² Appartement ∙ 3 chambres ∙ 6 personnes,Saas-Almagell - Valais
19/09/2024,23/11/2024,30/11/2024,960.55,HXGWR3U,100 m² Appartement ∙ 3 chambres ∙ 6 personnes,Saas-Almagell - Valais
19/09/2024,30/11/2024,07/12/2024,960.55,HXGWR3U,100 m² Appartement ∙ 3 chambres ∙ 6 personnes,Saas-Almagell - Valais
19/09/2024,07/12/2024,14/12/2024,960.55,HXGWR3U,100 m² Appartement ∙ 3 chambres ∙ 6 personnes,Saas-Almagell - Valais
19/09/2024,14/12/2024,21/12/2024,960.55,HXGWR3U,100 m² Appartement ∙ 3 chambres ∙ 6 personnes,Saas-Almagell - Valais
19/09/2024,11/01/2025,18/01/2025,1190.76,HXGWR3U,100 m² Appartement ∙ 3 chambres ∙ 6 personnes,Saas-Almagell - Valais
19/09/2024,18/01/2025,25/01/2025,1190.76,HXGWR3U,100 m² Appartement ∙ 3 chambres ∙ 6 personnes,Saas-Almagell - Valais
19/09/2024,03/05/2025,10/05/2025,960.55,HXGWR3U,100 m² Appartement ∙ 3 chambres ∙ 6 personnes,Saas-Almagell - Valais
19/09/2024,10/05/2025,17/05/2025,960.55,HXGWR3U,100 m² Appartement ∙ 3 chambres ∙ 6 personnes,Saas-Almagell - Valais
19/09/2024,21/09/2024,28/09/2024,762.09,HJRNPWF,40 m² Appartement ∙ 1 chambre ∙ 3 personnes,Saas Fee - Valais
19/09/2024,05/10/2024,12/10/2024,762.09,HJRNPWF,40 m² Appartement ∙ 1 chambre ∙ 3 personnes,Saas Fee - Valais
19/09/2024,19/10/2024,26/10/2024,762.09,HJRNPWF,40 m² Appartement ∙ 1 chambre ∙ 3 personnes,Saas Fee - Valais
19/09/2024,30/11/2024,07/12/2024,762.09,HJRNPWF,40 m² Appartement ∙ 1 chambre ∙ 3 personnes,Saas Fee - Valais
19/09/2024,07/12/2024,14/12/2024,825.59,HJRNPWF,40 m² Appartement ∙ 1 chambre ∙ 3 personnes,Saas Fee - Valais
19/09/2024,14/12/2024,21/12/2024,825.59,HJRNPWF,40 m² Appartement ∙ 1 chambre ∙ 3 personnes,Saas Fee - Valais
19/09/2024,22/03/2025,29/03/2025,825.59,HJRNPWF,40 m² Appartement ∙ 1 chambre ∙ 3 personnes,Saas Fee - Valais
19/09/2024,21/09/2024,28/09/2024,525.27,HJTMHRS,30 m² Appartement ∙ 1 chambre ∙ 2 personnes,Loèche-les-Bains - Valais
19/09/2024,28/09/2024,05/10/2024,525.27,HJTMHRS,30 m² Appartement ∙ 1 chambre ∙ 2 personnes,Loèche-les-Bains - Valais
19/09/2024,12/10/2024,19/10/2024,525.27,HJTMHRS,30 m² Appartement ∙ 1 chambre ∙ 2 personnes,Loèche-les-Bains - Valais
19/09/2024,19/10/2024,26/10/2024,525.27,HJTMHRS,30 m² Appartement ∙ 1 chambre ∙ 2 personnes,Loèche-les-Bains - Valais
19/09/2024,26/10/2024,02/11/2024,525.27,HJTMHRS,30 m² Appartement ∙ 1 chambre ∙ 2 personnes,Loèche-les-Bains - Valais
19/09/2024,02/11/2024,09/11/2024,480.75,HJTMHRS,30 m² Appartement ∙ 1 chambre ∙ 2 personnes,Loèche-les-Bains - Valais
19/09/2024,09/11/2024,16/11/2024,480.75,HJTMHRS,30 m² Appartement ∙ 1 chambre ∙ 2 personnes,Loèche-les-Bains - Valais
19/09/2024,16/11/2024,23/11/2024,480.75,HJTMHRS,30 m² Appartement ∙ 1 chambre ∙ 2 personnes,Loèche-les-Bains - Valais
19/09/2024,23/11/2024,30/11/2024,480.75,HJTMHRS,30 m² Appartement ∙ 1 chambre ∙ 2 personnes,Loèche-les-Bains - Valais
19/09/2024,30/11/2024,07/12/2024,480.75,HJTMHRS,30 m² Appartement ∙ 1 chambre ∙ 2 personnes,Loèche-les-Bains - Valais
19/09/2024,07/12/2024,14/12/2024,480.75,HJTMHRS,30 m² Appartement ∙ 1 chambre ∙ 2 personnes,Loèche-les-Bains - Valais
19/09/2024,28/09/2024,05/10/2024,816.09,HVYTWC5,Appartement ∙ 1 chambre ∙ 4 personnes,Grächen - Valais
19/09/2024,12/10/2024,19/10/2024,816.09,HVYTWC5,Appartement ∙ 1 chambre ∙ 4 personnes,Grächen - Valais
19/09/2024,09/11/2024,16/11/2024,890.28,HVYTWC5,Appartement ∙ 1 chambre ∙ 4 personnes,Grächen - Valais
19/09/2024,07/12/2024,14/12/2024,890.28,HVYTWC5,Appartement ∙ 1 chambre ∙ 4 personnes,Grächen - Valais
19/09/2024,14/12/2024,21/12/2024,964.47,HVYTWC5,Appartement ∙ 1 chambre ∙ 4 personnes,Grächen - Valais
19/09/2024,04/01/2025,11/01/2025,890.28,HVYTWC5,Appartement ∙ 1 chambre ∙ 4 personnes,Grächen - Valais
19/09/2024,18/01/2025,25/01/2025,890.28,HVYTWC5,Appartement ∙ 1 chambre ∙ 4 personnes,Grächen - Valais
19/09/2024,08/03/2025,15/03/2025,1038.66,HVYTWC5,Appartement ∙ 1 chambre ∙ 4 personnes,Grächen - Valais
19/09/2024,05/04/2025,12/04/2025,741.90,HVYTWC5,Appartement ∙ 1 chambre ∙ 4 personnes,Grächen - Valais
19/09/2024,12/04/2025,19/04/2025,773.70,HVYTWC5,Appartement ∙ 1 chambre ∙ 4 personnes,Grächen - Valais
19/09/2024,19/04/2025,26/04/2025,773.70,HVYTWC5,Appartement ∙ 1 chambre ∙ 4 personnes,Grächen - Valais
19/09/2024,26/04/2025,03/05/2025,741.90,HVYTWC5,Appartement ∙ 1 chambre ∙ 4 personnes,Grächen - Valais
19/09/2024,21/09/2024,28/09/2024,765.80,HRTM6YX,75 m² Appartement ∙ 2 chambres ∙ 6 personnes,Vex - Valais
19/09/2024,28/09/2024,05/10/2024,765.80,HRTM6YX,75 m² Appartement ∙ 2 chambres ∙ 6 personnes,Vex - Valais
19/09/2024,05/10/2024,12/10/2024,765.80,HRTM6YX,75 m² Appartement ∙ 2 chambres ∙ 6 personnes,Vex - Valais
19/09/2024,12/10/2024,19/10/2024,765.80,HRTM6YX,75 m² Appartement ∙ 2 chambres ∙ 6 personnes,Vex - Valais
19/09/2024,19/10/2024,26/10/2024,765.80,HRTM6YX,75 m² Appartement ∙ 2 chambres ∙ 6 personnes,Vex - Valais
19/09/2024,26/10/2024,02/11/2024,765.80,HRTM6YX,75 m² Appartement ∙ 2 chambres ∙ 6 personnes,Vex - Valais
19/09/2024,02/11/2024,09/11/2024,765.80,HRTM6YX,75 m² Appartement ∙ 2 chambres ∙ 6 personnes,Vex - Valais
19/09/2024,09/11/2024,16/11/2024,765.80,HRTM6YX,75 m² Appartement ∙ 2 chambres ∙ 6 personnes,Vex - Valais
19/09/2024,16/11/2024,23/11/2024,765.80,HRTM6YX,75 m² Appartement ∙ 2 chambres ∙ 6 personnes,Vex - Valais
19/09/2024,23/11/2024,30/11/2024,765.80,HRTM6YX,75 m² Appartement ∙ 2 chambres ∙ 6 personnes,Vex - Valais
19/09/2024,30/11/2024,07/12/2024,765.80,HRTM6YX,75 m² Appartement ∙ 2 chambres ∙ 6 personnes,Vex - Valais
19/09/2024,07/12/2024,14/12/2024,765.80,HRTM6YX,75 m² Appartement ∙ 2 chambres ∙ 6 personnes,Vex - Valais
19/09/2024,14/12/2024,21/12/2024,1214.57,HRTM6YX,75 m² Appartement ∙ 2 chambres ∙ 6 personnes,Vex - Valais
19/09/2024,04/01/2025,11/01/2025,1214.57,HRTM6YX,75 m² Appartement ∙ 2 chambres ∙ 6 personnes,Vex - Valais
19/09/2024,01/02/2025,08/02/2025,1215.07,HRTM6YX,75 m² Appartement ∙ 2 chambres ∙ 6 personnes,Vex - Valais
19/09/2024,22/02/2025,01/03/2025,1918.82,HRTM6YX,75 m² Appartement ∙ 2 chambres ∙ 6 personnes,Vex - Valais
19/09/2024,08/03/2025,15/03/2025,1582.01,HRTM6YX,75 m² Appartement ∙ 2 chambres ∙ 6 personnes,Vex - Valais
19/09/2024,15/03/2025,22/03/2025,1215.07,HRTM6YX,75 m² Appartement ∙ 2 chambres ∙ 6 personnes,Vex - Valais
19/09/2024,22/03/2025,29/03/2025,1215.07,HRTM6YX,75 m² Appartement ∙ 2 chambres ∙ 6 personnes,Vex - Valais
19/09/2024,29/03/2025,05/04/2025,1214.57,HRTM6YX,75 m² Appartement ∙ 2 chambres ∙ 6 personnes,Vex - Valais
19/09/2024,05/04/2025,12/04/2025,1214.57,HRTM6YX,75 m² Appartement ∙ 2 chambres ∙ 6 personnes,Vex - Valais
19/09/2024,12/04/2025,19/04/2025,1215.07,HRTM6YX,75 m² Appartement ∙ 2 chambres ∙ 6 personnes,Vex - Valais
19/09/2024,19/04/2025,26/04/2025,1214.57,HRTM6YX,75 m² Appartement ∙ 2 chambres ∙ 6 personnes,Vex - Valais
19/09/2024,28/09/2024,05/10/2024,1718.23,HDG4210,140 m² Maison de vacances ∙ 4 chambres ∙ 8 personnes,Ernen - Valais
19/09/2024,16/11/2024,23/11/2024,954.92,HFSAEWZ,90 m² Maison de vacances ∙ 3 chambres ∙ 6 personnes,Val-d'Illiez - Valais
19/09/2024,23/11/2024,30/11/2024,954.92,HFSAEWZ,90 m² Maison de vacances ∙ 3 chambres ∙ 6 personnes,Val-d'Illiez - Valais
19/09/2024,30/11/2024,07/12/2024,954.92,HFSAEWZ,90 m² Maison de vacances ∙ 3 chambres ∙ 6 personnes,Val-d'Illiez - Valais
19/09/2024,07/12/2024,14/12/2024,954.92,HFSAEWZ,90 m² Maison de vacances ∙ 3 chambres ∙ 6 personnes,Val-d'Illiez - Valais
19/09/2024,14/12/2024,21/12/2024,954.92,HFSAEWZ,90 m² Maison de vacances ∙ 3 chambres ∙ 6 personnes,Val-d'Illiez - Valais
19/09/2024,28/12/2024,04/01/2025,2301.33,HFSAEWZ,90 m² Maison de vacances ∙ 3 chambres ∙ 6 personnes,Val-d'Illiez - Valais
19/09/2024,04/01/2025,11/01/2025,1126.84,HFSAEWZ,90 m² Maison de vacances ∙ 3 chambres ∙ 6 personnes,Val-d'Illiez - Valais
19/09/2024,11/01/2025,18/01/2025,1126.84,HFSAEWZ,90 m² Maison de vacances ∙ 3 chambres ∙ 6 personnes,Val-d'Illiez - Valais
19/09/2024,18/01/2025,25/01/2025,1126.84,HFSAEWZ,90 m² Maison de vacances ∙ 3 chambres ∙ 6 personnes,Val-d'Illiez - Valais
19/09/2024,25/01/2025,01/02/2025,1386.80,HFSAEWZ,90 m² Maison de vacances ∙ 3 chambres ∙ 6 personnes,Val-d'Illiez - Valais
19/09/2024,01/02/2025,08/02/2025,1605.34,HFSAEWZ,90 m² Maison de vacances ∙ 3 chambres ∙ 6 personnes,Val-d'Illiez - Valais
19/09/2024,08/02/2025,15/02/2025,1783.48,HFSAEWZ,90 m² Maison de vacances ∙ 3 chambres ∙ 6 personnes,Val-d'Illiez - Valais
19/09/2024,15/02/2025,22/02/2025,2040.33,HFSAEWZ,90 m² Maison de vacances ∙ 3 chambres ∙ 6 personnes,Val-d'Illiez - Valais
19/09/2024,22/02/2025,01/03/2025,2040.33,HFSAEWZ,90 m² Maison de vacances ∙ 3 chambres ∙ 6 personnes,Val-d'Illiez - Valais
19/09/2024,08/03/2025,15/03/2025,1087.48,HFSAEWZ,90 m² Maison de vacances ∙ 3 chambres ∙ 6 personnes,Val-d'Illiez - Valais
19/09/2024,15/03/2025,22/03/2025,989.09,HFSAEWZ,90 m² Maison de vacances ∙ 3 chambres ∙ 6 personnes,Val-d'Illiez - Valais
19/09/2024,22/03/2025,29/03/2025,954.92,HFSAEWZ,90 m² Maison de vacances ∙ 3 chambres ∙ 6 personnes,Val-d'Illiez - Valais
19/09/2024,29/03/2025,05/04/2025,954.92,HFSAEWZ,90 m² Maison de vacances ∙ 3 chambres ∙ 6 personnes,Val-d'Illiez - Valais
19/09/2024,05/04/2025,12/04/2025,954.92,HFSAEWZ,90 m² Maison de vacances ∙ 3 chambres ∙ 6 personnes,Val-d'Illiez - Valais
19/09/2024,12/04/2025,19/04/2025,954.92,HFSAEWZ,90 m² Maison de vacances ∙ 3 chambres ∙ 6 personnes,Val-d'Illiez - Valais
19/09/2024,19/04/2025,26/04/2025,954.92,HFSAEWZ,90 m² Maison de vacances ∙ 3 chambres ∙ 6 personnes,Val-d'Illiez - Valais
19/09/2024,26/04/2025,03/05/2025,954.92,HFSAEWZ,90 m² Maison de vacances ∙ 3 chambres ∙ 6 personnes,Val-d'Illiez - Valais
19/09/2024,21/09/2024,28/09/2024,808.35,H2ZMB9L,Appartement ∙ 2 chambres ∙ 4 personnes,Grächen - Valais
19/09/2024,28/09/2024,05/10/2024,808.35,H2ZMB9L,Appartement ∙ 2 chambres ∙ 4 personnes,Grächen - Valais
19/09/2024,05/10/2024,12/10/2024,808.35,H2ZMB9L,Appartement ∙ 2 chambres ∙ 4 personnes,Grächen - Valais
19/09/2024,12/10/2024,19/10/2024,808.35,H2ZMB9L,Appartement ∙ 2 chambres ∙ 4 personnes,Grächen - Valais
19/09/2024,19/10/2024,26/10/2024,808.35,H2ZMB9L,Appartement ∙ 2 chambres ∙ 4 personnes,Grächen - Valais
19/09/2024,26/10/2024,02/11/2024,808.35,H2ZMB9L,Appartement ∙ 2 chambres ∙ 4 personnes,Grächen - Valais
19/09/2024,02/11/2024,09/11/2024,808.35,H2ZMB9L,Appartement ∙ 2 chambres ∙ 4 personnes,Grächen - Valais
19/09/2024,09/11/2024,16/11/2024,808.35,H2ZMB9L,Appartement ∙ 2 chambres ∙ 4 personnes,Grächen - Valais
19/09/2024,16/11/2024,23/11/2024,808.35,H2ZMB9L,Appartement ∙ 2 chambres ∙ 4 personnes,Grächen - Valais
19/09/2024,23/11/2024,30/11/2024,808.35,H2ZMB9L,Appartement ∙ 2 chambres ∙ 4 personnes,Grächen - Valais
19/09/2024,30/11/2024,07/12/2024,808.35,H2ZMB9L,Appartement ∙ 2 chambres ∙ 4 personnes,Grächen - Valais
19/09/2024,07/12/2024,14/12/2024,808.35,H2ZMB9L,Appartement ∙ 2 chambres ∙ 4 personnes,Grächen - Valais
19/09/2024,14/12/2024,21/12/2024,899.46,H2ZMB9L,Appartement ∙ 2 chambres ∙ 4 personnes,Grächen - Valais
19/09/2024,21/12/2024,28/12/2024,1446.13,H2ZMB9L,Appartement ∙ 2 chambres ∙ 4 personnes,Grächen - Valais
19/09/2024,25/01/2025,01/02/2025,1075.33,H2ZMB9L,Appartement ∙ 2 chambres ∙ 4 personnes,Grächen - Valais
19/09/2024,08/02/2025,15/02/2025,1446.13,H2ZMB9L,Appartement ∙ 2 chambres ∙ 4 personnes,Grächen - Valais
19/09/2024,15/02/2025,22/02/2025,1446.13,H2ZMB9L,Appartement ∙ 2 chambres ∙ 4 personnes,Grächen - Valais
19/09/2024,08/03/2025,15/03/2025,1446.13,H2ZMB9L,Appartement ∙ 2 chambres ∙ 4 personnes,Grächen - Valais
19/09/2024,22/03/2025,29/03/2025,927.01,H2ZMB9L,Appartement ∙ 2 chambres ∙ 4 personnes,Grächen - Valais
19/09/2024,29/03/2025,05/04/2025,927.01,H2ZMB9L,Appartement ∙ 2 chambres ∙ 4 personnes,Grächen - Valais
19/09/2024,12/04/2025,19/04/2025,927.01,H2ZMB9L,Appartement ∙ 2 chambres ∙ 4 personnes,Grächen - Valais
19/09/2024,19/04/2025,26/04/2025,842.25,H2ZMB9L,Appartement ∙ 2 chambres ∙ 4 personnes,Grächen - Valais
19/09/2024,26/04/2025,03/05/2025,808.35,H2ZMB9L,Appartement ∙ 2 chambres ∙ 4 personnes,Grächen - Valais
19/09/2024,03/05/2025,10/05/2025,808.35,H2ZMB9L,Appartement ∙ 2 chambres ∙ 4 personnes,Grächen - Valais
19/09/2024,10/05/2025,17/05/2025,808.35,H2ZMB9L,Appartement ∙ 2 chambres ∙ 4 personnes,Grächen - Valais
19/09/2024,21/09/2024,28/09/2024,987.28,HRVZJSB,37 m² Studio ∙ 1 chambre ∙ 2 personnes,Sion - Valais
19/09/2024,28/09/2024,05/10/2024,1053.26,HRVZJSB,37 m² Studio ∙ 1 chambre ∙ 2 personnes,Sion - Valais
19/09/2024,05/10/2024,12/10/2024,1070.62,HRVZJSB,37 m² Studio ∙ 1 chambre ∙ 2 personnes,Sion - Valais
19/09/2024,12/10/2024,19/10/2024,1074.09,HRVZJSB,37 m² Studio ∙ 1 chambre ∙ 2 personnes,Sion - Valais
19/09/2024,19/10/2024,26/10/2024,1143.54,HRVZJSB,37 m² Studio ∙ 1 chambre ∙ 2 personnes,Sion - Valais
19/09/2024,26/10/2024,02/11/2024,1096.09,HRVZJSB,37 m² Studio ∙ 1 chambre ∙ 2 personnes,Sion - Valais
19/09/2024,02/11/2024,09/11/2024,1070.62,HRVZJSB,37 m² Studio ∙ 1 chambre ∙ 2 personnes,Sion - Valais
19/09/2024,09/11/2024,16/11/2024,1066.40,HRVZJSB,37 m² Studio ∙ 1 chambre ∙ 2 personnes,Sion - Valais
19/09/2024,16/11/2024,23/11/2024,1102.34,HRVZJSB,37 m² Studio ∙ 1 chambre ∙ 2 personnes,Sion - Valais
19/09/2024,23/11/2024,30/11/2024,1186.95,HRVZJSB,37 m² Studio ∙ 1 chambre ∙ 2 personnes,Sion - Valais
19/09/2024,30/11/2024,07/12/2024,1173.05,HRVZJSB,37 m² Studio ∙ 1 chambre ∙ 2 personnes,Sion - Valais
19/09/2024,07/12/2024,14/12/2024,1168.41,HRVZJSB,37 m² Studio ∙ 1 chambre ∙ 2 personnes,Sion - Valais
19/09/2024,14/12/2024,21/12/2024,1441.97,HRVZJSB,37 m² Studio ∙ 1 chambre ∙ 2 personnes,Sion - Valais
19/09/2024,04/01/2025,11/01/2025,1472.11,HRVZJSB,37 m² Studio ∙ 1 chambre ∙ 2 personnes,Sion - Valais
19/09/2024,11/01/2025,18/01/2025,1329.53,HRVZJSB,37 m² Studio ∙ 1 chambre ∙ 2 personnes,Sion - Valais
19/09/2024,18/01/2025,25/01/2025,1339.96,HRVZJSB,37 m² Studio ∙ 1 chambre ∙ 2 personnes,Sion - Valais
19/09/2024,25/01/2025,01/02/2025,1665.68,HRVZJSB,37 m² Studio ∙ 1 chambre ∙ 2 personnes,Sion - Valais
19/09/2024,01/02/2025,08/02/2025,1694.66,HRVZJSB,37 m² Studio ∙ 1 chambre ∙ 2 personnes,Sion - Valais
19/09/2024,08/02/2025,15/02/2025,1698.13,HRVZJSB,37 m² Studio ∙ 1 chambre ∙ 2 personnes,Sion - Valais
19/09/2024,15/02/2025,22/02/2025,1703.94,HRVZJSB,37 m² Studio ∙ 1 chambre ∙ 2 personnes,Sion - Valais
19/09/2024,22/02/2025,01/03/2025,1693.50,HRVZJSB,37 m² Studio ∙ 1 chambre ∙ 2 personnes,Sion - Valais
19/09/2024,01/03/2025,08/03/2025,1614.67,HRVZJSB,37 m² Studio ∙ 1 chambre ∙ 2 personnes,Sion - Valais
19/09/2024,08/03/2025,15/03/2025,1349.23,HRVZJSB,37 m² Studio ∙ 1 chambre ∙ 2 personnes,Sion - Valais
19/09/2024,15/03/2025,22/03/2025,1547.45,HRVZJSB,37 m² Studio ∙ 1 chambre ∙ 2 personnes,Sion - Valais
19/09/2024,22/03/2025,29/03/2025,1488.33,HRVZJSB,37 m² Studio ∙ 1 chambre ∙ 2 personnes,Sion - Valais
19/09/2024,29/03/2025,05/04/2025,1589.18,HRVZJSB,37 m² Studio ∙ 1 chambre ∙ 2 personnes,Sion - Valais
19/09/2024,05/04/2025,12/04/2025,1309.82,HRVZJSB,37 m² Studio ∙ 1 chambre ∙ 2 personnes,Sion - Valais
19/09/2024,12/04/2025,19/04/2025,1462.84,HRVZJSB,37 m² Studio ∙ 1 chambre ∙ 2 personnes,Sion - Valais
19/09/2024,19/04/2025,26/04/2025,1641.34,HRVZJSB,37 m² Studio ∙ 1 chambre ∙ 2 personnes,Sion - Valais
19/09/2024,26/04/2025,03/05/2025,1465.15,HRVZJSB,37 m² Studio ∙ 1 chambre ∙ 2 personnes,Sion - Valais
19/09/2024,03/05/2025,10/05/2025,1396.76,HRVZJSB,37 m² Studio ∙ 1 chambre ∙ 2 personnes,Sion - Valais
19/09/2024,10/05/2025,17/05/2025,1417.63,HRVZJSB,37 m² Studio ∙ 1 chambre ∙ 2 personnes,Sion - Valais
19/09/2024,12/10/2024,19/10/2024,1114.05,HM7Y3R2,75 m² Appartement ∙ 2 chambres ∙ 4 personnes,Loèche-les-Bains - Valais
19/09/2024,02/11/2024,09/11/2024,980.36,HM7Y3R2,75 m² Appartement ∙ 2 chambres ∙ 4 personnes,Loèche-les-Bains - Valais
19/09/2024,09/11/2024,16/11/2024,980.36,HM7Y3R2,75 m² Appartement ∙ 2 chambres ∙ 4 personnes,Loèche-les-Bains - Valais
19/09/2024,23/11/2024,30/11/2024,980.36,HM7Y3R2,75 m² Appartement ∙ 2 chambres ∙ 4 personnes,Loèche-les-Bains - Valais
19/09/2024,30/11/2024,07/12/2024,980.36,HM7Y3R2,75 m² Appartement ∙ 2 chambres ∙ 4 personnes,Loèche-les-Bains - Valais
19/09/2024,07/12/2024,14/12/2024,980.36,HM7Y3R2,75 m² Appartement ∙ 2 chambres ∙ 4 personnes,Loèche-les-Bains - Valais
19/09/2024,14/12/2024,21/12/2024,980.36,HM7Y3R2,75 m² Appartement ∙ 2 chambres ∙ 4 personnes,Loèche-les-Bains - Valais
19/09/2024,18/01/2025,25/01/2025,1247.73,HM7Y3R2,75 m² Appartement ∙ 2 chambres ∙ 4 personnes,Loèche-les-Bains - Valais
19/09/2024,08/02/2025,15/02/2025,1604.23,HM7Y3R2,75 m² Appartement ∙ 2 chambres ∙ 4 personnes,Loèche-les-Bains - Valais
19/09/2024,15/03/2025,22/03/2025,1114.05,HM7Y3R2,75 m² Appartement ∙ 2 chambres ∙ 4 personnes,Loèche-les-Bains - Valais
19/09/2024,22/03/2025,29/03/2025,1114.05,HM7Y3R2,75 m² Appartement ∙ 2 chambres ∙ 4 personnes,Loèche-les-Bains - Valais
19/09/2024,29/03/2025,05/04/2025,1114.05,HM7Y3R2,75 m² Appartement ∙ 2 chambres ∙ 4 personnes,Loèche-les-Bains - Valais
19/09/2024,05/04/2025,12/04/2025,1114.05,HM7Y3R2,75 m² Appartement ∙ 2 chambres ∙ 4 personnes,Loèche-les-Bains - Valais
19/09/2024,12/04/2025,19/04/2025,1114.05,HM7Y3R2,75 m² Appartement ∙ 2 chambres ∙ 4 personnes,Loèche-les-Bains - Valais
19/09/2024,19/04/2025,26/04/2025,1114.05,HM7Y3R2,75 m² Appartement ∙ 2 chambres ∙ 4 personnes,Loèche-les-Bains - Valais
19/09/2024,26/04/2025,03/05/2025,980.36,HM7Y3R2,75 m² Appartement ∙ 2 chambres ∙ 4 personnes,Loèche-les-Bains - Valais
19/09/2024,12/10/2024,19/10/2024,827.62,HK20F4T,60 m² Appartement ∙ 1 chambre ∙ 4 personnes,Sion - Valais
19/09/2024,19/10/2024,26/10/2024,829.94,HK20F4T,60 m² Appartement ∙ 1 chambre ∙ 4 personnes,Sion - Valais
19/09/2024,26/10/2024,02/11/2024,827.62,HK20F4T,60 m² Appartement ∙ 1 chambre ∙ 4 personnes,Sion - Valais
19/09/2024,02/11/2024,09/11/2024,827.62,HK20F4T,60 m² Appartement ∙ 1 chambre ∙ 4 personnes,Sion - Valais
19/09/2024,09/11/2024,16/11/2024,827.62,HK20F4T,60 m² Appartement ∙ 1 chambre ∙ 4 personnes,Sion - Valais
19/09/2024,16/11/2024,23/11/2024,840.37,HK20F4T,60 m² Appartement ∙ 1 chambre ∙ 4 personnes,Sion - Valais
19/09/2024,23/11/2024,30/11/2024,877.47,HK20F4T,60 m² Appartement ∙ 1 chambre ∙ 4 personnes,Sion - Valais
19/09/2024,30/11/2024,07/12/2024,886.74,HK20F4T,60 m² Appartement ∙ 1 chambre ∙ 4 personnes,Sion - Valais
19/09/2024,07/12/2024,14/12/2024,994.54,HK20F4T,60 m² Appartement ∙ 1 chambre ∙ 4 personnes,Sion - Valais
19/09/2024,14/12/2024,21/12/2024,1212.47,HK20F4T,60 m² Appartement ∙ 1 chambre ∙ 4 personnes,Sion - Valais
19/09/2024,04/01/2025,11/01/2025,1077.99,HK20F4T,60 m² Appartement ∙ 1 chambre ∙ 4 personnes,Sion - Valais
19/09/2024,11/01/2025,18/01/2025,975.99,HK20F4T,60 m² Appartement ∙ 1 chambre ∙ 4 personnes,Sion - Valais
19/09/2024,18/01/2025,25/01/2025,1139.44,HK20F4T,60 m² Appartement ∙ 1 chambre ∙ 4 personnes,Sion - Valais
19/09/2024,25/01/2025,01/02/2025,1344.60,HK20F4T,60 m² Appartement ∙ 1 chambre ∙ 4 personnes,Sion - Valais
19/09/2024,01/02/2025,08/02/2025,1277.38,HK20F4T,60 m² Appartement ∙ 1 chambre ∙ 4 personnes,Sion - Valais
19/09/2024,08/02/2025,15/02/2025,1669.16,HK20F4T,60 m² Appartement ∙ 1 chambre ∙ 4 personnes,Sion - Valais
19/09/2024,15/02/2025,22/02/2025,1503.40,HK20F4T,60 m² Appartement ∙ 1 chambre ∙ 4 personnes,Sion - Valais
19/09/2024,22/02/2025,01/03/2025,1445.45,HK20F4T,60 m² Appartement ∙ 1 chambre ∙ 4 personnes,Sion - Valais
19/09/2024,01/03/2025,08/03/2025,1167.26,HK20F4T,60 m² Appartement ∙ 1 chambre ∙ 4 personnes,Sion - Valais
19/09/2024,08/03/2025,15/03/2025,978.31,HK20F4T,60 m² Appartement ∙ 1 chambre ∙ 4 personnes,Sion - Valais
19/09/2024,15/03/2025,22/03/2025,1312.15,HK20F4T,60 m² Appartement ∙ 1 chambre ∙ 4 personnes,Sion - Valais
19/09/2024,05/10/2024,12/10/2024,631.29,HH71R9F,55 m² Appartement ∙ 1 chambre ∙ 4 personnes,Saas-Almagell - Valais
19/09/2024,12/10/2024,19/10/2024,631.29,HH71R9F,55 m² Appartement ∙ 1 chambre ∙ 4 personnes,Saas-Almagell - Valais
19/09/2024,19/10/2024,26/10/2024,578.24,HH71R9F,55 m² Appartement ∙ 1 chambre ∙ 4 personnes,Saas-Almagell - Valais
19/09/2024,26/10/2024,02/11/2024,557.02,HH71R9F,55 m² Appartement ∙ 1 chambre ∙ 4 personnes,Saas-Almagell - Valais
19/09/2024,04/01/2025,11/01/2025,652.51,HH71R9F,55 m² Appartement ∙ 1 chambre ∙ 4 personnes,Saas-Almagell - Valais
19/09/2024,11/01/2025,18/01/2025,631.29,HH71R9F,55 m² Appartement ∙ 1 chambre ∙ 4 personnes,Saas-Almagell - Valais
19/09/2024,01/02/2025,08/02/2025,705.56,HH71R9F,55 m² Appartement ∙ 1 chambre ∙ 4 personnes,Saas-Almagell - Valais
19/09/2024,01/03/2025,08/03/2025,705.56,HH71R9F,55 m² Appartement ∙ 1 chambre ∙ 4 personnes,Saas-Almagell - Valais
19/09/2024,08/03/2025,15/03/2025,652.51,HH71R9F,55 m² Appartement ∙ 1 chambre ∙ 4 personnes,Saas-Almagell - Valais
19/09/2024,22/03/2025,29/03/2025,631.29,HH71R9F,55 m² Appartement ∙ 1 chambre ∙ 4 personnes,Saas-Almagell - Valais
19/09/2024,29/03/2025,05/04/2025,631.29,HH71R9F,55 m² Appartement ∙ 1 chambre ∙ 4 personnes,Saas-Almagell - Valais
19/09/2024,05/04/2025,12/04/2025,631.29,HH71R9F,55 m² Appartement ∙ 1 chambre ∙ 4 personnes,Saas-Almagell - Valais
19/09/2024,12/04/2025,19/04/2025,705.56,HH71R9F,55 m² Appartement ∙ 1 chambre ∙ 4 personnes,Saas-Almagell - Valais
19/09/2024,21/09/2024,28/09/2024,1699.00,HBFG592,115 m² Maison de vacances ∙ 5 chambres ∙ 12 personnes,Vex - Valais
19/09/2024,28/09/2024,05/10/2024,1699.00,HBFG592,115 m² Maison de vacances ∙ 5 chambres ∙ 12 personnes,Vex - Valais
19/09/2024,05/10/2024,12/10/2024,1699.00,HBFG592,115 m² Maison de vacances ∙ 5 chambres ∙ 12 personnes,Vex - Valais
19/09/2024,12/10/2024,19/10/2024,1699.00,HBFG592,115 m² Maison de vacances ∙ 5 chambres ∙ 12 personnes,Vex - Valais
19/09/2024,07/12/2024,14/12/2024,2995.00,HBFG592,115 m² Maison de vacances ∙ 5 chambres ∙ 12 personnes,Vex - Valais
19/09/2024,14/12/2024,21/12/2024,2995.00,HBFG592,115 m² Maison de vacances ∙ 5 chambres ∙ 12 personnes,Vex - Valais
19/09/2024,04/01/2025,11/01/2025,2995.00,HBFG592,115 m² Maison de vacances ∙ 5 chambres ∙ 12 personnes,Vex - Valais
19/09/2024,11/01/2025,18/01/2025,2995.00,HBFG592,115 m² Maison de vacances ∙ 5 chambres ∙ 12 personnes,Vex - Valais
19/09/2024,18/01/2025,25/01/2025,2995.00,HBFG592,115 m² Maison de vacances ∙ 5 chambres ∙ 12 personnes,Vex - Valais
19/09/2024,15/03/2025,22/03/2025,2995.00,HBFG592,115 m² Maison de vacances ∙ 5 chambres ∙ 12 personnes,Vex - Valais
19/09/2024,22/03/2025,29/03/2025,2995.00,HBFG592,115 m² Maison de vacances ∙ 5 chambres ∙ 12 personnes,Vex - Valais
19/09/2024,29/03/2025,05/04/2025,2995.00,HBFG592,115 m² Maison de vacances ∙ 5 chambres ∙ 12 personnes,Vex - Valais
19/09/2024,12/04/2025,19/04/2025,2995.00,HBFG592,115 m² Maison de vacances ∙ 5 chambres ∙ 12 personnes,Vex - Valais
19/09/2024,19/04/2025,26/04/2025,2995.00,HBFG592,115 m² Maison de vacances ∙ 5 chambres ∙ 12 personnes,Vex - Valais
19/09/2024,21/09/2024,28/09/2024,681.80,HYW16MT,80 m² Appartement ∙ 3 chambres ∙ 6 personnes,Saas-Almagell - Valais
19/09/2024,28/09/2024,05/10/2024,681.80,HYW16MT,80 m² Appartement ∙ 3 chambres ∙ 6 personnes,Saas-Almagell - Valais
19/09/2024,05/10/2024,12/10/2024,681.80,HYW16MT,80 m² Appartement ∙ 3 chambres ∙ 6 personnes,Saas-Almagell - Valais
19/09/2024,12/10/2024,19/10/2024,681.80,HYW16MT,80 m² Appartement ∙ 3 chambres ∙ 6 personnes,Saas-Almagell - Valais
19/09/2024,19/10/2024,26/10/2024,681.80,HYW16MT,80 m² Appartement ∙ 3 chambres ∙ 6 personnes,Saas-Almagell - Valais
19/09/2024,26/10/2024,02/11/2024,681.80,HYW16MT,80 m² Appartement ∙ 3 chambres ∙ 6 personnes,Saas-Almagell - Valais
19/09/2024,02/11/2024,09/11/2024,681.80,HYW16MT,80 m² Appartement ∙ 3 chambres ∙ 6 personnes,Saas-Almagell - Valais
19/09/2024,09/11/2024,16/11/2024,681.80,HYW16MT,80 m² Appartement ∙ 3 chambres ∙ 6 personnes,Saas-Almagell - Valais
19/09/2024,16/11/2024,23/11/2024,681.80,HYW16MT,80 m² Appartement ∙ 3 chambres ∙ 6 personnes,Saas-Almagell - Valais
19/09/2024,23/11/2024,30/11/2024,681.80,HYW16MT,80 m² Appartement ∙ 3 chambres ∙ 6 personnes,Saas-Almagell - Valais
19/09/2024,30/11/2024,07/12/2024,681.80,HYW16MT,80 m² Appartement ∙ 3 chambres ∙ 6 personnes,Saas-Almagell - Valais
19/09/2024,07/12/2024,14/12/2024,681.80,HYW16MT,80 m² Appartement ∙ 3 chambres ∙ 6 personnes,Saas-Almagell - Valais
19/09/2024,14/12/2024,21/12/2024,681.80,HYW16MT,80 m² Appartement ∙ 3 chambres ∙ 6 personnes,Saas-Almagell - Valais
19/09/2024,11/01/2025,18/01/2025,681.80,HYW16MT,80 m² Appartement ∙ 3 chambres ∙ 6 personnes,Saas-Almagell - Valais
19/09/2024,18/01/2025,25/01/2025,681.80,HYW16MT,80 m² Appartement ∙ 3 chambres ∙ 6 personnes,Saas-Almagell - Valais
19/09/2024,01/02/2025,08/02/2025,1136.33,HYW16MT,80 m² Appartement ∙ 3 chambres ∙ 6 personnes,Saas-Almagell - Valais
19/09/2024,22/03/2025,29/03/2025,1136.32,HYW16MT,80 m² Appartement ∙ 3 chambres ∙ 6 personnes,Saas-Almagell - Valais
19/09/2024,29/03/2025,05/04/2025,1136.32,HYW16MT,80 m² Appartement ∙ 3 chambres ∙ 6 personnes,Saas-Almagell - Valais
19/09/2024,26/04/2025,03/05/2025,681.79,HYW16MT,80 m² Appartement ∙ 3 chambres ∙ 6 personnes,Saas-Almagell - Valais
19/09/2024,03/05/2025,10/05/2025,681.79,HYW16MT,80 m² Appartement ∙ 3 chambres ∙ 6 personnes,Saas-Almagell - Valais
19/09/2024,10/05/2025,17/05/2025,681.79,HYW16MT,80 m² Appartement ∙ 3 chambres ∙ 6 personnes,Saas-Almagell - Valais
19/09/2024,21/09/2024,28/09/2024,747.00,HP52N6L,78 m² Appartement ∙ 2 chambres ∙ 4 personnes,Crans-Montana - Valais
19/09/2024,28/09/2024,05/10/2024,747.00,HP52N6L,78 m² Appartement ∙ 2 chambres ∙ 4 personnes,Crans-Montana - Valais
19/09/2024,05/10/2024,12/10/2024,949.00,HP52N6L,78 m² Appartement ∙ 2 chambres ∙ 4 personnes,Crans-Montana - Valais
19/09/2024,12/10/2024,19/10/2024,949.00,HP52N6L,78 m² Appartement ∙ 2 chambres ∙ 4 personnes,Crans-Montana - Valais
19/09/2024,19/10/2024,26/10/2024,949.00,HP52N6L,78 m² Appartement ∙ 2 chambres ∙ 4 personnes,Crans-Montana - Valais
19/09/2024,26/10/2024,02/11/2024,949.00,HP52N6L,78 m² Appartement ∙ 2 chambres ∙ 4 personnes,Crans-Montana - Valais
19/09/2024,02/11/2024,09/11/2024,976.00,HP52N6L,78 m² Appartement ∙ 2 chambres ∙ 4 personnes,Crans-Montana - Valais
19/09/2024,09/11/2024,16/11/2024,976.00,HP52N6L,78 m² Appartement ∙ 2 chambres ∙ 4 personnes,Crans-Montana - Valais
19/09/2024,16/11/2024,23/11/2024,976.00,HP52N6L,78 m² Appartement ∙ 2 chambres ∙ 4 personnes,Crans-Montana - Valais
19/09/2024,23/11/2024,30/11/2024,976.00,HP52N6L,78 m² Appartement ∙ 2 chambres ∙ 4 personnes,Crans-Montana - Valais
19/09/2024,30/11/2024,07/12/2024,976.00,HP52N6L,78 m² Appartement ∙ 2 chambres ∙ 4 personnes,Crans-Montana - Valais
19/09/2024,07/12/2024,14/12/2024,976.00,HP52N6L,78 m² Appartement ∙ 2 chambres ∙ 4 personnes,Crans-Montana - Valais
19/09/2024,14/12/2024,21/12/2024,976.00,HP52N6L,78 m² Appartement ∙ 2 chambres ∙ 4 personnes,Crans-Montana - Valais
19/09/2024,21/12/2024,28/12/2024,2151.00,HP52N6L,78 m² Appartement ∙ 2 chambres ∙ 4 personnes,Crans-Montana - Valais
19/09/2024,08/02/2025,15/02/2025,1802.00,HP52N6L,78 m² Appartement ∙ 2 chambres ∙ 4 personnes,Crans-Montana - Valais
19/09/2024,15/02/2025,22/02/2025,2151.00,HP52N6L,78 m² Appartement ∙ 2 chambres ∙ 4 personnes,Crans-Montana - Valais
19/09/2024,01/03/2025,08/03/2025,1802.00,HP52N6L,78 m² Appartement ∙ 2 chambres ∙ 4 personnes,Crans-Montana - Valais
19/09/2024,15/03/2025,22/03/2025,976.00,HP52N6L,78 m² Appartement ∙ 2 chambres ∙ 4 personnes,Crans-Montana - Valais
19/09/2024,22/03/2025,29/03/2025,976.00,HP52N6L,78 m² Appartement ∙ 2 chambres ∙ 4 personnes,Crans-Montana - Valais
19/09/2024,29/03/2025,05/04/2025,976.00,HP52N6L,78 m² Appartement ∙ 2 chambres ∙ 4 personnes,Crans-Montana - Valais
19/09/2024,05/04/2025,12/04/2025,976.00,HP52N6L,78 m² Appartement ∙ 2 chambres ∙ 4 personnes,Crans-Montana - Valais
19/09/2024,12/04/2025,19/04/2025,1211.00,HP52N6L,78 m² Appartement ∙ 2 chambres ∙ 4 personnes,Crans-Montana - Valais
19/09/2024,19/04/2025,26/04/2025,1211.00,HP52N6L,78 m² Appartement ∙ 2 chambres ∙ 4 personnes,Crans-Montana - Valais
19/09/2024,26/04/2025,03/05/2025,976.00,HP52N6L,78 m² Appartement ∙ 2 chambres ∙ 4 personnes,Crans-Montana - Valais
19/09/2024,03/05/2025,10/05/2025,976.00,HP52N6L,78 m² Appartement ∙ 2 chambres ∙ 4 personnes,Crans-Montana - Valais
19/09/2024,10/05/2025,17/05/2025,976.00,HP52N6L,78 m² Appartement ∙ 2 chambres ∙ 4 personnes,Crans-Montana - Valais
19/09/2024,21/09/2024,28/09/2024,579.30,H9VHB86,25 m² Appartement ∙ 1 chambre ∙ 2 personnes,Saas Fee - Valais
19/09/2024,09/11/2024,16/11/2024,579.30,H9VHB86,25 m² Appartement ∙ 1 chambre ∙ 2 personnes,Saas Fee - Valais
19/09/2024,16/11/2024,23/11/2024,579.30,H9VHB86,25 m² Appartement ∙ 1 chambre ∙ 2 personnes,Saas Fee - Valais
19/09/2024,23/11/2024,30/11/2024,579.30,H9VHB86,25 m² Appartement ∙ 1 chambre ∙ 2 personnes,Saas Fee - Valais
19/09/2024,30/11/2024,07/12/2024,579.30,H9VHB86,25 m² Appartement ∙ 1 chambre ∙ 2 personnes,Saas Fee - Valais
19/09/2024,07/12/2024,14/12/2024,579.30,H9VHB86,25 m² Appartement ∙ 1 chambre ∙ 2 personnes,Saas Fee - Valais
19/09/2024,14/12/2024,21/12/2024,683.28,H9VHB86,25 m² Appartement ∙ 1 chambre ∙ 2 personnes,Saas Fee - Valais
19/09/2024,04/01/2025,11/01/2025,594.15,H9VHB86,25 m² Appartement ∙ 1 chambre ∙ 2 personnes,Saas Fee - Valais
19/09/2024,25/01/2025,01/02/2025,920.94,H9VHB86,25 m² Appartement ∙ 1 chambre ∙ 2 personnes,Saas Fee - Valais
19/09/2024,01/02/2025,08/02/2025,920.94,H9VHB86,25 m² Appartement ∙ 1 chambre ∙ 2 personnes,Saas Fee - Valais
19/09/2024,08/02/2025,15/02/2025,920.94,H9VHB86,25 m² Appartement ∙ 1 chambre ∙ 2 personnes,Saas Fee - Valais
19/09/2024,22/03/2025,29/03/2025,698.13,H9VHB86,25 m² Appartement ∙ 1 chambre ∙ 2 personnes,Saas Fee - Valais
19/09/2024,29/03/2025,05/04/2025,698.13,H9VHB86,25 m² Appartement ∙ 1 chambre ∙ 2 personnes,Saas Fee - Valais
19/09/2024,05/04/2025,12/04/2025,920.94,H9VHB86,25 m² Appartement ∙ 1 chambre ∙ 2 personnes,Saas Fee - Valais
19/09/2024,12/04/2025,19/04/2025,920.94,H9VHB86,25 m² Appartement ∙ 1 chambre ∙ 2 personnes,Saas Fee - Valais
19/09/2024,19/04/2025,26/04/2025,698.13,H9VHB86,25 m² Appartement ∙ 1 chambre ∙ 2 personnes,Saas Fee - Valais
19/09/2024,16/11/2024,23/11/2024,1064.40,HHCRGWK,95 m² Maison de vacances ∙ 4 chambres ∙ 8 personnes,Val-d'Illiez - Valais
19/09/2024,23/11/2024,30/11/2024,1064.40,HHCRGWK,95 m² Maison de vacances ∙ 4 chambres ∙ 8 personnes,Val-d'Illiez - Valais
19/09/2024,30/11/2024,07/12/2024,1064.40,HHCRGWK,95 m² Maison de vacances ∙ 4 chambres ∙ 8 personnes,Val-d'Illiez - Valais
19/09/2024,07/12/2024,14/12/2024,1064.40,HHCRGWK,95 m² Maison de vacances ∙ 4 chambres ∙ 8 personnes,Val-d'Illiez - Valais
19/09/2024,14/12/2024,21/12/2024,1064.40,HHCRGWK,95 m² Maison de vacances ∙ 4 chambres ∙ 8 personnes,Val-d'Illiez - Valais
19/09/2024,11/01/2025,18/01/2025,1064.40,HHCRGWK,95 m² Maison de vacances ∙ 4 chambres ∙ 8 personnes,Val-d'Illiez - Valais
19/09/2024,18/01/2025,25/01/2025,1064.40,HHCRGWK,95 m² Maison de vacances ∙ 4 chambres ∙ 8 personnes,Val-d'Illiez - Valais
19/09/2024,25/01/2025,01/02/2025,1391.98,HHCRGWK,95 m² Maison de vacances ∙ 4 chambres ∙ 8 personnes,Val-d'Illiez - Valais
19/09/2024,01/02/2025,08/02/2025,1480.02,HHCRGWK,95 m² Maison de vacances ∙ 4 chambres ∙ 8 personnes,Val-d'Illiez - Valais
19/09/2024,08/02/2025,15/02/2025,1718.23,HHCRGWK,95 m² Maison de vacances ∙ 4 chambres ∙ 8 personnes,Val-d'Illiez - Valais
19/09/2024,15/02/2025,22/02/2025,1952.32,HHCRGWK,95 m² Maison de vacances ∙ 4 chambres ∙ 8 personnes,Val-d'Illiez - Valais
19/09/2024,22/02/2025,01/03/2025,1952.32,HHCRGWK,95 m² Maison de vacances ∙ 4 chambres ∙ 8 personnes,Val-d'Illiez - Valais
19/09/2024,01/03/2025,08/03/2025,1863.25,HHCRGWK,95 m² Maison de vacances ∙ 4 chambres ∙ 8 personnes,Val-d'Illiez - Valais
19/09/2024,08/03/2025,15/03/2025,1064.40,HHCRGWK,95 m² Maison de vacances ∙ 4 chambres ∙ 8 personnes,Val-d'Illiez - Valais
19/09/2024,15/03/2025,22/03/2025,1064.40,HHCRGWK,95 m² Maison de vacances ∙ 4 chambres ∙ 8 personnes,Val-d'Illiez - Valais
19/09/2024,22/03/2025,29/03/2025,1064.40,HHCRGWK,95 m² Maison de vacances ∙ 4 chambres ∙ 8 personnes,Val-d'Illiez - Valais
19/09/2024,29/03/2025,05/04/2025,1064.40,HHCRGWK,95 m² Maison de vacances ∙ 4 chambres ∙ 8 personnes,Val-d'Illiez - Valais
19/09/2024,05/04/2025,12/04/2025,1064.40,HHCRGWK,95 m² Maison de vacances ∙ 4 chambres ∙ 8 personnes,Val-d'Illiez - Valais
19/09/2024,12/04/2025,19/04/2025,1074.17,HHCRGWK,95 m² Maison de vacances ∙ 4 chambres ∙ 8 personnes,Val-d'Illiez - Valais
19/09/2024,19/04/2025,26/04/2025,1074.17,HHCRGWK,95 m² Maison de vacances ∙ 4 chambres ∙ 8 personnes,Val-d'Illiez - Valais
19/09/2024,21/09/2024,28/09/2024,668.43,HYAT54V,43 m² Appartement ∙ 1 chambre ∙ 2 personnes,Loèche-les-Bains - Valais
19/09/2024,28/09/2024,05/10/2024,668.43,HYAT54V,43 m² Appartement ∙ 1 chambre ∙ 2 personnes,Loèche-les-Bains - Valais
19/09/2024,05/10/2024,12/10/2024,668.43,HYAT54V,43 m² Appartement ∙ 1 chambre ∙ 2 personnes,Loèche-les-Bains - Valais
19/09/2024,12/10/2024,19/10/2024,668.43,HYAT54V,43 m² Appartement ∙ 1 chambre ∙ 2 personnes,Loèche-les-Bains - Valais
19/09/2024,19/10/2024,26/10/2024,668.43,HYAT54V,43 m² Appartement ∙ 1 chambre ∙ 2 personnes,Loèche-les-Bains - Valais
19/09/2024,26/10/2024,02/11/2024,623.87,HYAT54V,43 m² Appartement ∙ 1 chambre ∙ 2 personnes,Loèche-les-Bains - Valais
19/09/2024,02/11/2024,09/11/2024,623.87,HYAT54V,43 m² Appartement ∙ 1 chambre ∙ 2 personnes,Loèche-les-Bains - Valais
19/09/2024,09/11/2024,16/11/2024,623.87,HYAT54V,43 m² Appartement ∙ 1 chambre ∙ 2 personnes,Loèche-les-Bains - Valais
19/09/2024,16/11/2024,23/11/2024,623.87,HYAT54V,43 m² Appartement ∙ 1 chambre ∙ 2 personnes,Loèche-les-Bains - Valais
19/09/2024,23/11/2024,30/11/2024,623.87,HYAT54V,43 m² Appartement ∙ 1 chambre ∙ 2 personnes,Loèche-les-Bains - Valais
19/09/2024,30/11/2024,07/12/2024,623.87,HYAT54V,43 m² Appartement ∙ 1 chambre ∙ 2 personnes,Loèche-les-Bains - Valais
19/09/2024,07/12/2024,14/12/2024,623.87,HYAT54V,43 m² Appartement ∙ 1 chambre ∙ 2 personnes,Loèche-les-Bains - Valais
19/09/2024,14/12/2024,21/12/2024,623.87,HYAT54V,43 m² Appartement ∙ 1 chambre ∙ 2 personnes,Loèche-les-Bains - Valais
19/09/2024,21/12/2024,28/12/2024,712.99,HYAT54V,43 m² Appartement ∙ 1 chambre ∙ 2 personnes,Loèche-les-Bains - Valais
19/09/2024,04/01/2025,11/01/2025,668.43,HYAT54V,43 m² Appartement ∙ 1 chambre ∙ 2 personnes,Loèche-les-Bains - Valais
19/09/2024,11/01/2025,18/01/2025,668.43,HYAT54V,43 m² Appartement ∙ 1 chambre ∙ 2 personnes,Loèche-les-Bains - Valais
19/09/2024,18/01/2025,25/01/2025,668.43,HYAT54V,43 m² Appartement ∙ 1 chambre ∙ 2 personnes,Loèche-les-Bains - Valais
19/09/2024,25/01/2025,01/02/2025,668.43,HYAT54V,43 m² Appartement ∙ 1 chambre ∙ 2 personnes,Loèche-les-Bains - Valais
19/09/2024,01/02/2025,08/02/2025,668.43,HYAT54V,43 m² Appartement ∙ 1 chambre ∙ 2 personnes,Loèche-les-Bains - Valais
19/09/2024,08/02/2025,15/02/2025,668.43,HYAT54V,43 m² Appartement ∙ 1 chambre ∙ 2 personnes,Loèche-les-Bains - Valais
19/09/2024,15/02/2025,22/02/2025,668.43,HYAT54V,43 m² Appartement ∙ 1 chambre ∙ 2 personnes,Loèche-les-Bains - Valais
19/09/2024,22/02/2025,01/03/2025,668.43,HYAT54V,43 m² Appartement ∙ 1 chambre ∙ 2 personnes,Loèche-les-Bains - Valais
19/09/2024,08/03/2025,15/03/2025,668.43,HYAT54V,43 m² Appartement ∙ 1 chambre ∙ 2 personnes,Loèche-les-Bains - Valais
19/09/2024,15/03/2025,22/03/2025,668.43,HYAT54V,43 m² Appartement ∙ 1 chambre ∙ 2 personnes,Loèche-les-Bains - Valais
19/09/2024,22/03/2025,29/03/2025,668.43,HYAT54V,43 m² Appartement ∙ 1 chambre ∙ 2 personnes,Loèche-les-Bains - Valais
19/09/2024,29/03/2025,05/04/2025,668.43,HYAT54V,43 m² Appartement ∙ 1 chambre ∙ 2 personnes,Loèche-les-Bains - Valais
19/09/2024,05/04/2025,12/04/2025,668.43,HYAT54V,43 m² Appartement ∙ 1 chambre ∙ 2 personnes,Loèche-les-Bains - Valais
19/09/2024,12/04/2025,19/04/2025,668.43,HYAT54V,43 m² Appartement ∙ 1 chambre ∙ 2 personnes,Loèche-les-Bains - Valais
19/09/2024,19/04/2025,26/04/2025,668.43,HYAT54V,43 m² Appartement ∙ 1 chambre ∙ 2 personnes,Loèche-les-Bains - Valais
19/09/2024,26/04/2025,03/05/2025,623.87,HYAT54V,43 m² Appartement ∙ 1 chambre ∙ 2 personnes,Loèche-les-Bains - Valais
19/09/2024,03/05/2025,10/05/2025,623.87,HYAT54V,43 m² Appartement ∙ 1 chambre ∙ 2 personnes,Loèche-les-Bains - Valais
19/09/2024,10/05/2025,17/05/2025,623.87,HYAT54V,43 m² Appartement ∙ 1 chambre ∙ 2 personnes,Loèche-les-Bains - Valais
19/09/2024,21/09/2024,28/09/2024,690.70,HM2ZUL6,75 m² Appartement ∙ 2 chambres ∙ 4 personnes,Termen - Valais
19/09/2024,28/09/2024,05/10/2024,690.70,HM2ZUL6,75 m² Appartement ∙ 2 chambres ∙ 4 personnes,Termen - Valais
19/09/2024,04/01/2025,11/01/2025,1121.47,HM2ZUL6,75 m² Appartement ∙ 2 chambres ∙ 4 personnes,Termen - Valais
19/09/2024,18/01/2025,25/01/2025,1121.47,HM2ZUL6,75 m² Appartement ∙ 2 chambres ∙ 4 personnes,Termen - Valais
19/09/2024,15/03/2025,22/03/2025,1120.89,HM2ZUL6,75 m² Appartement ∙ 2 chambres ∙ 4 personnes,Termen - Valais
19/09/2024,22/03/2025,29/03/2025,1120.89,HM2ZUL6,75 m² Appartement ∙ 2 chambres ∙ 4 personnes,Termen - Valais
19/09/2024,23/11/2024,30/11/2024,749.32,HGUCSLK,75 m² Chambre privée ∙ 2 chambres ∙ 5 personnes,Reckingen-Gluringen - Valais
19/09/2024,15/03/2025,22/03/2025,749.32,HGUCSLK,75 m² Chambre privée ∙ 2 chambres ∙ 5 personnes,Reckingen-Gluringen - Valais
19/09/2024,22/03/2025,29/03/2025,749.32,HGUCSLK,75 m² Chambre privée ∙ 2 chambres ∙ 5 personnes,Reckingen-Gluringen - Valais
19/09/2024,29/03/2025,05/04/2025,749.32,HGUCSLK,75 m² Chambre privée ∙ 2 chambres ∙ 5 personnes,Reckingen-Gluringen - Valais
19/09/2024,05/04/2025,12/04/2025,749.32,HGUCSLK,75 m² Chambre privée ∙ 2 chambres ∙ 5 personnes,Reckingen-Gluringen - Valais
19/09/2024,26/04/2025,03/05/2025,749.32,HGUCSLK,75 m² Chambre privée ∙ 2 chambres ∙ 5 personnes,Reckingen-Gluringen - Valais
19/09/2024,03/05/2025,10/05/2025,749.32,HGUCSLK,75 m² Chambre privée ∙ 2 chambres ∙ 5 personnes,Reckingen-Gluringen - Valais
19/09/2024,10/05/2025,17/05/2025,749.32,HGUCSLK,75 m² Chambre privée ∙ 2 chambres ∙ 5 personnes,Reckingen-Gluringen - Valais
19/09/2024,21/09/2024,28/09/2024,724.32,H7H1LV2,60 m² Appartement ∙ 1 chambre ∙ 2 personnes,Chalais - Valais
19/09/2024,28/09/2024,05/10/2024,724.32,H7H1LV2,60 m² Appartement ∙ 1 chambre ∙ 2 personnes,Chalais - Valais
19/09/2024,05/10/2024,12/10/2024,724.32,H7H1LV2,60 m² Appartement ∙ 1 chambre ∙ 2 personnes,Chalais - Valais
19/09/2024,12/10/2024,19/10/2024,724.32,H7H1LV2,60 m² Appartement ∙ 1 chambre ∙ 2 personnes,Chalais - Valais
19/09/2024,19/10/2024,26/10/2024,724.32,H7H1LV2,60 m² Appartement ∙ 1 chambre ∙ 2 personnes,Chalais - Valais
19/09/2024,26/10/2024,02/11/2024,724.32,H7H1LV2,60 m² Appartement ∙ 1 chambre ∙ 2 personnes,Chalais - Valais
19/09/2024,02/11/2024,09/11/2024,724.32,H7H1LV2,60 m² Appartement ∙ 1 chambre ∙ 2 personnes,Chalais - Valais
19/09/2024,09/11/2024,16/11/2024,724.32,H7H1LV2,60 m² Appartement ∙ 1 chambre ∙ 2 personnes,Chalais - Valais
19/09/2024,16/11/2024,23/11/2024,724.32,H7H1LV2,60 m² Appartement ∙ 1 chambre ∙ 2 personnes,Chalais - Valais
19/09/2024,23/11/2024,30/11/2024,724.32,H7H1LV2,60 m² Appartement ∙ 1 chambre ∙ 2 personnes,Chalais - Valais
19/09/2024,30/11/2024,07/12/2024,724.32,H7H1LV2,60 m² Appartement ∙ 1 chambre ∙ 2 personnes,Chalais - Valais
19/09/2024,07/12/2024,14/12/2024,724.32,H7H1LV2,60 m² Appartement ∙ 1 chambre ∙ 2 personnes,Chalais - Valais
19/09/2024,14/12/2024,21/12/2024,731.49,H7H1LV2,60 m² Appartement ∙ 1 chambre ∙ 2 personnes,Chalais - Valais
19/09/2024,04/01/2025,11/01/2025,973.60,H7H1LV2,60 m² Appartement ∙ 1 chambre ∙ 2 personnes,Chalais - Valais
19/09/2024,11/01/2025,18/01/2025,973.60,H7H1LV2,60 m² Appartement ∙ 1 chambre ∙ 2 personnes,Chalais - Valais
19/09/2024,18/01/2025,25/01/2025,973.60,H7H1LV2,60 m² Appartement ∙ 1 chambre ∙ 2 personnes,Chalais - Valais
19/09/2024,08/02/2025,15/02/2025,1217.77,H7H1LV2,60 m² Appartement ∙ 1 chambre ∙ 2 personnes,Chalais - Valais
19/09/2024,15/02/2025,22/02/2025,1338.32,H7H1LV2,60 m² Appartement ∙ 1 chambre ∙ 2 personnes,Chalais - Valais
19/09/2024,22/02/2025,01/03/2025,1338.32,H7H1LV2,60 m² Appartement ∙ 1 chambre ∙ 2 personnes,Chalais - Valais
19/09/2024,01/03/2025,08/03/2025,1338.32,H7H1LV2,60 m² Appartement ∙ 1 chambre ∙ 2 personnes,Chalais - Valais
19/09/2024,08/03/2025,15/03/2025,973.60,H7H1LV2,60 m² Appartement ∙ 1 chambre ∙ 2 personnes,Chalais - Valais
19/09/2024,15/03/2025,22/03/2025,973.60,H7H1LV2,60 m² Appartement ∙ 1 chambre ∙ 2 personnes,Chalais - Valais
19/09/2024,22/03/2025,29/03/2025,973.60,H7H1LV2,60 m² Appartement ∙ 1 chambre ∙ 2 personnes,Chalais - Valais
19/09/2024,29/03/2025,05/04/2025,973.60,H7H1LV2,60 m² Appartement ∙ 1 chambre ∙ 2 personnes,Chalais - Valais
19/09/2024,05/04/2025,12/04/2025,973.60,H7H1LV2,60 m² Appartement ∙ 1 chambre ∙ 2 personnes,Chalais - Valais
19/09/2024,12/04/2025,19/04/2025,973.60,H7H1LV2,60 m² Appartement ∙ 1 chambre ∙ 2 personnes,Chalais - Valais
19/09/2024,19/04/2025,26/04/2025,973.60,H7H1LV2,60 m² Appartement ∙ 1 chambre ∙ 2 personnes,Chalais - Valais
19/09/2024,19/10/2024,26/10/2024,278.04,HW3R97Y,42 m² Appartement ∙ 1 chambre ∙ 6 personnes,Nendaz - Valais
19/09/2024,26/10/2024,02/11/2024,278.04,HW3R97Y,42 m² Appartement ∙ 1 chambre ∙ 6 personnes,Nendaz - Valais
19/09/2024,02/11/2024,09/11/2024,278.04,HW3R97Y,42 m² Appartement ∙ 1 chambre ∙ 6 personnes,Nendaz - Valais
19/09/2024,09/11/2024,16/11/2024,278.04,HW3R97Y,42 m² Appartement ∙ 1 chambre ∙ 6 personnes,Nendaz - Valais
19/09/2024,16/11/2024,23/11/2024,278.04,HW3R97Y,42 m² Appartement ∙ 1 chambre ∙ 6 personnes,Nendaz - Valais
19/09/2024,23/11/2024,30/11/2024,278.04,HW3R97Y,42 m² Appartement ∙ 1 chambre ∙ 6 personnes,Nendaz - Valais
19/09/2024,21/09/2024,28/09/2024,1268.97,HS6FTEN,180 m² Chalet ∙ 5 chambres ∙ 10 personnes,Crans-Montana - Valais
19/09/2024,28/09/2024,05/10/2024,1166.26,HS6FTEN,180 m² Chalet ∙ 5 chambres ∙ 10 personnes,Crans-Montana - Valais
19/09/2024,05/10/2024,12/10/2024,1166.26,HS6FTEN,180 m² Chalet ∙ 5 chambres ∙ 10 personnes,Crans-Montana - Valais
19/09/2024,12/10/2024,19/10/2024,1166.26,HS6FTEN,180 m² Chalet ∙ 5 chambres ∙ 10 personnes,Crans-Montana - Valais
19/09/2024,19/10/2024,26/10/2024,1166.26,HS6FTEN,180 m² Chalet ∙ 5 chambres ∙ 10 personnes,Crans-Montana - Valais
19/09/2024,02/11/2024,09/11/2024,1197.73,HS6FTEN,180 m² Chalet ∙ 5 chambres ∙ 10 personnes,Crans-Montana - Valais
19/09/2024,09/11/2024,16/11/2024,1197.73,HS6FTEN,180 m² Chalet ∙ 5 chambres ∙ 10 personnes,Crans-Montana - Valais
19/09/2024,16/11/2024,23/11/2024,1197.73,HS6FTEN,180 m² Chalet ∙ 5 chambres ∙ 10 personnes,Crans-Montana - Valais
19/09/2024,04/01/2025,11/01/2025,1746.09,HS6FTEN,180 m² Chalet ∙ 5 chambres ∙ 10 personnes,Crans-Montana - Valais
19/09/2024,11/01/2025,18/01/2025,1942.66,HS6FTEN,180 m² Chalet ∙ 5 chambres ∙ 10 personnes,Crans-Montana - Valais
19/09/2024,18/01/2025,25/01/2025,1942.66,HS6FTEN,180 m² Chalet ∙ 5 chambres ∙ 10 personnes,Crans-Montana - Valais
19/09/2024,25/01/2025,01/02/2025,2071.53,HS6FTEN,180 m² Chalet ∙ 5 chambres ∙ 10 personnes,Crans-Montana - Valais
19/09/2024,15/02/2025,22/02/2025,2881.03,HS6FTEN,180 m² Chalet ∙ 5 chambres ∙ 10 personnes,Crans-Montana - Valais
19/09/2024,22/02/2025,01/03/2025,2881.08,HS6FTEN,180 m² Chalet ∙ 5 chambres ∙ 10 personnes,Crans-Montana - Valais
19/09/2024,01/03/2025,08/03/2025,1799.72,HS6FTEN,180 m² Chalet ∙ 5 chambres ∙ 10 personnes,Crans-Montana - Valais
19/09/2024,08/03/2025,15/03/2025,1799.48,HS6FTEN,180 m² Chalet ∙ 5 chambres ∙ 10 personnes,Crans-Montana - Valais
19/09/2024,15/03/2025,22/03/2025,1799.48,HS6FTEN,180 m² Chalet ∙ 5 chambres ∙ 10 personnes,Crans-Montana - Valais
19/09/2024,22/03/2025,29/03/2025,1799.72,HS6FTEN,180 m² Chalet ∙ 5 chambres ∙ 10 personnes,Crans-Montana - Valais
19/09/2024,29/03/2025,05/04/2025,1799.72,HS6FTEN,180 m² Chalet ∙ 5 chambres ∙ 10 personnes,Crans-Montana - Valais
19/09/2024,05/04/2025,12/04/2025,1799.72,HS6FTEN,180 m² Chalet ∙ 5 chambres ∙ 10 personnes,Crans-Montana - Valais
19/09/2024,12/04/2025,19/04/2025,1799.48,HS6FTEN,180 m² Chalet ∙ 5 chambres ∙ 10 personnes,Crans-Montana - Valais
19/09/2024,19/04/2025,26/04/2025,1799.48,HS6FTEN,180 m² Chalet ∙ 5 chambres ∙ 10 personnes,Crans-Montana - Valais
19/09/2024,26/04/2025,03/05/2025,935.37,HS6FTEN,180 m² Chalet ∙ 5 chambres ∙ 10 personnes,Crans-Montana - Valais
19/09/2024,03/05/2025,10/05/2025,932.20,HS6FTEN,180 m² Chalet ∙ 5 chambres ∙ 10 personnes,Crans-Montana - Valais
19/09/2024,10/05/2025,17/05/2025,931.96,HS6FTEN,180 m² Chalet ∙ 5 chambres ∙ 10 personnes,Crans-Montana - Valais
19/09/2024,26/10/2024,02/11/2024,635.42,H40LWJS,55 m² Appartement ∙ 1 chambre ∙ 4 personnes,Saas Fee - Valais
19/09/2024,02/11/2024,09/11/2024,635.42,H40LWJS,55 m² Appartement ∙ 1 chambre ∙ 4 personnes,Saas Fee - Valais
19/09/2024,18/01/2025,25/01/2025,873.70,H40LWJS,55 m² Appartement ∙ 1 chambre ∙ 4 personnes,Saas Fee - Valais
19/09/2024,22/03/2025,29/03/2025,873.70,H40LWJS,55 m² Appartement ∙ 1 chambre ∙ 4 personnes,Saas Fee - Valais
19/09/2024,29/03/2025,05/04/2025,873.70,H40LWJS,55 m² Appartement ∙ 1 chambre ∙ 4 personnes,Saas Fee - Valais
19/09/2024,05/04/2025,12/04/2025,873.70,H40LWJS,55 m² Appartement ∙ 1 chambre ∙ 4 personnes,Saas Fee - Valais
19/09/2024,12/04/2025,19/04/2025,873.70,H40LWJS,55 m² Appartement ∙ 1 chambre ∙ 4 personnes,Saas Fee - Valais
19/09/2024,21/09/2024,28/09/2024,502.00,H5KHX1B,34 m² Appartement ∙ 1 chambre ∙ 2 personnes,Nendaz - Valais
19/09/2024,28/09/2024,05/10/2024,502.00,H5KHX1B,34 m² Appartement ∙ 1 chambre ∙ 2 personnes,Nendaz - Valais
19/09/2024,19/10/2024,26/10/2024,663.00,H5KHX1B,34 m² Appartement ∙ 1 chambre ∙ 2 personnes,Nendaz - Valais
19/09/2024,26/10/2024,02/11/2024,663.00,H5KHX1B,34 m² Appartement ∙ 1 chambre ∙ 2 personnes,Nendaz - Valais
19/09/2024,02/11/2024,09/11/2024,691.00,H5KHX1B,34 m² Appartement ∙ 1 chambre ∙ 2 personnes,Nendaz - Valais
19/09/2024,09/11/2024,16/11/2024,691.00,H5KHX1B,34 m² Appartement ∙ 1 chambre ∙ 2 personnes,Nendaz - Valais
19/09/2024,16/11/2024,23/11/2024,691.00,H5KHX1B,34 m² Appartement ∙ 1 chambre ∙ 2 personnes,Nendaz - Valais
19/09/2024,23/11/2024,30/11/2024,691.00,H5KHX1B,34 m² Appartement ∙ 1 chambre ∙ 2 personnes,Nendaz - Valais
19/09/2024,30/11/2024,07/12/2024,691.00,H5KHX1B,34 m² Appartement ∙ 1 chambre ∙ 2 personnes,Nendaz - Valais
19/09/2024,07/12/2024,14/12/2024,691.00,H5KHX1B,34 m² Appartement ∙ 1 chambre ∙ 2 personnes,Nendaz - Valais
19/09/2024,14/12/2024,21/12/2024,691.00,H5KHX1B,34 m² Appartement ∙ 1 chambre ∙ 2 personnes,Nendaz - Valais
19/09/2024,21/12/2024,28/12/2024,1221.00,H5KHX1B,34 m² Appartement ∙ 1 chambre ∙ 2 personnes,Nendaz - Valais
19/09/2024,04/01/2025,11/01/2025,850.00,H5KHX1B,34 m² Appartement ∙ 1 chambre ∙ 2 personnes,Nendaz - Valais
19/09/2024,11/01/2025,18/01/2025,850.00,H5KHX1B,34 m² Appartement ∙ 1 chambre ∙ 2 personnes,Nendaz - Valais
19/09/2024,25/01/2025,01/02/2025,956.00,H5KHX1B,34 m² Appartement ∙ 1 chambre ∙ 2 personnes,Nendaz - Valais
19/09/2024,15/02/2025,22/02/2025,1388.00,H5KHX1B,34 m² Appartement ∙ 1 chambre ∙ 2 personnes,Nendaz - Valais
19/09/2024,08/03/2025,15/03/2025,850.00,H5KHX1B,34 m² Appartement ∙ 1 chambre ∙ 2 personnes,Nendaz - Valais
19/09/2024,15/03/2025,22/03/2025,691.00,H5KHX1B,34 m² Appartement ∙ 1 chambre ∙ 2 personnes,Nendaz - Valais
19/09/2024,29/03/2025,05/04/2025,691.00,H5KHX1B,34 m² Appartement ∙ 1 chambre ∙ 2 personnes,Nendaz - Valais
19/09/2024,05/04/2025,12/04/2025,691.00,H5KHX1B,34 m² Appartement ∙ 1 chambre ∙ 2 personnes,Nendaz - Valais
19/09/2024,12/04/2025,19/04/2025,850.00,H5KHX1B,34 m² Appartement ∙ 1 chambre ∙ 2 personnes,Nendaz - Valais
19/09/2024,19/04/2025,26/04/2025,850.00,H5KHX1B,34 m² Appartement ∙ 1 chambre ∙ 2 personnes,Nendaz - Valais
19/09/2024,26/04/2025,03/05/2025,691.00,H5KHX1B,34 m² Appartement ∙ 1 chambre ∙ 2 personnes,Nendaz - Valais
19/09/2024,03/05/2025,10/05/2025,691.00,H5KHX1B,34 m² Appartement ∙ 1 chambre ∙ 2 personnes,Nendaz - Valais
19/09/2024,10/05/2025,17/05/2025,691.00,H5KHX1B,34 m² Appartement ∙ 1 chambre ∙ 2 personnes,Nendaz - Valais
19/09/2024,21/09/2024,28/09/2024,674.14,HYMHUEC,52 m² Appartement ∙ 1 chambre ∙ 2 personnes,Saas-Almagell - Valais
19/09/2024,28/09/2024,05/10/2024,674.14,HYMHUEC,52 m² Appartement ∙ 1 chambre ∙ 2 personnes,Saas-Almagell - Valais
19/09/2024,05/10/2024,12/10/2024,674.14,HYMHUEC,52 m² Appartement ∙ 1 chambre ∙ 2 personnes,Saas-Almagell - Valais
19/09/2024,12/10/2024,19/10/2024,674.14,HYMHUEC,52 m² Appartement ∙ 1 chambre ∙ 2 personnes,Saas-Almagell - Valais
19/09/2024,19/10/2024,26/10/2024,674.14,HYMHUEC,52 m² Appartement ∙ 1 chambre ∙ 2 personnes,Saas-Almagell - Valais
19/09/2024,26/10/2024,02/11/2024,674.14,HYMHUEC,52 m² Appartement ∙ 1 chambre ∙ 2 personnes,Saas-Almagell - Valais
19/09/2024,02/11/2024,09/11/2024,674.14,HYMHUEC,52 m² Appartement ∙ 1 chambre ∙ 2 personnes,Saas-Almagell - Valais
19/09/2024,09/11/2024,16/11/2024,674.14,HYMHUEC,52 m² Appartement ∙ 1 chambre ∙ 2 personnes,Saas-Almagell - Valais
19/09/2024,16/11/2024,23/11/2024,674.14,HYMHUEC,52 m² Appartement ∙ 1 chambre ∙ 2 personnes,Saas-Almagell - Valais
19/09/2024,23/11/2024,30/11/2024,674.14,HYMHUEC,52 m² Appartement ∙ 1 chambre ∙ 2 personnes,Saas-Almagell - Valais
19/09/2024,30/11/2024,07/12/2024,674.14,HYMHUEC,52 m² Appartement ∙ 1 chambre ∙ 2 personnes,Saas-Almagell - Valais
19/09/2024,07/12/2024,14/12/2024,674.14,HYMHUEC,52 m² Appartement ∙ 1 chambre ∙ 2 personnes,Saas-Almagell - Valais
19/09/2024,14/12/2024,21/12/2024,674.14,HYMHUEC,52 m² Appartement ∙ 1 chambre ∙ 2 personnes,Saas-Almagell - Valais
19/09/2024,21/12/2024,28/12/2024,674.14,HYMHUEC,52 m² Appartement ∙ 1 chambre ∙ 2 personnes,Saas-Almagell - Valais
19/09/2024,28/09/2024,05/10/2024,815.34,HR4DFJ7,Appartement ∙ 2 chambres ∙ 4 personnes,Grächen - Valais
19/09/2024,05/10/2024,12/10/2024,815.34,HR4DFJ7,Appartement ∙ 2 chambres ∙ 4 personnes,Grächen - Valais
19/09/2024,12/10/2024,19/10/2024,815.34,HR4DFJ7,Appartement ∙ 2 chambres ∙ 4 personnes,Grächen - Valais
19/09/2024,19/10/2024,26/10/2024,688.28,HR4DFJ7,Appartement ∙ 2 chambres ∙ 4 personnes,Grächen - Valais
19/09/2024,26/10/2024,02/11/2024,667.10,HR4DFJ7,Appartement ∙ 2 chambres ∙ 4 personnes,Grächen - Valais
19/09/2024,02/11/2024,09/11/2024,667.10,HR4DFJ7,Appartement ∙ 2 chambres ∙ 4 personnes,Grächen - Valais
19/09/2024,09/11/2024,16/11/2024,667.10,HR4DFJ7,Appartement ∙ 2 chambres ∙ 4 personnes,Grächen - Valais
19/09/2024,16/11/2024,23/11/2024,667.10,HR4DFJ7,Appartement ∙ 2 chambres ∙ 4 personnes,Grächen - Valais
19/09/2024,23/11/2024,30/11/2024,667.10,HR4DFJ7,Appartement ∙ 2 chambres ∙ 4 personnes,Grächen - Valais
19/09/2024,30/11/2024,07/12/2024,667.10,HR4DFJ7,Appartement ∙ 2 chambres ∙ 4 personnes,Grächen - Valais
19/09/2024,07/12/2024,14/12/2024,667.10,HR4DFJ7,Appartement ∙ 2 chambres ∙ 4 personnes,Grächen - Valais
19/09/2024,14/12/2024,21/12/2024,1037.71,HR4DFJ7,Appartement ∙ 2 chambres ∙ 4 personnes,Grächen - Valais
19/09/2024,04/01/2025,11/01/2025,1037.71,HR4DFJ7,Appartement ∙ 2 chambres ∙ 4 personnes,Grächen - Valais
19/09/2024,11/01/2025,18/01/2025,1037.71,HR4DFJ7,Appartement ∙ 2 chambres ∙ 4 personnes,Grächen - Valais
19/09/2024,18/01/2025,25/01/2025,1037.71,HR4DFJ7,Appartement ∙ 2 chambres ∙ 4 personnes,Grächen - Valais
19/09/2024,01/03/2025,08/03/2025,1334.20,HR4DFJ7,Appartement ∙ 2 chambres ∙ 4 personnes,Grächen - Valais
19/09/2024,15/03/2025,22/03/2025,1037.71,HR4DFJ7,Appartement ∙ 2 chambres ∙ 4 personnes,Grächen - Valais
19/09/2024,22/03/2025,29/03/2025,1037.71,HR4DFJ7,Appartement ∙ 2 chambres ∙ 4 personnes,Grächen - Valais
19/09/2024,29/03/2025,05/04/2025,1037.71,HR4DFJ7,Appartement ∙ 2 chambres ∙ 4 personnes,Grächen - Valais
19/09/2024,16/11/2024,23/11/2024,1853.89,HZX61A0,180 m² Maison de vacances ∙ 5 chambres ∙ 11 personnes,Val-d'Illiez - Valais
19/09/2024,23/11/2024,30/11/2024,1853.89,HZX61A0,180 m² Maison de vacances ∙ 5 chambres ∙ 11 personnes,Val-d'Illiez - Valais
19/09/2024,30/11/2024,07/12/2024,1853.89,HZX61A0,180 m² Maison de vacances ∙ 5 chambres ∙ 11 personnes,Val-d'Illiez - Valais
19/09/2024,07/12/2024,14/12/2024,1853.89,HZX61A0,180 m² Maison de vacances ∙ 5 chambres ∙ 11 personnes,Val-d'Illiez - Valais
19/09/2024,14/12/2024,21/12/2024,1853.89,HZX61A0,180 m² Maison de vacances ∙ 5 chambres ∙ 11 personnes,Val-d'Illiez - Valais
19/09/2024,11/01/2025,18/01/2025,2028.94,HZX61A0,180 m² Maison de vacances ∙ 5 chambres ∙ 11 personnes,Val-d'Illiez - Valais
19/09/2024,08/02/2025,15/02/2025,3366.03,HZX61A0,180 m² Maison de vacances ∙ 5 chambres ∙ 11 personnes,Val-d'Illiez - Valais
19/09/2024,15/02/2025,22/02/2025,3827.98,HZX61A0,180 m² Maison de vacances ∙ 5 chambres ∙ 11 personnes,Val-d'Illiez - Valais
19/09/2024,22/02/2025,01/03/2025,3827.98,HZX61A0,180 m² Maison de vacances ∙ 5 chambres ∙ 11 personnes,Val-d'Illiez - Valais
19/09/2024,01/03/2025,08/03/2025,3723.34,HZX61A0,180 m² Maison de vacances ∙ 5 chambres ∙ 11 personnes,Val-d'Illiez - Valais
19/09/2024,22/03/2025,29/03/2025,1853.89,HZX61A0,180 m² Maison de vacances ∙ 5 chambres ∙ 11 personnes,Val-d'Illiez - Valais
19/09/2024,29/03/2025,05/04/2025,1853.89,HZX61A0,180 m² Maison de vacances ∙ 5 chambres ∙ 11 personnes,Val-d'Illiez - Valais
19/09/2024,05/04/2025,12/04/2025,1853.89,HZX61A0,180 m² Maison de vacances ∙ 5 chambres ∙ 11 personnes,Val-d'Illiez - Valais
19/09/2024,12/04/2025,19/04/2025,1853.89,HZX61A0,180 m² Maison de vacances ∙ 5 chambres ∙ 11 personnes,Val-d'Illiez - Valais
19/09/2024,19/04/2025,26/04/2025,1853.89,HZX61A0,180 m² Maison de vacances ∙ 5 chambres ∙ 11 personnes,Val-d'Illiez - Valais
19/09/2024,26/04/2025,03/05/2025,1853.89,HZX61A0,180 m² Maison de vacances ∙ 5 chambres ∙ 11 personnes,Val-d'Illiez - Valais
19/09/2024,21/09/2024,28/09/2024,830.17,HAD1RSM,48 m² Appartement ∙ 2 chambres ∙ 4 personnes,Termen - Valais
19/09/2024,28/09/2024,05/10/2024,830.17,HAD1RSM,48 m² Appartement ∙ 2 chambres ∙ 4 personnes,Termen - Valais
19/09/2024,05/10/2024,12/10/2024,830.17,HAD1RSM,48 m² Appartement ∙ 2 chambres ∙ 4 personnes,Termen - Valais
19/09/2024,04/01/2025,11/01/2025,1221.83,HAD1RSM,48 m² Appartement ∙ 2 chambres ∙ 4 personnes,Termen - Valais
19/09/2024,11/01/2025,18/01/2025,1221.83,HAD1RSM,48 m² Appartement ∙ 2 chambres ∙ 4 personnes,Termen - Valais
19/09/2024,08/03/2025,15/03/2025,1221.83,HAD1RSM,48 m² Appartement ∙ 2 chambres ∙ 4 personnes,Termen - Valais
19/09/2024,15/03/2025,22/03/2025,1221.83,HAD1RSM,48 m² Appartement ∙ 2 chambres ∙ 4 personnes,Termen - Valais
19/09/2024,22/03/2025,29/03/2025,1221.83,HAD1RSM,48 m² Appartement ∙ 2 chambres ∙ 4 personnes,Termen - Valais
19/09/2024,21/09/2024,28/09/2024,703.20,H6ABNGT,65 m² Appartement ∙ 2 chambres ∙ 6 personnes,Vex - Valais
19/09/2024,28/09/2024,05/10/2024,703.20,H6ABNGT,65 m² Appartement ∙ 2 chambres ∙ 6 personnes,Vex - Valais
19/09/2024,05/10/2024,12/10/2024,703.20,H6ABNGT,65 m² Appartement ∙ 2 chambres ∙ 6 personnes,Vex - Valais
19/09/2024,12/10/2024,19/10/2024,703.20,H6ABNGT,65 m² Appartement ∙ 2 chambres ∙ 6 personnes,Vex - Valais
19/09/2024,19/10/2024,26/10/2024,703.20,H6ABNGT,65 m² Appartement ∙ 2 chambres ∙ 6 personnes,Vex - Valais
19/09/2024,26/10/2024,02/11/2024,703.20,H6ABNGT,65 m² Appartement ∙ 2 chambres ∙ 6 personnes,Vex - Valais
19/09/2024,02/11/2024,09/11/2024,703.20,H6ABNGT,65 m² Appartement ∙ 2 chambres ∙ 6 personnes,Vex - Valais
19/09/2024,09/11/2024,16/11/2024,703.20,H6ABNGT,65 m² Appartement ∙ 2 chambres ∙ 6 personnes,Vex - Valais
19/09/2024,16/11/2024,23/11/2024,703.20,H6ABNGT,65 m² Appartement ∙ 2 chambres ∙ 6 personnes,Vex - Valais
19/09/2024,23/11/2024,30/11/2024,703.20,H6ABNGT,65 m² Appartement ∙ 2 chambres ∙ 6 personnes,Vex - Valais
19/09/2024,30/11/2024,07/12/2024,703.20,H6ABNGT,65 m² Appartement ∙ 2 chambres ∙ 6 personnes,Vex - Valais
19/09/2024,07/12/2024,14/12/2024,703.20,H6ABNGT,65 m² Appartement ∙ 2 chambres ∙ 6 personnes,Vex - Valais
19/09/2024,14/12/2024,21/12/2024,856.07,H6ABNGT,65 m² Appartement ∙ 2 chambres ∙ 6 personnes,Vex - Valais
19/09/2024,21/12/2024,28/12/2024,1498.12,H6ABNGT,65 m² Appartement ∙ 2 chambres ∙ 6 personnes,Vex - Valais
19/09/2024,28/12/2024,04/01/2025,1498.12,H6ABNGT,65 m² Appartement ∙ 2 chambres ∙ 6 personnes,Vex - Valais
19/09/2024,04/01/2025,11/01/2025,856.07,H6ABNGT,65 m² Appartement ∙ 2 chambres ∙ 6 personnes,Vex - Valais
19/09/2024,11/01/2025,18/01/2025,856.07,H6ABNGT,65 m² Appartement ∙ 2 chambres ∙ 6 personnes,Vex - Valais
19/09/2024,18/01/2025,25/01/2025,856.07,H6ABNGT,65 m² Appartement ∙ 2 chambres ∙ 6 personnes,Vex - Valais
19/09/2024,25/01/2025,01/02/2025,856.07,H6ABNGT,65 m² Appartement ∙ 2 chambres ∙ 6 personnes,Vex - Valais
19/09/2024,01/02/2025,08/02/2025,856.07,H6ABNGT,65 m² Appartement ∙ 2 chambres ∙ 6 personnes,Vex - Valais
19/09/2024,08/02/2025,15/02/2025,1172.00,H6ABNGT,65 m² Appartement ∙ 2 chambres ∙ 6 personnes,Vex - Valais
19/09/2024,15/02/2025,22/02/2025,1498.12,H6ABNGT,65 m² Appartement ∙ 2 chambres ∙ 6 personnes,Vex - Valais
19/09/2024,22/02/2025,01/03/2025,1498.12,H6ABNGT,65 m² Appartement ∙ 2 chambres ∙ 6 personnes,Vex - Valais
19/09/2024,01/03/2025,08/03/2025,1498.12,H6ABNGT,65 m² Appartement ∙ 2 chambres ∙ 6 personnes,Vex - Valais
19/09/2024,08/03/2025,15/03/2025,1172.00,H6ABNGT,65 m² Appartement ∙ 2 chambres ∙ 6 personnes,Vex - Valais
19/09/2024,05/04/2025,12/04/2025,856.07,H6ABNGT,65 m² Appartement ∙ 2 chambres ∙ 6 personnes,Vex - Valais
19/09/2024,12/04/2025,19/04/2025,856.07,H6ABNGT,65 m² Appartement ∙ 2 chambres ∙ 6 personnes,Vex - Valais
19/09/2024,19/04/2025,26/04/2025,856.07,H6ABNGT,65 m² Appartement ∙ 2 chambres ∙ 6 personnes,Vex - Valais
19/09/2024,11/01/2025,18/01/2025,592.40,HXVW94F,Appartement ∙ 1 chambre ∙ 4 personnes,Grächen - Valais
19/09/2024,01/03/2025,08/03/2025,518.35,HXVW94F,Appartement ∙ 1 chambre ∙ 4 personnes,Grächen - Valais
19/09/2024,08/03/2025,15/03/2025,518.35,HXVW94F,Appartement ∙ 1 chambre ∙ 4 personnes,Grächen - Valais
19/09/2024,21/09/2024,28/09/2024,979.00,HJAM4SK,Appartement ∙ 3 chambres ∙ 6 personnes,Nendaz - Valais
19/09/2024,28/09/2024,05/10/2024,979.00,HJAM4SK,Appartement ∙ 3 chambres ∙ 6 personnes,Nendaz - Valais
19/09/2024,05/10/2024,12/10/2024,1251.00,HJAM4SK,Appartement ∙ 3 chambres ∙ 6 personnes,Nendaz - Valais
19/09/2024,12/10/2024,19/10/2024,1251.00,HJAM4SK,Appartement ∙ 3 chambres ∙ 6 personnes,Nendaz - Valais
19/09/2024,19/10/2024,26/10/2024,1251.00,HJAM4SK,Appartement ∙ 3 chambres ∙ 6 personnes,Nendaz - Valais
19/09/2024,26/10/2024,02/11/2024,1251.00,HJAM4SK,Appartement ∙ 3 chambres ∙ 6 personnes,Nendaz - Valais
19/09/2024,02/11/2024,09/11/2024,1279.00,HJAM4SK,Appartement ∙ 3 chambres ∙ 6 personnes,Nendaz - Valais
19/09/2024,09/11/2024,16/11/2024,1279.00,HJAM4SK,Appartement ∙ 3 chambres ∙ 6 personnes,Nendaz - Valais
19/09/2024,30/11/2024,07/12/2024,1279.00,HJAM4SK,Appartement ∙ 3 chambres ∙ 6 personnes,Nendaz - Valais
19/09/2024,07/12/2024,14/12/2024,1279.00,HJAM4SK,Appartement ∙ 3 chambres ∙ 6 personnes,Nendaz - Valais
19/09/2024,14/12/2024,21/12/2024,1279.00,HJAM4SK,Appartement ∙ 3 chambres ∙ 6 personnes,Nendaz - Valais
19/09/2024,21/12/2024,28/12/2024,2689.00,HJAM4SK,Appartement ∙ 3 chambres ∙ 6 personnes,Nendaz - Valais
19/09/2024,04/01/2025,11/01/2025,1734.00,HJAM4SK,Appartement ∙ 3 chambres ∙ 6 personnes,Nendaz - Valais
19/09/2024,11/01/2025,18/01/2025,1734.00,HJAM4SK,Appartement ∙ 3 chambres ∙ 6 personnes,Nendaz - Valais
19/09/2024,18/01/2025,25/01/2025,1734.00,HJAM4SK,Appartement ∙ 3 chambres ∙ 6 personnes,Nendaz - Valais
19/09/2024,25/01/2025,01/02/2025,1953.00,HJAM4SK,Appartement ∙ 3 chambres ∙ 6 personnes,Nendaz - Valais
19/09/2024,01/02/2025,08/02/2025,2580.00,HJAM4SK,Appartement ∙ 3 chambres ∙ 6 personnes,Nendaz - Valais
19/09/2024,08/02/2025,15/02/2025,2689.00,HJAM4SK,Appartement ∙ 3 chambres ∙ 6 personnes,Nendaz - Valais
19/09/2024,15/02/2025,22/02/2025,3174.00,HJAM4SK,Appartement ∙ 3 chambres ∙ 6 personnes,Nendaz - Valais
19/09/2024,22/02/2025,01/03/2025,3174.00,HJAM4SK,Appartement ∙ 3 chambres ∙ 6 personnes,Nendaz - Valais
19/09/2024,01/03/2025,08/03/2025,3174.00,HJAM4SK,Appartement ∙ 3 chambres ∙ 6 personnes,Nendaz - Valais
19/09/2024,08/03/2025,15/03/2025,1771.00,HJAM4SK,Appartement ∙ 3 chambres ∙ 6 personnes,Nendaz - Valais
19/09/2024,15/03/2025,22/03/2025,1279.00,HJAM4SK,Appartement ∙ 3 chambres ∙ 6 personnes,Nendaz - Valais
19/09/2024,22/03/2025,29/03/2025,1279.00,HJAM4SK,Appartement ∙ 3 chambres ∙ 6 personnes,Nendaz - Valais
19/09/2024,29/03/2025,05/04/2025,1279.00,HJAM4SK,Appartement ∙ 3 chambres ∙ 6 personnes,Nendaz - Valais
19/09/2024,05/04/2025,12/04/2025,1279.00,HJAM4SK,Appartement ∙ 3 chambres ∙ 6 personnes,Nendaz - Valais
19/09/2024,12/04/2025,19/04/2025,1771.00,HJAM4SK,Appartement ∙ 3 chambres ∙ 6 personnes,Nendaz - Valais
19/09/2024,19/04/2025,26/04/2025,1771.00,HJAM4SK,Appartement ∙ 3 chambres ∙ 6 personnes,Nendaz - Valais
19/09/2024,26/04/2025,03/05/2025,1279.00,HJAM4SK,Appartement ∙ 3 chambres ∙ 6 personnes,Nendaz - Valais
19/09/2024,03/05/2025,10/05/2025,1279.00,HJAM4SK,Appartement ∙ 3 chambres ∙ 6 personnes,Nendaz - Valais
19/09/2024,10/05/2025,17/05/2025,1279.00,HJAM4SK,Appartement ∙ 3 chambres ∙ 6 personnes,Nendaz - Valais
19/09/2024,21/09/2024,28/09/2024,1426.20,HVJE6U2,52 m² Appartement ∙ 2 chambres ∙ 4 personnes,Saas Fee - Valais
19/09/2024,28/09/2024,05/10/2024,1426.20,HVJE6U2,52 m² Appartement ∙ 2 chambres ∙ 4 personnes,Saas Fee - Valais
19/09/2024,05/10/2024,12/10/2024,1426.20,HVJE6U2,52 m² Appartement ∙ 2 chambres ∙ 4 personnes,Saas Fee - Valais
19/09/2024,12/10/2024,19/10/2024,1426.20,HVJE6U2,52 m² Appartement ∙ 2 chambres ∙ 4 personnes,Saas Fee - Valais
19/09/2024,19/10/2024,26/10/2024,1426.20,HVJE6U2,52 m² Appartement ∙ 2 chambres ∙ 4 personnes,Saas Fee - Valais
19/09/2024,26/10/2024,02/11/2024,1426.20,HVJE6U2,52 m² Appartement ∙ 2 chambres ∙ 4 personnes,Saas Fee - Valais
19/09/2024,02/11/2024,09/11/2024,1426.20,HVJE6U2,52 m² Appartement ∙ 2 chambres ∙ 4 personnes,Saas Fee - Valais
19/09/2024,09/11/2024,16/11/2024,1426.20,HVJE6U2,52 m² Appartement ∙ 2 chambres ∙ 4 personnes,Saas Fee - Valais
19/09/2024,16/11/2024,23/11/2024,1426.20,HVJE6U2,52 m² Appartement ∙ 2 chambres ∙ 4 personnes,Saas Fee - Valais
19/09/2024,23/11/2024,30/11/2024,1426.20,HVJE6U2,52 m² Appartement ∙ 2 chambres ∙ 4 personnes,Saas Fee - Valais
19/09/2024,30/11/2024,07/12/2024,1426.20,HVJE6U2,52 m² Appartement ∙ 2 chambres ∙ 4 personnes,Saas Fee - Valais
19/09/2024,07/12/2024,14/12/2024,1426.20,HVJE6U2,52 m² Appartement ∙ 2 chambres ∙ 4 personnes,Saas Fee - Valais
19/09/2024,14/12/2024,21/12/2024,1426.20,HVJE6U2,52 m² Appartement ∙ 2 chambres ∙ 4 personnes,Saas Fee - Valais
19/09/2024,04/01/2025,11/01/2025,1267.74,HVJE6U2,52 m² Appartement ∙ 2 chambres ∙ 4 personnes,Saas Fee - Valais
19/09/2024,11/01/2025,18/01/2025,1267.74,HVJE6U2,52 m² Appartement ∙ 2 chambres ∙ 4 personnes,Saas Fee - Valais
19/09/2024,18/01/2025,25/01/2025,1267.74,HVJE6U2,52 m² Appartement ∙ 2 chambres ∙ 4 personnes,Saas Fee - Valais
19/09/2024,25/01/2025,01/02/2025,1267.74,HVJE6U2,52 m² Appartement ∙ 2 chambres ∙ 4 personnes,Saas Fee - Valais
19/09/2024,01/03/2025,08/03/2025,1545.05,HVJE6U2,52 m² Appartement ∙ 2 chambres ∙ 4 personnes,Saas Fee - Valais
19/09/2024,08/03/2025,15/03/2025,1267.74,HVJE6U2,52 m² Appartement ∙ 2 chambres ∙ 4 personnes,Saas Fee - Valais
19/09/2024,15/03/2025,22/03/2025,1267.74,HVJE6U2,52 m² Appartement ∙ 2 chambres ∙ 4 personnes,Saas Fee - Valais
19/09/2024,22/03/2025,29/03/2025,1267.74,HVJE6U2,52 m² Appartement ∙ 2 chambres ∙ 4 personnes,Saas Fee - Valais
19/09/2024,29/03/2025,05/04/2025,1267.74,HVJE6U2,52 m² Appartement ∙ 2 chambres ∙ 4 personnes,Saas Fee - Valais
19/09/2024,05/04/2025,12/04/2025,1267.74,HVJE6U2,52 m² Appartement ∙ 2 chambres ∙ 4 personnes,Saas Fee - Valais
19/09/2024,12/04/2025,19/04/2025,1426.20,HVJE6U2,52 m² Appartement ∙ 2 chambres ∙ 4 personnes,Saas Fee - Valais
19/09/2024,19/04/2025,26/04/2025,1426.20,HVJE6U2,52 m² Appartement ∙ 2 chambres ∙ 4 personnes,Saas Fee - Valais
19/09/2024,04/01/2025,11/01/2025,1620.42,H8PL4TF,130 m² Appartement ∙ 3 chambres ∙ 8 personnes,Vex - Valais
19/09/2024,11/01/2025,18/01/2025,1620.42,H8PL4TF,130 m² Appartement ∙ 3 chambres ∙ 8 personnes,Vex - Valais
19/09/2024,18/01/2025,25/01/2025,1620.42,H8PL4TF,130 m² Appartement ∙ 3 chambres ∙ 8 personnes,Vex - Valais
19/09/2024,08/02/2025,15/02/2025,2089.22,H8PL4TF,130 m² Appartement ∙ 3 chambres ∙ 8 personnes,Vex - Valais
19/09/2024,15/02/2025,22/02/2025,2914.72,H8PL4TF,130 m² Appartement ∙ 3 chambres ∙ 8 personnes,Vex - Valais
19/09/2024,01/03/2025,08/03/2025,2914.72,H8PL4TF,130 m² Appartement ∙ 3 chambres ∙ 8 personnes,Vex - Valais
19/09/2024,08/03/2025,15/03/2025,2089.22,H8PL4TF,130 m² Appartement ∙ 3 chambres ∙ 8 personnes,Vex - Valais
19/09/2024,15/03/2025,22/03/2025,1620.42,H8PL4TF,130 m² Appartement ∙ 3 chambres ∙ 8 personnes,Vex - Valais
19/09/2024,22/03/2025,29/03/2025,1620.42,H8PL4TF,130 m² Appartement ∙ 3 chambres ∙ 8 personnes,Vex - Valais
19/09/2024,29/03/2025,05/04/2025,1620.42,H8PL4TF,130 m² Appartement ∙ 3 chambres ∙ 8 personnes,Vex - Valais
19/09/2024,05/04/2025,12/04/2025,1620.42,H8PL4TF,130 m² Appartement ∙ 3 chambres ∙ 8 personnes,Vex - Valais
19/09/2024,12/04/2025,19/04/2025,1620.42,H8PL4TF,130 m² Appartement ∙ 3 chambres ∙ 8 personnes,Vex - Valais
19/09/2024,19/04/2025,26/04/2025,1620.42,H8PL4TF,130 m² Appartement ∙ 3 chambres ∙ 8 personnes,Vex - Valais
19/09/2024,05/10/2024,12/10/2024,815.31,HARXFHW,40 m² Appartement ∙ 1 chambre ∙ 3 personnes,Crans-Montana - Valais
19/09/2024,12/10/2024,19/10/2024,815.31,HARXFHW,40 m² Appartement ∙ 1 chambre ∙ 3 personnes,Crans-Montana - Valais
19/09/2024,19/10/2024,26/10/2024,815.31,HARXFHW,40 m² Appartement ∙ 1 chambre ∙ 3 personnes,Crans-Montana - Valais
19/09/2024,21/12/2024,28/12/2024,1477.75,HARXFHW,40 m² Appartement ∙ 1 chambre ∙ 3 personnes,Crans-Montana - Valais
19/09/2024,28/12/2024,04/01/2025,1477.75,HARXFHW,40 m² Appartement ∙ 1 chambre ∙ 3 personnes,Crans-Montana - Valais
19/09/2024,08/02/2025,15/02/2025,917.97,HARXFHW,40 m² Appartement ∙ 1 chambre ∙ 3 personnes,Crans-Montana - Valais
19/09/2024,21/09/2024,28/09/2024,1012.48,HH0NRD7,30 m² Appartement ∙ 1 chambre ∙ 2 personnes,Saas Fee - Valais
19/09/2024,28/09/2024,05/10/2024,1012.48,HH0NRD7,30 m² Appartement ∙ 1 chambre ∙ 2 personnes,Saas Fee - Valais
19/09/2024,05/10/2024,12/10/2024,1012.48,HH0NRD7,30 m² Appartement ∙ 1 chambre ∙ 2 personnes,Saas Fee - Valais
19/09/2024,30/11/2024,07/12/2024,1744.56,H94DNR1,115 m² Appartement ∙ 3 chambres ∙ 8 personnes,Saas Fee - Valais
19/09/2024,11/01/2025,18/01/2025,2141.06,H94DNR1,115 m² Appartement ∙ 3 chambres ∙ 8 personnes,Saas Fee - Valais
19/09/2024,18/01/2025,25/01/2025,2141.06,H94DNR1,115 m² Appartement ∙ 3 chambres ∙ 8 personnes,Saas Fee - Valais
19/09/2024,01/02/2025,08/02/2025,3489.13,H94DNR1,115 m² Appartement ∙ 3 chambres ∙ 8 personnes,Saas Fee - Valais
19/09/2024,01/03/2025,08/03/2025,3647.72,H94DNR1,115 m² Appartement ∙ 3 chambres ∙ 8 personnes,Saas Fee - Valais
19/09/2024,29/03/2025,05/04/2025,2141.06,H94DNR1,115 m² Appartement ∙ 3 chambres ∙ 8 personnes,Saas Fee - Valais
19/09/2024,05/04/2025,12/04/2025,2141.06,H94DNR1,115 m² Appartement ∙ 3 chambres ∙ 8 personnes,Saas Fee - Valais
19/09/2024,12/04/2025,19/04/2025,3013.34,H94DNR1,115 m² Appartement ∙ 3 chambres ∙ 8 personnes,Saas Fee - Valais
19/09/2024,19/04/2025,26/04/2025,3013.34,H94DNR1,115 m² Appartement ∙ 3 chambres ∙ 8 personnes,Saas Fee - Valais
19/09/2024,16/11/2024,23/11/2024,1241.78,HCB56P4,115 m² Maison de vacances ∙ 3 chambres ∙ 6 personnes,Val-d'Illiez - Valais
19/09/2024,23/11/2024,30/11/2024,1241.78,HCB56P4,115 m² Maison de vacances ∙ 3 chambres ∙ 6 personnes,Val-d'Illiez - Valais
19/09/2024,30/11/2024,07/12/2024,1241.78,HCB56P4,115 m² Maison de vacances ∙ 3 chambres ∙ 6 personnes,Val-d'Illiez - Valais
19/09/2024,07/12/2024,14/12/2024,1241.78,HCB56P4,115 m² Maison de vacances ∙ 3 chambres ∙ 6 personnes,Val-d'Illiez - Valais
19/09/2024,11/01/2025,18/01/2025,1372.31,HCB56P4,115 m² Maison de vacances ∙ 3 chambres ∙ 6 personnes,Val-d'Illiez - Valais
19/09/2024,18/01/2025,25/01/2025,1541.14,HCB56P4,115 m² Maison de vacances ∙ 3 chambres ∙ 6 personnes,Val-d'Illiez - Valais
19/09/2024,01/02/2025,08/02/2025,1931.60,HCB56P4,115 m² Maison de vacances ∙ 3 chambres ∙ 6 personnes,Val-d'Illiez - Valais
19/09/2024,22/02/2025,01/03/2025,2459.77,HCB56P4,115 m² Maison de vacances ∙ 3 chambres ∙ 6 personnes,Val-d'Illiez - Valais
19/09/2024,15/03/2025,22/03/2025,1372.31,HCB56P4,115 m² Maison de vacances ∙ 3 chambres ∙ 6 personnes,Val-d'Illiez - Valais
19/09/2024,22/03/2025,29/03/2025,1241.78,HCB56P4,115 m² Maison de vacances ∙ 3 chambres ∙ 6 personnes,Val-d'Illiez - Valais
19/09/2024,29/03/2025,05/04/2025,1241.78,HCB56P4,115 m² Maison de vacances ∙ 3 chambres ∙ 6 personnes,Val-d'Illiez - Valais
19/09/2024,05/04/2025,12/04/2025,1241.78,HCB56P4,115 m² Maison de vacances ∙ 3 chambres ∙ 6 personnes,Val-d'Illiez - Valais
19/09/2024,12/04/2025,19/04/2025,1241.78,HCB56P4,115 m² Maison de vacances ∙ 3 chambres ∙ 6 personnes,Val-d'Illiez - Valais
19/09/2024,19/04/2025,26/04/2025,1241.78,HCB56P4,115 m² Maison de vacances ∙ 3 chambres ∙ 6 personnes,Val-d'Illiez - Valais
19/09/2024,26/04/2025,03/05/2025,1241.78,HCB56P4,115 m² Maison de vacances ∙ 3 chambres ∙ 6 personnes,Val-d'Illiez - Valais
19/09/2024,21/09/2024,28/09/2024,951.58,HXHG1RF,58 m² Appartement ∙ 2 chambres ∙ 4 personnes,Saas Grund - Valais
19/09/2024,28/09/2024,05/10/2024,951.58,HXHG1RF,58 m² Appartement ∙ 2 chambres ∙ 4 personnes,Saas Grund - Valais
19/09/2024,05/10/2024,12/10/2024,951.58,HXHG1RF,58 m² Appartement ∙ 2 chambres ∙ 4 personnes,Saas Grund - Valais
19/09/2024,12/10/2024,19/10/2024,951.58,HXHG1RF,58 m² Appartement ∙ 2 chambres ∙ 4 personnes,Saas Grund - Valais
19/09/2024,21/12/2024,28/12/2024,1189.48,HXHG1RF,58 m² Appartement ∙ 2 chambres ∙ 4 personnes,Saas Grund - Valais
19/09/2024,25/01/2025,01/02/2025,1110.18,HXHG1RF,58 m² Appartement ∙ 2 chambres ∙ 4 personnes,Saas Grund - Valais
19/09/2024,22/02/2025,01/03/2025,1268.78,HXHG1RF,58 m² Appartement ∙ 2 chambres ∙ 4 personnes,Saas Grund - Valais
19/09/2024,01/03/2025,08/03/2025,1268.78,HXHG1RF,58 m² Appartement ∙ 2 chambres ∙ 4 personnes,Saas Grund - Valais
19/09/2024,08/03/2025,15/03/2025,1030.88,HXHG1RF,58 m² Appartement ∙ 2 chambres ∙ 4 personnes,Saas Grund - Valais
19/09/2024,12/04/2025,19/04/2025,1110.18,HXHG1RF,58 m² Appartement ∙ 2 chambres ∙ 4 personnes,Saas Grund - Valais
19/09/2024,19/04/2025,26/04/2025,1110.18,HXHG1RF,58 m² Appartement ∙ 2 chambres ∙ 4 personnes,Saas Grund - Valais
19/09/2024,28/09/2024,05/10/2024,1506.67,H6PF09C,145 m² Appartement ∙ 5 chambres ∙ 8 personnes,Saas-Almagell - Valais
19/09/2024,05/10/2024,12/10/2024,1506.67,H6PF09C,145 m² Appartement ∙ 5 chambres ∙ 8 personnes,Saas-Almagell - Valais
19/09/2024,12/10/2024,19/10/2024,1506.67,H6PF09C,145 m² Appartement ∙ 5 chambres ∙ 8 personnes,Saas-Almagell - Valais
19/09/2024,19/10/2024,26/10/2024,1336.75,H6PF09C,145 m² Appartement ∙ 5 chambres ∙ 8 personnes,Saas-Almagell - Valais
19/09/2024,26/10/2024,02/11/2024,1268.78,H6PF09C,145 m² Appartement ∙ 5 chambres ∙ 8 personnes,Saas-Almagell - Valais
19/09/2024,02/11/2024,09/11/2024,1268.78,H6PF09C,145 m² Appartement ∙ 5 chambres ∙ 8 personnes,Saas-Almagell - Valais
19/09/2024,09/11/2024,16/11/2024,1268.78,H6PF09C,145 m² Appartement ∙ 5 chambres ∙ 8 personnes,Saas-Almagell - Valais
19/09/2024,16/11/2024,23/11/2024,1268.78,H6PF09C,145 m² Appartement ∙ 5 chambres ∙ 8 personnes,Saas-Almagell - Valais
19/09/2024,23/11/2024,30/11/2024,1268.78,H6PF09C,145 m² Appartement ∙ 5 chambres ∙ 8 personnes,Saas-Almagell - Valais
19/09/2024,30/11/2024,07/12/2024,1585.97,H6PF09C,145 m² Appartement ∙ 5 chambres ∙ 8 personnes,Saas-Almagell - Valais
19/09/2024,07/12/2024,14/12/2024,1585.97,H6PF09C,145 m² Appartement ∙ 5 chambres ∙ 8 personnes,Saas-Almagell - Valais
19/09/2024,14/12/2024,21/12/2024,1585.97,H6PF09C,145 m² Appartement ∙ 5 chambres ∙ 8 personnes,Saas-Almagell - Valais
19/09/2024,21/12/2024,28/12/2024,1585.97,H6PF09C,145 m² Appartement ∙ 5 chambres ∙ 8 personnes,Saas-Almagell - Valais
19/09/2024,04/01/2025,11/01/2025,1585.97,H6PF09C,145 m² Appartement ∙ 5 chambres ∙ 8 personnes,Saas-Almagell - Valais
19/09/2024,15/03/2025,22/03/2025,1584.19,H6PF09C,145 m² Appartement ∙ 5 chambres ∙ 8 personnes,Saas-Almagell - Valais
19/09/2024,22/03/2025,29/03/2025,1584.19,H6PF09C,145 m² Appartement ∙ 5 chambres ∙ 8 personnes,Saas-Almagell - Valais
19/09/2024,29/03/2025,05/04/2025,1584.19,H6PF09C,145 m² Appartement ∙ 5 chambres ∙ 8 personnes,Saas-Almagell - Valais
19/09/2024,05/04/2025,12/04/2025,1584.19,H6PF09C,145 m² Appartement ∙ 5 chambres ∙ 8 personnes,Saas-Almagell - Valais
19/09/2024,12/04/2025,19/04/2025,1584.19,H6PF09C,145 m² Appartement ∙ 5 chambres ∙ 8 personnes,Saas-Almagell - Valais
19/09/2024,19/04/2025,26/04/2025,1584.19,H6PF09C,145 m² Appartement ∙ 5 chambres ∙ 8 personnes,Saas-Almagell - Valais
19/09/2024,26/04/2025,03/05/2025,1584.19,H6PF09C,145 m² Appartement ∙ 5 chambres ∙ 8 personnes,Saas-Almagell - Valais
19/09/2024,03/05/2025,10/05/2025,1584.19,H6PF09C,145 m² Appartement ∙ 5 chambres ∙ 8 personnes,Saas-Almagell - Valais
19/09/2024,10/05/2025,17/05/2025,1584.19,H6PF09C,145 m² Appartement ∙ 5 chambres ∙ 8 personnes,Saas-Almagell - Valais
19/09/2024,28/09/2024,05/10/2024,762.48,HRWZU24,Appartement ∙ 1 chambre ∙ 2 personnes,Zermatt - Valais
19/09/2024,05/10/2024,12/10/2024,762.48,HRWZU24,Appartement ∙ 1 chambre ∙ 2 personnes,Zermatt - Valais
19/09/2024,02/11/2024,09/11/2024,762.48,HRWZU24,Appartement ∙ 1 chambre ∙ 2 personnes,Zermatt - Valais
19/09/2024,09/11/2024,16/11/2024,762.48,HRWZU24,Appartement ∙ 1 chambre ∙ 2 personnes,Zermatt - Valais
19/09/2024,16/11/2024,23/11/2024,762.48,HRWZU24,Appartement ∙ 1 chambre ∙ 2 personnes,Zermatt - Valais
19/09/2024,23/11/2024,30/11/2024,762.48,HRWZU24,Appartement ∙ 1 chambre ∙ 2 personnes,Zermatt - Valais
19/09/2024,30/11/2024,07/12/2024,1162.23,HRWZU24,Appartement ∙ 1 chambre ∙ 2 personnes,Zermatt - Valais
19/09/2024,07/12/2024,14/12/2024,1162.23,HRWZU24,Appartement ∙ 1 chambre ∙ 2 personnes,Zermatt - Valais
19/09/2024,14/12/2024,21/12/2024,1162.23,HRWZU24,Appartement ∙ 1 chambre ∙ 2 personnes,Zermatt - Valais
19/09/2024,15/02/2025,22/02/2025,1650.82,HRWZU24,Appartement ∙ 1 chambre ∙ 2 personnes,Zermatt - Valais
19/09/2024,22/03/2025,29/03/2025,1650.82,HRWZU24,Appartement ∙ 1 chambre ∙ 2 personnes,Zermatt - Valais
19/09/2024,29/03/2025,05/04/2025,1650.82,HRWZU24,Appartement ∙ 1 chambre ∙ 2 personnes,Zermatt - Valais
19/09/2024,05/04/2025,12/04/2025,1650.82,HRWZU24,Appartement ∙ 1 chambre ∙ 2 personnes,Zermatt - Valais
19/09/2024,12/04/2025,19/04/2025,1650.82,HRWZU24,Appartement ∙ 1 chambre ∙ 2 personnes,Zermatt - Valais
19/09/2024,19/04/2025,26/04/2025,1162.23,HRWZU24,Appartement ∙ 1 chambre ∙ 2 personnes,Zermatt - Valais
19/09/2024,26/04/2025,03/05/2025,762.48,HRWZU24,Appartement ∙ 1 chambre ∙ 2 personnes,Zermatt - Valais
19/09/2024,05/10/2024,12/10/2024,1085.02,HTFYEWV,73 m² Appartement ∙ 2 chambres ∙ 4 personnes,Lens - Valais
19/09/2024,12/10/2024,19/10/2024,1120.71,HTFYEWV,73 m² Appartement ∙ 2 chambres ∙ 4 personnes,Lens - Valais
19/09/2024,19/10/2024,26/10/2024,1244.66,HTFYEWV,73 m² Appartement ∙ 2 chambres ∙ 4 personnes,Lens - Valais
19/09/2024,26/10/2024,02/11/2024,1252.93,HTFYEWV,73 m² Appartement ∙ 2 chambres ∙ 4 personnes,Lens - Valais
19/09/2024,02/11/2024,09/11/2024,1225.04,HTFYEWV,73 m² Appartement ∙ 2 chambres ∙ 4 personnes,Lens - Valais
19/09/2024,09/11/2024,16/11/2024,1260.16,HTFYEWV,73 m² Appartement ∙ 2 chambres ∙ 4 personnes,Lens - Valais
19/09/2024,16/11/2024,23/11/2024,1321.09,HTFYEWV,73 m² Appartement ∙ 2 chambres ∙ 4 personnes,Lens - Valais
19/09/2024,23/11/2024,30/11/2024,1355.18,HTFYEWV,73 m² Appartement ∙ 2 chambres ∙ 4 personnes,Lens - Valais
19/09/2024,30/11/2024,07/12/2024,1473.97,HTFYEWV,73 m² Appartement ∙ 2 chambres ∙ 4 personnes,Lens - Valais
19/09/2024,07/12/2024,14/12/2024,1448.15,HTFYEWV,73 m² Appartement ∙ 2 chambres ∙ 4 personnes,Lens - Valais
19/09/2024,14/12/2024,21/12/2024,1866.47,HTFYEWV,73 m² Appartement ∙ 2 chambres ∙ 4 personnes,Lens - Valais
19/09/2024,21/12/2024,28/12/2024,2842.57,HTFYEWV,73 m² Appartement ∙ 2 chambres ∙ 4 personnes,Lens - Valais
19/09/2024,04/01/2025,11/01/2025,2892.15,HTFYEWV,73 m² Appartement ∙ 2 chambres ∙ 4 personnes,Lens - Valais
19/09/2024,11/01/2025,18/01/2025,1772.48,HTFYEWV,73 m² Appartement ∙ 2 chambres ∙ 4 personnes,Lens - Valais
19/09/2024,18/01/2025,25/01/2025,1978.03,HTFYEWV,73 m² Appartement ∙ 2 chambres ∙ 4 personnes,Lens - Valais
19/09/2024,25/01/2025,01/02/2025,2093.12,HTFYEWV,73 m² Appartement ∙ 2 chambres ∙ 4 personnes,Lens - Valais
19/09/2024,01/02/2025,08/02/2025,2095.19,HTFYEWV,73 m² Appartement ∙ 2 chambres ∙ 4 personnes,Lens - Valais
19/09/2024,08/02/2025,15/02/2025,2786.35,HTFYEWV,73 m² Appartement ∙ 2 chambres ∙ 4 personnes,Lens - Valais
19/09/2024,15/02/2025,22/02/2025,2897.05,HTFYEWV,73 m² Appartement ∙ 2 chambres ∙ 4 personnes,Lens - Valais
19/09/2024,22/02/2025,01/03/2025,2897.05,HTFYEWV,73 m² Appartement ∙ 2 chambres ∙ 4 personnes,Lens - Valais
19/09/2024,01/03/2025,08/03/2025,2870.14,HTFYEWV,73 m² Appartement ∙ 2 chambres ∙ 4 personnes,Lens - Valais
19/09/2024,08/03/2025,15/03/2025,1918.26,HTFYEWV,73 m² Appartement ∙ 2 chambres ∙ 4 personnes,Lens - Valais
19/09/2024,15/03/2025,22/03/2025,1821.00,HTFYEWV,73 m² Appartement ∙ 2 chambres ∙ 4 personnes,Lens - Valais
19/09/2024,22/03/2025,29/03/2025,1573.72,HTFYEWV,73 m² Appartement ∙ 2 chambres ∙ 4 personnes,Lens - Valais
19/09/2024,29/03/2025,05/04/2025,1802.38,HTFYEWV,73 m² Appartement ∙ 2 chambres ∙ 4 personnes,Lens - Valais
19/09/2024,05/04/2025,12/04/2025,1760.99,HTFYEWV,73 m² Appartement ∙ 2 chambres ∙ 4 personnes,Lens - Valais
19/09/2024,12/04/2025,19/04/2025,1897.58,HTFYEWV,73 m² Appartement ∙ 2 chambres ∙ 4 personnes,Lens - Valais
19/09/2024,19/04/2025,26/04/2025,1791.00,HTFYEWV,73 m² Appartement ∙ 2 chambres ∙ 4 personnes,Lens - Valais
19/09/2024,26/04/2025,03/05/2025,1707.20,HTFYEWV,73 m² Appartement ∙ 2 chambres ∙ 4 personnes,Lens - Valais
19/09/2024,03/05/2025,10/05/2025,1652.36,HTFYEWV,73 m² Appartement ∙ 2 chambres ∙ 4 personnes,Lens - Valais
19/09/2024,10/05/2025,17/05/2025,1473.36,HTFYEWV,73 m² Appartement ∙ 2 chambres ∙ 4 personnes,Lens - Valais
19/09/2024,21/09/2024,28/09/2024,661.00,HWV8J47,25 m² Appartement ∙ 1 chambre ∙ 2 personnes,Orsières - Valais
19/09/2024,12/10/2024,19/10/2024,661.00,HWV8J47,25 m² Appartement ∙ 1 chambre ∙ 2 personnes,Orsières - Valais
19/09/2024,19/10/2024,26/10/2024,661.00,HWV8J47,25 m² Appartement ∙ 1 chambre ∙ 2 personnes,Orsières - Valais
19/09/2024,14/12/2024,21/12/2024,688.00,HWV8J47,25 m² Appartement ∙ 1 chambre ∙ 2 personnes,Orsières - Valais
19/09/2024,21/12/2024,28/12/2024,1301.00,HWV8J47,25 m² Appartement ∙ 1 chambre ∙ 2 personnes,Orsières - Valais
19/09/2024,28/12/2024,04/01/2025,1301.00,HWV8J47,25 m² Appartement ∙ 1 chambre ∙ 2 personnes,Orsières - Valais
19/09/2024,04/01/2025,11/01/2025,863.00,HWV8J47,25 m² Appartement ∙ 1 chambre ∙ 2 personnes,Orsières - Valais
19/09/2024,11/01/2025,18/01/2025,863.00,HWV8J47,25 m² Appartement ∙ 1 chambre ∙ 2 personnes,Orsières - Valais
19/09/2024,18/01/2025,25/01/2025,863.00,HWV8J47,25 m² Appartement ∙ 1 chambre ∙ 2 personnes,Orsières - Valais
19/09/2024,25/01/2025,01/02/2025,863.00,HWV8J47,25 m² Appartement ∙ 1 chambre ∙ 2 personnes,Orsières - Valais
19/09/2024,01/02/2025,08/02/2025,1265.00,HWV8J47,25 m² Appartement ∙ 1 chambre ∙ 2 personnes,Orsières - Valais
19/09/2024,08/02/2025,15/02/2025,1265.00,HWV8J47,25 m² Appartement ∙ 1 chambre ∙ 2 personnes,Orsières - Valais
19/09/2024,15/02/2025,22/02/2025,1388.00,HWV8J47,25 m² Appartement ∙ 1 chambre ∙ 2 personnes,Orsières - Valais
19/09/2024,22/02/2025,01/03/2025,1388.00,HWV8J47,25 m² Appartement ∙ 1 chambre ∙ 2 personnes,Orsières - Valais
19/09/2024,01/03/2025,08/03/2025,1388.00,HWV8J47,25 m² Appartement ∙ 1 chambre ∙ 2 personnes,Orsières - Valais
19/09/2024,08/03/2025,15/03/2025,688.00,HWV8J47,25 m² Appartement ∙ 1 chambre ∙ 2 personnes,Orsières - Valais
19/09/2024,15/03/2025,22/03/2025,688.00,HWV8J47,25 m² Appartement ∙ 1 chambre ∙ 2 personnes,Orsières - Valais
19/09/2024,22/03/2025,29/03/2025,688.00,HWV8J47,25 m² Appartement ∙ 1 chambre ∙ 2 personnes,Orsières - Valais
19/09/2024,29/03/2025,05/04/2025,688.00,HWV8J47,25 m² Appartement ∙ 1 chambre ∙ 2 personnes,Orsières - Valais
19/09/2024,05/04/2025,12/04/2025,688.00,HWV8J47,25 m² Appartement ∙ 1 chambre ∙ 2 personnes,Orsières - Valais
19/09/2024,12/04/2025,19/04/2025,863.00,HWV8J47,25 m² Appartement ∙ 1 chambre ∙ 2 personnes,Orsières - Valais
19/09/2024,19/04/2025,26/04/2025,863.00,HWV8J47,25 m² Appartement ∙ 1 chambre ∙ 2 personnes,Orsières - Valais
19/09/2024,26/04/2025,03/05/2025,688.00,HWV8J47,25 m² Appartement ∙ 1 chambre ∙ 2 personnes,Orsières - Valais
19/09/2024,03/05/2025,10/05/2025,688.00,HWV8J47,25 m² Appartement ∙ 1 chambre ∙ 2 personnes,Orsières - Valais
19/09/2024,10/05/2025,17/05/2025,688.00,HWV8J47,25 m² Appartement ∙ 1 chambre ∙ 2 personnes,Orsières - Valais
19/09/2024,16/11/2024,23/11/2024,1651.97,HE9DB62,95 m² Maison de vacances ∙ 4 chambres ∙ 10 personnes,Hérémence - Valais
19/09/2024,23/11/2024,30/11/2024,1651.97,HE9DB62,95 m² Maison de vacances ∙ 4 chambres ∙ 10 personnes,Hérémence - Valais
19/09/2024,30/11/2024,07/12/2024,1651.97,HE9DB62,95 m² Maison de vacances ∙ 4 chambres ∙ 10 personnes,Hérémence - Valais
19/09/2024,07/12/2024,14/12/2024,1651.97,HE9DB62,95 m² Maison de vacances ∙ 4 chambres ∙ 10 personnes,Hérémence - Valais
19/09/2024,14/12/2024,21/12/2024,1651.97,HE9DB62,95 m² Maison de vacances ∙ 4 chambres ∙ 10 personnes,Hérémence - Valais
19/09/2024,04/01/2025,11/01/2025,1651.97,HE9DB62,95 m² Maison de vacances ∙ 4 chambres ∙ 10 personnes,Hérémence - Valais
19/09/2024,11/01/2025,18/01/2025,1651.97,HE9DB62,95 m² Maison de vacances ∙ 4 chambres ∙ 10 personnes,Hérémence - Valais
19/09/2024,18/01/2025,25/01/2025,1651.97,HE9DB62,95 m² Maison de vacances ∙ 4 chambres ∙ 10 personnes,Hérémence - Valais
19/09/2024,01/02/2025,08/02/2025,2139.75,HE9DB62,95 m² Maison de vacances ∙ 4 chambres ∙ 10 personnes,Hérémence - Valais
19/09/2024,15/02/2025,22/02/2025,3200.33,HE9DB62,95 m² Maison de vacances ∙ 4 chambres ∙ 10 personnes,Hérémence - Valais
19/09/2024,01/03/2025,08/03/2025,3200.33,HE9DB62,95 m² Maison de vacances ∙ 4 chambres ∙ 10 personnes,Hérémence - Valais
19/09/2024,08/03/2025,15/03/2025,1651.97,HE9DB62,95 m² Maison de vacances ∙ 4 chambres ∙ 10 personnes,Hérémence - Valais
19/09/2024,15/03/2025,22/03/2025,1651.97,HE9DB62,95 m² Maison de vacances ∙ 4 chambres ∙ 10 personnes,Hérémence - Valais
19/09/2024,22/03/2025,29/03/2025,1651.97,HE9DB62,95 m² Maison de vacances ∙ 4 chambres ∙ 10 personnes,Hérémence - Valais
19/09/2024,29/03/2025,05/04/2025,1651.97,HE9DB62,95 m² Maison de vacances ∙ 4 chambres ∙ 10 personnes,Hérémence - Valais
19/09/2024,05/04/2025,12/04/2025,1651.97,HE9DB62,95 m² Maison de vacances ∙ 4 chambres ∙ 10 personnes,Hérémence - Valais
19/09/2024,12/04/2025,19/04/2025,1651.97,HE9DB62,95 m² Maison de vacances ∙ 4 chambres ∙ 10 personnes,Hérémence - Valais
19/09/2024,19/04/2025,26/04/2025,1651.97,HE9DB62,95 m² Maison de vacances ∙ 4 chambres ∙ 10 personnes,Hérémence - Valais
19/09/2024,21/09/2024,28/09/2024,815.66,H23NL74,Appartement ∙ 2 chambres ∙ 4 personnes,Grächen - Valais
19/09/2024,28/09/2024,05/10/2024,815.66,H23NL74,Appartement ∙ 2 chambres ∙ 4 personnes,Grächen - Valais
19/09/2024,05/10/2024,12/10/2024,815.66,H23NL74,Appartement ∙ 2 chambres ∙ 4 personnes,Grächen - Valais
19/09/2024,12/10/2024,19/10/2024,815.66,H23NL74,Appartement ∙ 2 chambres ∙ 4 personnes,Grächen - Valais
19/09/2024,19/10/2024,26/10/2024,815.03,H23NL74,Appartement ∙ 2 chambres ∙ 4 personnes,Grächen - Valais
19/09/2024,26/10/2024,02/11/2024,815.66,H23NL74,Appartement ∙ 2 chambres ∙ 4 personnes,Grächen - Valais
19/09/2024,02/11/2024,09/11/2024,815.66,H23NL74,Appartement ∙ 2 chambres ∙ 4 personnes,Grächen - Valais
19/09/2024,09/11/2024,16/11/2024,815.66,H23NL74,Appartement ∙ 2 chambres ∙ 4 personnes,Grächen - Valais
19/09/2024,16/11/2024,23/11/2024,815.03,H23NL74,Appartement ∙ 2 chambres ∙ 4 personnes,Grächen - Valais
19/09/2024,23/11/2024,30/11/2024,815.03,H23NL74,Appartement ∙ 2 chambres ∙ 4 personnes,Grächen - Valais
19/09/2024,30/11/2024,07/12/2024,1069.89,H23NL74,Appartement ∙ 2 chambres ∙ 4 personnes,Grächen - Valais
19/09/2024,07/12/2024,14/12/2024,1112.26,H23NL74,Appartement ∙ 2 chambres ∙ 4 personnes,Grächen - Valais
19/09/2024,14/12/2024,21/12/2024,1112.26,H23NL74,Appartement ∙ 2 chambres ∙ 4 personnes,Grächen - Valais
19/09/2024,08/03/2025,15/03/2025,1112.26,H23NL74,Appartement ∙ 2 chambres ∙ 4 personnes,Grächen - Valais
19/09/2024,15/03/2025,22/03/2025,1112.26,H23NL74,Appartement ∙ 2 chambres ∙ 4 personnes,Grächen - Valais
19/09/2024,22/03/2025,29/03/2025,1112.26,H23NL74,Appartement ∙ 2 chambres ∙ 4 personnes,Grächen - Valais
19/09/2024,29/03/2025,05/04/2025,1112.26,H23NL74,Appartement ∙ 2 chambres ∙ 4 personnes,Grächen - Valais
19/09/2024,05/04/2025,12/04/2025,1111.40,H23NL74,Appartement ∙ 2 chambres ∙ 4 personnes,Grächen - Valais
19/09/2024,12/04/2025,19/04/2025,1111.40,H23NL74,Appartement ∙ 2 chambres ∙ 4 personnes,Grächen - Valais
19/09/2024,19/04/2025,26/04/2025,1112.26,H23NL74,Appartement ∙ 2 chambres ∙ 4 personnes,Grächen - Valais
19/09/2024,02/11/2024,09/11/2024,618.87,HU7K5J3,26 m² Appartement ∙ 1 chambre ∙ 2 personnes,Saas Fee - Valais
19/09/2024,09/11/2024,16/11/2024,618.87,HU7K5J3,26 m² Appartement ∙ 1 chambre ∙ 2 personnes,Saas Fee - Valais
19/09/2024,16/11/2024,23/11/2024,618.87,HU7K5J3,26 m² Appartement ∙ 1 chambre ∙ 2 personnes,Saas Fee - Valais
19/09/2024,23/11/2024,30/11/2024,618.38,HU7K5J3,26 m² Appartement ∙ 1 chambre ∙ 2 personnes,Saas Fee - Valais
19/09/2024,30/11/2024,07/12/2024,618.87,HU7K5J3,26 m² Appartement ∙ 1 chambre ∙ 2 personnes,Saas Fee - Valais
19/09/2024,07/12/2024,14/12/2024,618.87,HU7K5J3,26 m² Appartement ∙ 1 chambre ∙ 2 personnes,Saas Fee - Valais
19/09/2024,01/02/2025,08/02/2025,991.77,HU7K5J3,26 m² Appartement ∙ 1 chambre ∙ 2 personnes,Saas Fee - Valais
19/09/2024,08/02/2025,15/02/2025,991.00,HU7K5J3,26 m² Appartement ∙ 1 chambre ∙ 2 personnes,Saas Fee - Valais
19/09/2024,22/02/2025,01/03/2025,991.77,HU7K5J3,26 m² Appartement ∙ 1 chambre ∙ 2 personnes,Saas Fee - Valais
19/09/2024,29/03/2025,05/04/2025,872.76,HU7K5J3,26 m² Appartement ∙ 1 chambre ∙ 2 personnes,Saas Fee - Valais
19/09/2024,05/10/2024,12/10/2024,826.30,HB6M31W,60 m² Appartement ∙ 1 chambre ∙ 2 personnes,Sion - Valais
19/09/2024,12/10/2024,19/10/2024,825.65,HB6M31W,60 m² Appartement ∙ 1 chambre ∙ 2 personnes,Sion - Valais
19/09/2024,19/10/2024,26/10/2024,828.62,HB6M31W,60 m² Appartement ∙ 1 chambre ∙ 2 personnes,Sion - Valais
19/09/2024,26/10/2024,02/11/2024,826.30,HB6M31W,60 m² Appartement ∙ 1 chambre ∙ 2 personnes,Sion - Valais
19/09/2024,02/11/2024,09/11/2024,826.30,HB6M31W,60 m² Appartement ∙ 1 chambre ∙ 2 personnes,Sion - Valais
19/09/2024,09/11/2024,16/11/2024,825.65,HB6M31W,60 m² Appartement ∙ 1 chambre ∙ 2 personnes,Sion - Valais
19/09/2024,16/11/2024,23/11/2024,837.88,HB6M31W,60 m² Appartement ∙ 1 chambre ∙ 2 personnes,Sion - Valais
19/09/2024,23/11/2024,30/11/2024,876.07,HB6M31W,60 m² Appartement ∙ 1 chambre ∙ 2 personnes,Sion - Valais
19/09/2024,30/11/2024,07/12/2024,895.75,HB6M31W,60 m² Appartement ∙ 1 chambre ∙ 2 personnes,Sion - Valais
19/09/2024,07/12/2024,14/12/2024,976.75,HB6M31W,60 m² Appartement ∙ 1 chambre ∙ 2 personnes,Sion - Valais
19/09/2024,14/12/2024,21/12/2024,1176.96,HB6M31W,60 m² Appartement ∙ 1 chambre ∙ 2 personnes,Sion - Valais
19/09/2024,21/12/2024,28/12/2024,1439.67,HB6M31W,60 m² Appartement ∙ 1 chambre ∙ 2 personnes,Sion - Valais
19/09/2024,28/12/2024,04/01/2025,1955.81,HB6M31W,60 m² Appartement ∙ 1 chambre ∙ 2 personnes,Sion - Valais
19/09/2024,04/01/2025,11/01/2025,1080.91,HB6M31W,60 m² Appartement ∙ 1 chambre ∙ 2 personnes,Sion - Valais
19/09/2024,11/01/2025,18/01/2025,980.23,HB6M31W,60 m² Appartement ∙ 1 chambre ∙ 2 personnes,Sion - Valais
19/09/2024,18/01/2025,25/01/2025,1145.72,HB6M31W,60 m² Appartement ∙ 1 chambre ∙ 2 personnes,Sion - Valais
19/09/2024,25/01/2025,01/02/2025,1345.93,HB6M31W,60 m² Appartement ∙ 1 chambre ∙ 2 personnes,Sion - Valais
19/09/2024,01/02/2025,08/02/2025,1277.65,HB6M31W,60 m² Appartement ∙ 1 chambre ∙ 2 personnes,Sion - Valais
19/09/2024,08/02/2025,15/02/2025,1671.13,HB6M31W,60 m² Appartement ∙ 1 chambre ∙ 2 personnes,Sion - Valais
19/09/2024,15/02/2025,22/02/2025,1507.95,HB6M31W,60 m² Appartement ∙ 1 chambre ∙ 2 personnes,Sion - Valais
19/09/2024,22/02/2025,01/03/2025,1447.77,HB6M31W,60 m² Appartement ∙ 1 chambre ∙ 2 personnes,Sion - Valais
19/09/2024,01/03/2025,08/03/2025,1166.55,HB6M31W,60 m² Appartement ∙ 1 chambre ∙ 2 personnes,Sion - Valais
19/09/2024,08/03/2025,15/03/2025,982.54,HB6M31W,60 m² Appartement ∙ 1 chambre ∙ 2 personnes,Sion - Valais
19/09/2024,15/03/2025,22/03/2025,1315.84,HB6M31W,60 m² Appartement ∙ 1 chambre ∙ 2 personnes,Sion - Valais
19/09/2024,21/09/2024,28/09/2024,666.00,HL5612T,85 m² Appartement ∙ 3 chambres ∙ 5 personnes,Grächen - Valais
19/09/2024,28/09/2024,05/10/2024,666.00,HL5612T,85 m² Appartement ∙ 3 chambres ∙ 5 personnes,Grächen - Valais
19/09/2024,05/10/2024,12/10/2024,883.00,HL5612T,85 m² Appartement ∙ 3 chambres ∙ 5 personnes,Grächen - Valais
19/09/2024,26/10/2024,02/11/2024,883.00,HL5612T,85 m² Appartement ∙ 3 chambres ∙ 5 personnes,Grächen - Valais
19/09/2024,02/11/2024,09/11/2024,883.00,HL5612T,85 m² Appartement ∙ 3 chambres ∙ 5 personnes,Grächen - Valais
19/09/2024,09/11/2024,16/11/2024,883.00,HL5612T,85 m² Appartement ∙ 3 chambres ∙ 5 personnes,Grächen - Valais
19/09/2024,16/11/2024,23/11/2024,883.00,HL5612T,85 m² Appartement ∙ 3 chambres ∙ 5 personnes,Grächen - Valais
19/09/2024,23/11/2024,30/11/2024,883.00,HL5612T,85 m² Appartement ∙ 3 chambres ∙ 5 personnes,Grächen - Valais
19/09/2024,30/11/2024,07/12/2024,883.00,HL5612T,85 m² Appartement ∙ 3 chambres ∙ 5 personnes,Grächen - Valais
19/09/2024,07/12/2024,14/12/2024,883.00,HL5612T,85 m² Appartement ∙ 3 chambres ∙ 5 personnes,Grächen - Valais
19/09/2024,11/01/2025,18/01/2025,883.00,HL5612T,85 m² Appartement ∙ 3 chambres ∙ 5 personnes,Grächen - Valais
19/09/2024,18/01/2025,25/01/2025,883.00,HL5612T,85 m² Appartement ∙ 3 chambres ∙ 5 personnes,Grächen - Valais
19/09/2024,15/03/2025,22/03/2025,883.00,HL5612T,85 m² Appartement ∙ 3 chambres ∙ 5 personnes,Grächen - Valais
19/09/2024,22/03/2025,29/03/2025,883.00,HL5612T,85 m² Appartement ∙ 3 chambres ∙ 5 personnes,Grächen - Valais
19/09/2024,29/03/2025,05/04/2025,883.00,HL5612T,85 m² Appartement ∙ 3 chambres ∙ 5 personnes,Grächen - Valais
19/09/2024,05/04/2025,12/04/2025,883.00,HL5612T,85 m² Appartement ∙ 3 chambres ∙ 5 personnes,Grächen - Valais
19/09/2024,12/04/2025,19/04/2025,1338.00,HL5612T,85 m² Appartement ∙ 3 chambres ∙ 5 personnes,Grächen - Valais
19/09/2024,19/04/2025,26/04/2025,883.00,HL5612T,85 m² Appartement ∙ 3 chambres ∙ 5 personnes,Grächen - Valais
19/09/2024,26/04/2025,03/05/2025,883.00,HL5612T,85 m² Appartement ∙ 3 chambres ∙ 5 personnes,Grächen - Valais
19/09/2024,03/05/2025,10/05/2025,883.00,HL5612T,85 m² Appartement ∙ 3 chambres ∙ 5 personnes,Grächen - Valais
19/09/2024,10/05/2025,17/05/2025,883.00,HL5612T,85 m² Appartement ∙ 3 chambres ∙ 5 personnes,Grächen - Valais
19/09/2024,21/09/2024,28/09/2024,609.93,HRMX8C4,45 m² Appartement ∙ 1 chambre ∙ 4 personnes,Nendaz - Valais
19/09/2024,28/09/2024,05/10/2024,609.93,HRMX8C4,45 m² Appartement ∙ 1 chambre ∙ 4 personnes,Nendaz - Valais
19/09/2024,05/10/2024,12/10/2024,609.93,HRMX8C4,45 m² Appartement ∙ 1 chambre ∙ 4 personnes,Nendaz - Valais
19/09/2024,12/10/2024,19/10/2024,609.93,HRMX8C4,45 m² Appartement ∙ 1 chambre ∙ 4 personnes,Nendaz - Valais
19/09/2024,19/10/2024,26/10/2024,609.93,HRMX8C4,45 m² Appartement ∙ 1 chambre ∙ 4 personnes,Nendaz - Valais
19/09/2024,26/10/2024,02/11/2024,609.93,HRMX8C4,45 m² Appartement ∙ 1 chambre ∙ 4 personnes,Nendaz - Valais
19/09/2024,02/11/2024,09/11/2024,609.93,HRMX8C4,45 m² Appartement ∙ 1 chambre ∙ 4 personnes,Nendaz - Valais
19/09/2024,09/11/2024,16/11/2024,609.93,HRMX8C4,45 m² Appartement ∙ 1 chambre ∙ 4 personnes,Nendaz - Valais
19/09/2024,16/11/2024,23/11/2024,609.93,HRMX8C4,45 m² Appartement ∙ 1 chambre ∙ 4 personnes,Nendaz - Valais
19/09/2024,23/11/2024,30/11/2024,912.54,HRMX8C4,45 m² Appartement ∙ 1 chambre ∙ 4 personnes,Nendaz - Valais
19/09/2024,30/11/2024,07/12/2024,912.54,HRMX8C4,45 m² Appartement ∙ 1 chambre ∙ 4 personnes,Nendaz - Valais
19/09/2024,07/12/2024,14/12/2024,912.54,HRMX8C4,45 m² Appartement ∙ 1 chambre ∙ 4 personnes,Nendaz - Valais
19/09/2024,14/12/2024,21/12/2024,912.54,HRMX8C4,45 m² Appartement ∙ 1 chambre ∙ 4 personnes,Nendaz - Valais
19/09/2024,21/12/2024,28/12/2024,1556.28,HRMX8C4,45 m² Appartement ∙ 1 chambre ∙ 4 personnes,Nendaz - Valais
19/09/2024,28/12/2024,04/01/2025,2318.70,HRMX8C4,45 m² Appartement ∙ 1 chambre ∙ 4 personnes,Nendaz - Valais
19/09/2024,18/01/2025,25/01/2025,933.77,HRMX8C4,45 m² Appartement ∙ 1 chambre ∙ 4 personnes,Nendaz - Valais
19/09/2024,08/02/2025,15/02/2025,1556.28,HRMX8C4,45 m² Appartement ∙ 1 chambre ∙ 4 personnes,Nendaz - Valais
19/09/2024,15/02/2025,22/02/2025,1729.20,HRMX8C4,45 m² Appartement ∙ 1 chambre ∙ 4 personnes,Nendaz - Valais
19/09/2024,22/02/2025,01/03/2025,2318.70,HRMX8C4,45 m² Appartement ∙ 1 chambre ∙ 4 personnes,Nendaz - Valais
19/09/2024,01/03/2025,08/03/2025,2318.70,HRMX8C4,45 m² Appartement ∙ 1 chambre ∙ 4 personnes,Nendaz - Valais
19/09/2024,08/03/2025,15/03/2025,2318.70,HRMX8C4,45 m² Appartement ∙ 1 chambre ∙ 4 personnes,Nendaz - Valais
19/09/2024,29/03/2025,05/04/2025,912.54,HRMX8C4,45 m² Appartement ∙ 1 chambre ∙ 4 personnes,Nendaz - Valais
19/09/2024,05/04/2025,12/04/2025,933.77,HRMX8C4,45 m² Appartement ∙ 1 chambre ∙ 4 personnes,Nendaz - Valais
19/09/2024,12/04/2025,19/04/2025,933.77,HRMX8C4,45 m² Appartement ∙ 1 chambre ∙ 4 personnes,Nendaz - Valais
19/09/2024,19/04/2025,26/04/2025,912.54,HRMX8C4,45 m² Appartement ∙ 1 chambre ∙ 4 personnes,Nendaz - Valais
19/09/2024,21/09/2024,28/09/2024,921.37,HZ0WXB6,55 m² Chalet ∙ 2 chambres ∙ 4 personnes,Saint-Luc - Valais
19/09/2024,05/10/2024,12/10/2024,921.37,HZ0WXB6,55 m² Chalet ∙ 2 chambres ∙ 4 personnes,Saint-Luc - Valais
19/09/2024,02/11/2024,09/11/2024,921.37,HZ0WXB6,55 m² Chalet ∙ 2 chambres ∙ 4 personnes,Saint-Luc - Valais
19/09/2024,09/11/2024,16/11/2024,921.37,HZ0WXB6,55 m² Chalet ∙ 2 chambres ∙ 4 personnes,Saint-Luc - Valais
19/09/2024,16/11/2024,23/11/2024,921.37,HZ0WXB6,55 m² Chalet ∙ 2 chambres ∙ 4 personnes,Saint-Luc - Valais
19/09/2024,23/11/2024,30/11/2024,921.37,HZ0WXB6,55 m² Chalet ∙ 2 chambres ∙ 4 personnes,Saint-Luc - Valais
19/09/2024,03/05/2025,10/05/2025,1133.84,HZ0WXB6,55 m² Chalet ∙ 2 chambres ∙ 4 personnes,Saint-Luc - Valais
19/09/2024,10/05/2025,17/05/2025,1118.31,HZ0WXB6,55 m² Chalet ∙ 2 chambres ∙ 4 personnes,Saint-Luc - Valais
19/09/2024,28/09/2024,05/10/2024,370.76,HGLRCTU,Appartement ∙ 2 chambres ∙ 4 personnes,Grächen - Valais
19/09/2024,05/10/2024,12/10/2024,370.76,HGLRCTU,Appartement ∙ 2 chambres ∙ 4 personnes,Grächen - Valais
19/09/2024,12/10/2024,19/10/2024,370.76,HGLRCTU,Appartement ∙ 2 chambres ∙ 4 personnes,Grächen - Valais
19/09/2024,19/10/2024,26/10/2024,370.76,HGLRCTU,Appartement ∙ 2 chambres ∙ 4 personnes,Grächen - Valais
19/09/2024,26/10/2024,02/11/2024,370.76,HGLRCTU,Appartement ∙ 2 chambres ∙ 4 personnes,Grächen - Valais
19/09/2024,02/11/2024,09/11/2024,370.76,HGLRCTU,Appartement ∙ 2 chambres ∙ 4 personnes,Grächen - Valais
19/09/2024,09/11/2024,16/11/2024,370.76,HGLRCTU,Appartement ∙ 2 chambres ∙ 4 personnes,Grächen - Valais
19/09/2024,16/11/2024,23/11/2024,370.76,HGLRCTU,Appartement ∙ 2 chambres ∙ 4 personnes,Grächen - Valais
19/09/2024,23/11/2024,30/11/2024,370.76,HGLRCTU,Appartement ∙ 2 chambres ∙ 4 personnes,Grächen - Valais
19/09/2024,30/11/2024,07/12/2024,370.76,HGLRCTU,Appartement ∙ 2 chambres ∙ 4 personnes,Grächen - Valais
19/09/2024,07/12/2024,14/12/2024,370.76,HGLRCTU,Appartement ∙ 2 chambres ∙ 4 personnes,Grächen - Valais
19/09/2024,11/01/2025,18/01/2025,518.47,HGLRCTU,Appartement ∙ 2 chambres ∙ 4 personnes,Grächen - Valais
19/09/2024,18/01/2025,25/01/2025,518.47,HGLRCTU,Appartement ∙ 2 chambres ∙ 4 personnes,Grächen - Valais
19/09/2024,08/03/2025,15/03/2025,518.47,HGLRCTU,Appartement ∙ 2 chambres ∙ 4 personnes,Grächen - Valais
19/09/2024,15/03/2025,22/03/2025,518.47,HGLRCTU,Appartement ∙ 2 chambres ∙ 4 personnes,Grächen - Valais
19/09/2024,22/03/2025,29/03/2025,518.47,HGLRCTU,Appartement ∙ 2 chambres ∙ 4 personnes,Grächen - Valais
19/09/2024,29/03/2025,05/04/2025,518.47,HGLRCTU,Appartement ∙ 2 chambres ∙ 4 personnes,Grächen - Valais
19/09/2024,05/04/2025,12/04/2025,518.47,HGLRCTU,Appartement ∙ 2 chambres ∙ 4 personnes,Grächen - Valais
19/09/2024,12/04/2025,19/04/2025,740.67,HGLRCTU,Appartement ∙ 2 chambres ∙ 4 personnes,Grächen - Valais
19/09/2024,19/04/2025,26/04/2025,476.14,HGLRCTU,Appartement ∙ 2 chambres ∙ 4 personnes,Grächen - Valais
19/09/2024,26/04/2025,03/05/2025,370.33,HGLRCTU,Appartement ∙ 2 chambres ∙ 4 personnes,Grächen - Valais
19/09/2024,03/05/2025,10/05/2025,370.33,HGLRCTU,Appartement ∙ 2 chambres ∙ 4 personnes,Grächen - Valais
19/09/2024,10/05/2025,17/05/2025,370.33,HGLRCTU,Appartement ∙ 2 chambres ∙ 4 personnes,Grächen - Valais
19/09/2024,21/09/2024,28/09/2024,444.40,HBE47YC,Studio ∙ 1 chambre ∙ 2 personnes,Grächen - Valais
19/09/2024,28/09/2024,05/10/2024,444.40,HBE47YC,Studio ∙ 1 chambre ∙ 2 personnes,Grächen - Valais
19/09/2024,05/10/2024,12/10/2024,444.40,HBE47YC,Studio ∙ 1 chambre ∙ 2 personnes,Grächen - Valais
19/09/2024,12/10/2024,19/10/2024,444.40,HBE47YC,Studio ∙ 1 chambre ∙ 2 personnes,Grächen - Valais
19/09/2024,19/10/2024,26/10/2024,444.40,HBE47YC,Studio ∙ 1 chambre ∙ 2 personnes,Grächen - Valais
19/09/2024,26/10/2024,02/11/2024,444.40,HBE47YC,Studio ∙ 1 chambre ∙ 2 personnes,Grächen - Valais
19/09/2024,02/11/2024,09/11/2024,444.40,HBE47YC,Studio ∙ 1 chambre ∙ 2 personnes,Grächen - Valais
19/09/2024,09/11/2024,16/11/2024,444.40,HBE47YC,Studio ∙ 1 chambre ∙ 2 personnes,Grächen - Valais
19/09/2024,16/11/2024,23/11/2024,444.40,HBE47YC,Studio ∙ 1 chambre ∙ 2 personnes,Grächen - Valais
19/09/2024,23/11/2024,30/11/2024,444.40,HBE47YC,Studio ∙ 1 chambre ∙ 2 personnes,Grächen - Valais
19/09/2024,07/12/2024,14/12/2024,592.53,HBE47YC,Studio ∙ 1 chambre ∙ 2 personnes,Grächen - Valais
19/09/2024,14/12/2024,21/12/2024,592.53,HBE47YC,Studio ∙ 1 chambre ∙ 2 personnes,Grächen - Valais
19/09/2024,04/01/2025,11/01/2025,592.53,HBE47YC,Studio ∙ 1 chambre ∙ 2 personnes,Grächen - Valais
19/09/2024,11/01/2025,18/01/2025,592.53,HBE47YC,Studio ∙ 1 chambre ∙ 2 personnes,Grächen - Valais
19/09/2024,18/01/2025,25/01/2025,592.53,HBE47YC,Studio ∙ 1 chambre ∙ 2 personnes,Grächen - Valais
19/09/2024,08/03/2025,15/03/2025,592.53,HBE47YC,Studio ∙ 1 chambre ∙ 2 personnes,Grächen - Valais
19/09/2024,29/03/2025,05/04/2025,592.53,HBE47YC,Studio ∙ 1 chambre ∙ 2 personnes,Grächen - Valais
19/09/2024,05/04/2025,12/04/2025,592.53,HBE47YC,Studio ∙ 1 chambre ∙ 2 personnes,Grächen - Valais
19/09/2024,12/04/2025,19/04/2025,592.53,HBE47YC,Studio ∙ 1 chambre ∙ 2 personnes,Grächen - Valais
19/09/2024,19/04/2025,26/04/2025,592.53,HBE47YC,Studio ∙ 1 chambre ∙ 2 personnes,Grächen - Valais
19/09/2024,19/10/2024,26/10/2024,342.21,H71THD2,90 m² Appartement ∙ 2 chambres ∙ 8 personnes,Veysonnaz - Valais
19/09/2024,26/10/2024,02/11/2024,342.21,H71THD2,90 m² Appartement ∙ 2 chambres ∙ 8 personnes,Veysonnaz - Valais
19/09/2024,02/11/2024,09/11/2024,342.21,H71THD2,90 m² Appartement ∙ 2 chambres ∙ 8 personnes,Veysonnaz - Valais
19/09/2024,09/11/2024,16/11/2024,342.21,H71THD2,90 m² Appartement ∙ 2 chambres ∙ 8 personnes,Veysonnaz - Valais
19/09/2024,16/11/2024,23/11/2024,342.21,H71THD2,90 m² Appartement ∙ 2 chambres ∙ 8 personnes,Veysonnaz - Valais
19/09/2024,23/11/2024,30/11/2024,342.21,H71THD2,90 m² Appartement ∙ 2 chambres ∙ 8 personnes,Veysonnaz - Valais
19/09/2024,30/11/2024,07/12/2024,410.65,H71THD2,90 m² Appartement ∙ 2 chambres ∙ 8 personnes,Veysonnaz - Valais
19/09/2024,07/12/2024,14/12/2024,410.65,H71THD2,90 m² Appartement ∙ 2 chambres ∙ 8 personnes,Veysonnaz - Valais
19/09/2024,14/12/2024,21/12/2024,451.72,H71THD2,90 m² Appartement ∙ 2 chambres ∙ 8 personnes,Veysonnaz - Valais
19/09/2024,21/12/2024,28/12/2024,1779.49,H71THD2,90 m² Appartement ∙ 2 chambres ∙ 8 personnes,Veysonnaz - Valais
19/09/2024,28/12/2024,04/01/2025,3114.10,H71THD2,90 m² Appartement ∙ 2 chambres ∙ 8 personnes,Veysonnaz - Valais
19/09/2024,04/01/2025,11/01/2025,821.30,H71THD2,90 m² Appartement ∙ 2 chambres ∙ 8 personnes,Veysonnaz - Valais
19/09/2024,11/01/2025,18/01/2025,615.98,H71THD2,90 m² Appartement ∙ 2 chambres ∙ 8 personnes,Veysonnaz - Valais
19/09/2024,18/01/2025,25/01/2025,615.98,H71THD2,90 m² Appartement ∙ 2 chambres ∙ 8 personnes,Veysonnaz - Valais
19/09/2024,25/01/2025,01/02/2025,821.30,H71THD2,90 m² Appartement ∙ 2 chambres ∙ 8 personnes,Veysonnaz - Valais
19/09/2024,01/02/2025,08/02/2025,1445.83,H71THD2,90 m² Appartement ∙ 2 chambres ∙ 8 personnes,Veysonnaz - Valais
19/09/2024,08/02/2025,15/02/2025,1779.49,H71THD2,90 m² Appartement ∙ 2 chambres ∙ 8 personnes,Veysonnaz - Valais
19/09/2024,15/02/2025,22/02/2025,3114.10,H71THD2,90 m² Appartement ∙ 2 chambres ∙ 8 personnes,Veysonnaz - Valais
19/09/2024,22/02/2025,01/03/2025,3114.10,H71THD2,90 m² Appartement ∙ 2 chambres ∙ 8 personnes,Veysonnaz - Valais
19/09/2024,01/03/2025,08/03/2025,3114.10,H71THD2,90 m² Appartement ∙ 2 chambres ∙ 8 personnes,Veysonnaz - Valais
19/09/2024,08/03/2025,15/03/2025,821.30,H71THD2,90 m² Appartement ∙ 2 chambres ∙ 8 personnes,Veysonnaz - Valais
19/09/2024,15/03/2025,22/03/2025,718.64,H71THD2,90 m² Appartement ∙ 2 chambres ∙ 8 personnes,Veysonnaz - Valais
19/09/2024,22/03/2025,29/03/2025,718.64,H71THD2,90 m² Appartement ∙ 2 chambres ∙ 8 personnes,Veysonnaz - Valais
19/09/2024,29/03/2025,05/04/2025,615.98,H71THD2,90 m² Appartement ∙ 2 chambres ∙ 8 personnes,Veysonnaz - Valais
19/09/2024,05/04/2025,12/04/2025,615.98,H71THD2,90 m² Appartement ∙ 2 chambres ∙ 8 personnes,Veysonnaz - Valais
19/09/2024,12/04/2025,19/04/2025,821.30,H71THD2,90 m² Appartement ∙ 2 chambres ∙ 8 personnes,Veysonnaz - Valais
19/09/2024,19/04/2025,26/04/2025,821.30,H71THD2,90 m² Appartement ∙ 2 chambres ∙ 8 personnes,Veysonnaz - Valais
19/09/2024,26/04/2025,03/05/2025,410.65,H71THD2,90 m² Appartement ∙ 2 chambres ∙ 8 personnes,Veysonnaz - Valais
19/09/2024,03/05/2025,10/05/2025,410.65,H71THD2,90 m² Appartement ∙ 2 chambres ∙ 8 personnes,Veysonnaz - Valais
19/09/2024,10/05/2025,17/05/2025,410.65,H71THD2,90 m² Appartement ∙ 2 chambres ∙ 8 personnes,Veysonnaz - Valais
19/09/2024,07/12/2024,14/12/2024,2102.00,H8VURA9,150 m² Maison de vacances ∙ 3 chambres ∙ 8 personnes,Nendaz - Valais
19/09/2024,14/12/2024,21/12/2024,2102.00,H8VURA9,150 m² Maison de vacances ∙ 3 chambres ∙ 8 personnes,Nendaz - Valais
19/09/2024,04/01/2025,11/01/2025,3012.00,H8VURA9,150 m² Maison de vacances ∙ 3 chambres ∙ 8 personnes,Nendaz - Valais
19/09/2024,11/01/2025,18/01/2025,3012.00,H8VURA9,150 m² Maison de vacances ∙ 3 chambres ∙ 8 personnes,Nendaz - Valais
19/09/2024,18/01/2025,25/01/2025,3012.00,H8VURA9,150 m² Maison de vacances ∙ 3 chambres ∙ 8 personnes,Nendaz - Valais
19/09/2024,25/01/2025,01/02/2025,3262.00,H8VURA9,150 m² Maison de vacances ∙ 3 chambres ∙ 8 personnes,Nendaz - Valais
19/09/2024,01/02/2025,08/02/2025,4301.00,H8VURA9,150 m² Maison de vacances ∙ 3 chambres ∙ 8 personnes,Nendaz - Valais
19/09/2024,08/02/2025,15/02/2025,4301.00,H8VURA9,150 m² Maison de vacances ∙ 3 chambres ∙ 8 personnes,Nendaz - Valais
19/09/2024,15/02/2025,22/02/2025,5363.00,H8VURA9,150 m² Maison de vacances ∙ 3 chambres ∙ 8 personnes,Nendaz - Valais
19/09/2024,22/02/2025,01/03/2025,5363.00,H8VURA9,150 m² Maison de vacances ∙ 3 chambres ∙ 8 personnes,Nendaz - Valais
19/09/2024,01/03/2025,08/03/2025,5363.00,H8VURA9,150 m² Maison de vacances ∙ 3 chambres ∙ 8 personnes,Nendaz - Valais
19/09/2024,08/03/2025,15/03/2025,3012.00,H8VURA9,150 m² Maison de vacances ∙ 3 chambres ∙ 8 personnes,Nendaz - Valais
19/09/2024,15/03/2025,22/03/2025,2102.00,H8VURA9,150 m² Maison de vacances ∙ 3 chambres ∙ 8 personnes,Nendaz - Valais
19/09/2024,22/03/2025,29/03/2025,2102.00,H8VURA9,150 m² Maison de vacances ∙ 3 chambres ∙ 8 personnes,Nendaz - Valais
19/09/2024,29/03/2025,05/04/2025,2102.00,H8VURA9,150 m² Maison de vacances ∙ 3 chambres ∙ 8 personnes,Nendaz - Valais
19/09/2024,05/04/2025,12/04/2025,2102.00,H8VURA9,150 m² Maison de vacances ∙ 3 chambres ∙ 8 personnes,Nendaz - Valais
19/09/2024,12/04/2025,19/04/2025,3012.00,H8VURA9,150 m² Maison de vacances ∙ 3 chambres ∙ 8 personnes,Nendaz - Valais
19/09/2024,19/04/2025,26/04/2025,3012.00,H8VURA9,150 m² Maison de vacances ∙ 3 chambres ∙ 8 personnes,Nendaz - Valais
19/09/2024,26/04/2025,03/05/2025,2102.00,H8VURA9,150 m² Maison de vacances ∙ 3 chambres ∙ 8 personnes,Nendaz - Valais
19/09/2024,03/05/2025,10/05/2025,2102.00,H8VURA9,150 m² Maison de vacances ∙ 3 chambres ∙ 8 personnes,Nendaz - Valais
19/09/2024,10/05/2025,17/05/2025,2102.00,H8VURA9,150 m² Maison de vacances ∙ 3 chambres ∙ 8 personnes,Nendaz - Valais
19/09/2024,21/09/2024,28/09/2024,725.07,HVFCT4B,130 m² Appartement ∙ 3 chambres ∙ 6 personnes,Fieschertal - Valais
19/09/2024,19/10/2024,26/10/2024,830.77,HVFCT4B,130 m² Appartement ∙ 3 chambres ∙ 6 personnes,Fieschertal - Valais
19/09/2024,26/10/2024,02/11/2024,830.77,HVFCT4B,130 m² Appartement ∙ 3 chambres ∙ 6 personnes,Fieschertal - Valais
19/09/2024,02/11/2024,09/11/2024,926.79,HVFCT4B,130 m² Appartement ∙ 3 chambres ∙ 6 personnes,Fieschertal - Valais
19/09/2024,09/11/2024,16/11/2024,926.79,HVFCT4B,130 m² Appartement ∙ 3 chambres ∙ 6 personnes,Fieschertal - Valais
19/09/2024,16/11/2024,23/11/2024,926.79,HVFCT4B,130 m² Appartement ∙ 3 chambres ∙ 6 personnes,Fieschertal - Valais
19/09/2024,23/11/2024,30/11/2024,926.79,HVFCT4B,130 m² Appartement ∙ 3 chambres ∙ 6 personnes,Fieschertal - Valais
19/09/2024,30/11/2024,07/12/2024,926.79,HVFCT4B,130 m² Appartement ∙ 3 chambres ∙ 6 personnes,Fieschertal - Valais
19/09/2024,07/12/2024,14/12/2024,926.79,HVFCT4B,130 m² Appartement ∙ 3 chambres ∙ 6 personnes,Fieschertal - Valais
19/09/2024,14/12/2024,21/12/2024,1411.21,HVFCT4B,130 m² Appartement ∙ 3 chambres ∙ 6 personnes,Fieschertal - Valais
19/09/2024,25/01/2025,01/02/2025,1259.68,HVFCT4B,130 m² Appartement ∙ 3 chambres ∙ 6 personnes,Fieschertal - Valais
19/09/2024,01/03/2025,08/03/2025,1075.00,HVFCT4B,130 m² Appartement ∙ 3 chambres ∙ 6 personnes,Fieschertal - Valais
19/09/2024,08/03/2025,15/03/2025,830.89,HVFCT4B,130 m² Appartement ∙ 3 chambres ∙ 6 personnes,Fieschertal - Valais
19/09/2024,15/03/2025,22/03/2025,830.89,HVFCT4B,130 m² Appartement ∙ 3 chambres ∙ 6 personnes,Fieschertal - Valais
19/09/2024,22/03/2025,29/03/2025,830.89,HVFCT4B,130 m² Appartement ∙ 3 chambres ∙ 6 personnes,Fieschertal - Valais
19/09/2024,29/03/2025,05/04/2025,830.89,HVFCT4B,130 m² Appartement ∙ 3 chambres ∙ 6 personnes,Fieschertal - Valais
19/09/2024,05/04/2025,12/04/2025,830.89,HVFCT4B,130 m² Appartement ∙ 3 chambres ∙ 6 personnes,Fieschertal - Valais
19/09/2024,12/04/2025,19/04/2025,981.51,HVFCT4B,130 m² Appartement ∙ 3 chambres ∙ 6 personnes,Fieschertal - Valais
19/09/2024,19/04/2025,26/04/2025,830.89,HVFCT4B,130 m² Appartement ∙ 3 chambres ∙ 6 personnes,Fieschertal - Valais
19/09/2024,26/04/2025,03/05/2025,733.93,HVFCT4B,130 m² Appartement ∙ 3 chambres ∙ 6 personnes,Fieschertal - Valais
19/09/2024,03/05/2025,10/05/2025,733.93,HVFCT4B,130 m² Appartement ∙ 3 chambres ∙ 6 personnes,Fieschertal - Valais
19/09/2024,10/05/2025,17/05/2025,733.93,HVFCT4B,130 m² Appartement ∙ 3 chambres ∙ 6 personnes,Fieschertal - Valais
19/09/2024,05/10/2024,12/10/2024,662.58,HJDS3XY,58 m² Appartement ∙ 1 chambre ∙ 4 personnes,Vex - Valais
19/09/2024,12/10/2024,19/10/2024,662.58,HJDS3XY,58 m² Appartement ∙ 1 chambre ∙ 4 personnes,Vex - Valais
19/09/2024,19/10/2024,26/10/2024,662.58,HJDS3XY,58 m² Appartement ∙ 1 chambre ∙ 4 personnes,Vex - Valais
19/09/2024,26/10/2024,02/11/2024,662.58,HJDS3XY,58 m² Appartement ∙ 1 chambre ∙ 4 personnes,Vex - Valais
19/09/2024,02/11/2024,09/11/2024,662.58,HJDS3XY,58 m² Appartement ∙ 1 chambre ∙ 4 personnes,Vex - Valais
19/09/2024,09/11/2024,16/11/2024,662.58,HJDS3XY,58 m² Appartement ∙ 1 chambre ∙ 4 personnes,Vex - Valais
19/09/2024,16/11/2024,23/11/2024,662.58,HJDS3XY,58 m² Appartement ∙ 1 chambre ∙ 4 personnes,Vex - Valais
19/09/2024,23/11/2024,30/11/2024,662.58,HJDS3XY,58 m² Appartement ∙ 1 chambre ∙ 4 personnes,Vex - Valais
19/09/2024,30/11/2024,07/12/2024,662.58,HJDS3XY,58 m² Appartement ∙ 1 chambre ∙ 4 personnes,Vex - Valais
19/09/2024,07/12/2024,14/12/2024,662.58,HJDS3XY,58 m² Appartement ∙ 1 chambre ∙ 4 personnes,Vex - Valais
19/09/2024,14/12/2024,21/12/2024,1070.33,HJDS3XY,58 m² Appartement ∙ 1 chambre ∙ 4 personnes,Vex - Valais
19/09/2024,21/12/2024,28/12/2024,1518.84,HJDS3XY,58 m² Appartement ∙ 1 chambre ∙ 4 personnes,Vex - Valais
19/09/2024,04/01/2025,11/01/2025,1070.33,HJDS3XY,58 m² Appartement ∙ 1 chambre ∙ 4 personnes,Vex - Valais
19/09/2024,25/01/2025,01/02/2025,1070.33,HJDS3XY,58 m² Appartement ∙ 1 chambre ∙ 4 personnes,Vex - Valais
19/09/2024,08/02/2025,15/02/2025,1264.01,HJDS3XY,58 m² Appartement ∙ 1 chambre ∙ 4 personnes,Vex - Valais
19/09/2024,01/03/2025,08/03/2025,1518.84,HJDS3XY,58 m² Appartement ∙ 1 chambre ∙ 4 personnes,Vex - Valais
19/09/2024,08/03/2025,15/03/2025,1264.01,HJDS3XY,58 m² Appartement ∙ 1 chambre ∙ 4 personnes,Vex - Valais
19/09/2024,15/03/2025,22/03/2025,1070.33,HJDS3XY,58 m² Appartement ∙ 1 chambre ∙ 4 personnes,Vex - Valais
19/09/2024,22/03/2025,29/03/2025,1070.33,HJDS3XY,58 m² Appartement ∙ 1 chambre ∙ 4 personnes,Vex - Valais
19/09/2024,29/03/2025,05/04/2025,1070.33,HJDS3XY,58 m² Appartement ∙ 1 chambre ∙ 4 personnes,Vex - Valais
19/09/2024,05/04/2025,12/04/2025,1070.33,HJDS3XY,58 m² Appartement ∙ 1 chambre ∙ 4 personnes,Vex - Valais
19/09/2024,12/04/2025,19/04/2025,1070.33,HJDS3XY,58 m² Appartement ∙ 1 chambre ∙ 4 personnes,Vex - Valais
19/09/2024,19/04/2025,26/04/2025,1070.33,HJDS3XY,58 m² Appartement ∙ 1 chambre ∙ 4 personnes,Vex - Valais
19/09/2024,28/09/2024,05/10/2024,444.40,HUA69JL,Appartement ∙ 1 chambre ∙ 2 personnes,Grächen - Valais
19/09/2024,05/10/2024,12/10/2024,444.40,HUA69JL,Appartement ∙ 1 chambre ∙ 2 personnes,Grächen - Valais
19/09/2024,12/10/2024,19/10/2024,444.40,HUA69JL,Appartement ∙ 1 chambre ∙ 2 personnes,Grächen - Valais
19/09/2024,19/10/2024,26/10/2024,444.40,HUA69JL,Appartement ∙ 1 chambre ∙ 2 personnes,Grächen - Valais
19/09/2024,26/10/2024,02/11/2024,444.40,HUA69JL,Appartement ∙ 1 chambre ∙ 2 personnes,Grächen - Valais
19/09/2024,02/11/2024,09/11/2024,444.40,HUA69JL,Appartement ∙ 1 chambre ∙ 2 personnes,Grächen - Valais
19/09/2024,09/11/2024,16/11/2024,444.40,HUA69JL,Appartement ∙ 1 chambre ∙ 2 personnes,Grächen - Valais
19/09/2024,16/11/2024,23/11/2024,444.40,HUA69JL,Appartement ∙ 1 chambre ∙ 2 personnes,Grächen - Valais
19/09/2024,23/11/2024,30/11/2024,444.40,HUA69JL,Appartement ∙ 1 chambre ∙ 2 personnes,Grächen - Valais
19/09/2024,30/11/2024,07/12/2024,444.40,HUA69JL,Appartement ∙ 1 chambre ∙ 2 personnes,Grächen - Valais
19/09/2024,14/12/2024,21/12/2024,444.40,HUA69JL,Appartement ∙ 1 chambre ∙ 2 personnes,Grächen - Valais
19/09/2024,21/12/2024,28/12/2024,518.46,HUA69JL,Appartement ∙ 1 chambre ∙ 2 personnes,Grächen - Valais
19/09/2024,04/01/2025,11/01/2025,518.47,HUA69JL,Appartement ∙ 1 chambre ∙ 2 personnes,Grächen - Valais
19/09/2024,11/01/2025,18/01/2025,518.47,HUA69JL,Appartement ∙ 1 chambre ∙ 2 personnes,Grächen - Valais
19/09/2024,08/02/2025,15/02/2025,518.47,HUA69JL,Appartement ∙ 1 chambre ∙ 2 personnes,Grächen - Valais
19/09/2024,15/02/2025,22/02/2025,518.47,HUA69JL,Appartement ∙ 1 chambre ∙ 2 personnes,Grächen - Valais
19/09/2024,15/03/2025,22/03/2025,518.47,HUA69JL,Appartement ∙ 1 chambre ∙ 2 personnes,Grächen - Valais
19/09/2024,22/03/2025,29/03/2025,518.47,HUA69JL,Appartement ∙ 1 chambre ∙ 2 personnes,Grächen - Valais
19/09/2024,05/04/2025,12/04/2025,444.40,HUA69JL,Appartement ∙ 1 chambre ∙ 2 personnes,Grächen - Valais
19/09/2024,12/04/2025,19/04/2025,444.40,HUA69JL,Appartement ∙ 1 chambre ∙ 2 personnes,Grächen - Valais
19/09/2024,19/04/2025,26/04/2025,444.40,HUA69JL,Appartement ∙ 1 chambre ∙ 2 personnes,Grächen - Valais
19/09/2024,26/04/2025,03/05/2025,444.40,HUA69JL,Appartement ∙ 1 chambre ∙ 2 personnes,Grächen - Valais
19/09/2024,03/05/2025,10/05/2025,444.40,HUA69JL,Appartement ∙ 1 chambre ∙ 2 personnes,Grächen - Valais
19/09/2024,10/05/2025,17/05/2025,444.40,HUA69JL,Appartement ∙ 1 chambre ∙ 2 personnes,Grächen - Valais
19/09/2024,12/10/2024,19/10/2024,834.60,HSEFYH9,Appartement ∙ 2 chambres ∙ 4 personnes,Brig - Valais
19/09/2024,19/10/2024,26/10/2024,804.55,HSEFYH9,Appartement ∙ 2 chambres ∙ 4 personnes,Brig - Valais
19/09/2024,26/10/2024,02/11/2024,818.42,HSEFYH9,Appartement ∙ 2 chambres ∙ 4 personnes,Brig - Valais
19/09/2024,02/11/2024,09/11/2024,796.46,HSEFYH9,Appartement ∙ 2 chambres ∙ 4 personnes,Brig - Valais
19/09/2024,09/11/2024,16/11/2024,796.46,HSEFYH9,Appartement ∙ 2 chambres ∙ 4 personnes,Brig - Valais
19/09/2024,16/11/2024,23/11/2024,811.49,HSEFYH9,Appartement ∙ 2 chambres ∙ 4 personnes,Brig - Valais
19/09/2024,23/11/2024,30/11/2024,820.74,HSEFYH9,Appartement ∙ 2 chambres ∙ 4 personnes,Brig - Valais
19/09/2024,30/11/2024,07/12/2024,824.20,HSEFYH9,Appartement ∙ 2 chambres ∙ 4 personnes,Brig - Valais
19/09/2024,07/12/2024,14/12/2024,823.05,HSEFYH9,Appartement ∙ 2 chambres ∙ 4 personnes,Brig - Valais
19/09/2024,28/12/2024,04/01/2025,1618.36,HSEFYH9,Appartement ∙ 2 chambres ∙ 4 personnes,Brig - Valais
19/09/2024,04/01/2025,11/01/2025,1026.50,HSEFYH9,Appartement ∙ 2 chambres ∙ 4 personnes,Brig - Valais
19/09/2024,11/01/2025,18/01/2025,984.88,HSEFYH9,Appartement ∙ 2 chambres ∙ 4 personnes,Brig - Valais
19/09/2024,18/01/2025,25/01/2025,975.64,HSEFYH9,Appartement ∙ 2 chambres ∙ 4 personnes,Brig - Valais
19/09/2024,25/01/2025,01/02/2025,1125.92,HSEFYH9,Appartement ∙ 2 chambres ∙ 4 personnes,Brig - Valais
19/09/2024,08/02/2025,15/02/2025,1298.15,HSEFYH9,Appartement ∙ 2 chambres ∙ 4 personnes,Brig - Valais
19/09/2024,15/02/2025,22/02/2025,1234.57,HSEFYH9,Appartement ∙ 2 chambres ∙ 4 personnes,Brig - Valais
19/09/2024,22/02/2025,01/03/2025,1281.97,HSEFYH9,Appartement ∙ 2 chambres ∙ 4 personnes,Brig - Valais
19/09/2024,01/03/2025,08/03/2025,1245.13,HSEFYH9,Appartement ∙ 2 chambres ∙ 4 personnes,Brig - Valais
19/09/2024,08/03/2025,15/03/2025,1052.24,HSEFYH9,Appartement ∙ 2 chambres ∙ 4 personnes,Brig - Valais
19/09/2024,15/03/2025,22/03/2025,1078.81,HSEFYH9,Appartement ∙ 2 chambres ∙ 4 personnes,Brig - Valais
19/09/2024,05/10/2024,12/10/2024,1042.00,HA2CE75,86 m² Appartement ∙ 2 chambres ∙ 5 personnes,Crans-Montana - Valais
19/09/2024,12/10/2024,19/10/2024,1042.00,HA2CE75,86 m² Appartement ∙ 2 chambres ∙ 5 personnes,Crans-Montana - Valais
19/09/2024,19/10/2024,26/10/2024,1042.00,HA2CE75,86 m² Appartement ∙ 2 chambres ∙ 5 personnes,Crans-Montana - Valais
19/09/2024,26/10/2024,02/11/2024,1042.00,HA2CE75,86 m² Appartement ∙ 2 chambres ∙ 5 personnes,Crans-Montana - Valais
19/09/2024,30/11/2024,07/12/2024,1072.00,HA2CE75,86 m² Appartement ∙ 2 chambres ∙ 5 personnes,Crans-Montana - Valais
19/09/2024,07/12/2024,14/12/2024,1072.00,HA2CE75,86 m² Appartement ∙ 2 chambres ∙ 5 personnes,Crans-Montana - Valais
19/09/2024,14/12/2024,21/12/2024,1072.00,HA2CE75,86 m² Appartement ∙ 2 chambres ∙ 5 personnes,Crans-Montana - Valais
19/09/2024,04/01/2025,11/01/2025,1386.00,HA2CE75,86 m² Appartement ∙ 2 chambres ∙ 5 personnes,Crans-Montana - Valais
19/09/2024,11/01/2025,18/01/2025,1386.00,HA2CE75,86 m² Appartement ∙ 2 chambres ∙ 5 personnes,Crans-Montana - Valais
19/09/2024,18/01/2025,25/01/2025,1386.00,HA2CE75,86 m² Appartement ∙ 2 chambres ∙ 5 personnes,Crans-Montana - Valais
19/09/2024,25/01/2025,01/02/2025,1454.00,HA2CE75,86 m² Appartement ∙ 2 chambres ∙ 5 personnes,Crans-Montana - Valais
19/09/2024,08/02/2025,15/02/2025,2074.00,HA2CE75,86 m² Appartement ∙ 2 chambres ∙ 5 personnes,Crans-Montana - Valais
19/09/2024,15/02/2025,22/02/2025,2473.00,HA2CE75,86 m² Appartement ∙ 2 chambres ∙ 5 personnes,Crans-Montana - Valais
19/09/2024,22/02/2025,01/03/2025,2473.00,HA2CE75,86 m² Appartement ∙ 2 chambres ∙ 5 personnes,Crans-Montana - Valais
19/09/2024,01/03/2025,08/03/2025,2074.00,HA2CE75,86 m² Appartement ∙ 2 chambres ∙ 5 personnes,Crans-Montana - Valais
19/09/2024,08/03/2025,15/03/2025,1072.00,HA2CE75,86 m² Appartement ∙ 2 chambres ∙ 5 personnes,Crans-Montana - Valais
19/09/2024,15/03/2025,22/03/2025,1072.00,HA2CE75,86 m² Appartement ∙ 2 chambres ∙ 5 personnes,Crans-Montana - Valais
19/09/2024,22/03/2025,29/03/2025,1072.00,HA2CE75,86 m² Appartement ∙ 2 chambres ∙ 5 personnes,Crans-Montana - Valais
19/09/2024,29/03/2025,05/04/2025,1072.00,HA2CE75,86 m² Appartement ∙ 2 chambres ∙ 5 personnes,Crans-Montana - Valais
19/09/2024,05/04/2025,12/04/2025,1072.00,HA2CE75,86 m² Appartement ∙ 2 chambres ∙ 5 personnes,Crans-Montana - Valais
19/09/2024,12/04/2025,19/04/2025,1386.00,HA2CE75,86 m² Appartement ∙ 2 chambres ∙ 5 personnes,Crans-Montana - Valais
19/09/2024,19/04/2025,26/04/2025,1386.00,HA2CE75,86 m² Appartement ∙ 2 chambres ∙ 5 personnes,Crans-Montana - Valais
19/09/2024,26/04/2025,03/05/2025,1072.00,HA2CE75,86 m² Appartement ∙ 2 chambres ∙ 5 personnes,Crans-Montana - Valais
19/09/2024,03/05/2025,10/05/2025,1072.00,HA2CE75,86 m² Appartement ∙ 2 chambres ∙ 5 personnes,Crans-Montana - Valais
19/09/2024,10/05/2025,17/05/2025,1072.00,HA2CE75,86 m² Appartement ∙ 2 chambres ∙ 5 personnes,Crans-Montana - Valais
19/09/2024,16/11/2024,23/11/2024,668.03,HSXR6NJ,90 m² Maison de vacances ∙ 3 chambres ∙ 6 personnes,Vex - Valais
19/09/2024,23/11/2024,30/11/2024,668.03,HSXR6NJ,90 m² Maison de vacances ∙ 3 chambres ∙ 6 personnes,Vex - Valais
19/09/2024,30/11/2024,07/12/2024,668.03,HSXR6NJ,90 m² Maison de vacances ∙ 3 chambres ∙ 6 personnes,Vex - Valais
19/09/2024,07/12/2024,14/12/2024,668.03,HSXR6NJ,90 m² Maison de vacances ∙ 3 chambres ∙ 6 personnes,Vex - Valais
19/09/2024,21/12/2024,28/12/2024,919.70,HSXR6NJ,90 m² Maison de vacances ∙ 3 chambres ∙ 6 personnes,Vex - Valais
19/09/2024,04/01/2025,11/01/2025,668.03,HSXR6NJ,90 m² Maison de vacances ∙ 3 chambres ∙ 6 personnes,Vex - Valais
19/09/2024,11/01/2025,18/01/2025,668.03,HSXR6NJ,90 m² Maison de vacances ∙ 3 chambres ∙ 6 personnes,Vex - Valais
19/09/2024,18/01/2025,25/01/2025,668.03,HSXR6NJ,90 m² Maison de vacances ∙ 3 chambres ∙ 6 personnes,Vex - Valais
19/09/2024,25/01/2025,01/02/2025,804.74,HSXR6NJ,90 m² Maison de vacances ∙ 3 chambres ∙ 6 personnes,Vex - Valais
19/09/2024,01/02/2025,08/02/2025,890.70,HSXR6NJ,90 m² Maison de vacances ∙ 3 chambres ∙ 6 personnes,Vex - Valais
19/09/2024,08/02/2025,15/02/2025,1024.31,HSXR6NJ,90 m² Maison de vacances ∙ 3 chambres ∙ 6 personnes,Vex - Valais
19/09/2024,15/02/2025,22/02/2025,1173.45,HSXR6NJ,90 m² Maison de vacances ∙ 3 chambres ∙ 6 personnes,Vex - Valais
19/09/2024,22/02/2025,01/03/2025,1173.45,HSXR6NJ,90 m² Maison de vacances ∙ 3 chambres ∙ 6 personnes,Vex - Valais
19/09/2024,01/03/2025,08/03/2025,1082.31,HSXR6NJ,90 m² Maison de vacances ∙ 3 chambres ∙ 6 personnes,Vex - Valais
19/09/2024,08/03/2025,15/03/2025,804.74,HSXR6NJ,90 m² Maison de vacances ∙ 3 chambres ∙ 6 personnes,Vex - Valais
19/09/2024,15/03/2025,22/03/2025,668.03,HSXR6NJ,90 m² Maison de vacances ∙ 3 chambres ∙ 6 personnes,Vex - Valais
19/09/2024,22/03/2025,29/03/2025,668.03,HSXR6NJ,90 m² Maison de vacances ∙ 3 chambres ∙ 6 personnes,Vex - Valais
19/09/2024,29/03/2025,05/04/2025,668.03,HSXR6NJ,90 m² Maison de vacances ∙ 3 chambres ∙ 6 personnes,Vex - Valais
19/09/2024,05/04/2025,12/04/2025,668.03,HSXR6NJ,90 m² Maison de vacances ∙ 3 chambres ∙ 6 personnes,Vex - Valais
19/09/2024,12/04/2025,19/04/2025,734.31,HSXR6NJ,90 m² Maison de vacances ∙ 3 chambres ∙ 6 personnes,Vex - Valais
19/09/2024,19/04/2025,26/04/2025,734.31,HSXR6NJ,90 m² Maison de vacances ∙ 3 chambres ∙ 6 personnes,Vex - Valais
19/09/2024,26/04/2025,03/05/2025,668.03,HSXR6NJ,90 m² Maison de vacances ∙ 3 chambres ∙ 6 personnes,Vex - Valais
19/09/2024,21/09/2024,28/09/2024,871.06,HFHZXP2,40 m² Appartement ∙ 1 chambre ∙ 3 personnes,Saas Fee - Valais
19/09/2024,04/01/2025,11/01/2025,1069.03,HFHZXP2,40 m² Appartement ∙ 1 chambre ∙ 3 personnes,Saas Fee - Valais
19/09/2024,11/01/2025,18/01/2025,1069.03,HFHZXP2,40 m² Appartement ∙ 1 chambre ∙ 3 personnes,Saas Fee - Valais
19/09/2024,18/01/2025,25/01/2025,1069.03,HFHZXP2,40 m² Appartement ∙ 1 chambre ∙ 3 personnes,Saas Fee - Valais
19/09/2024,25/01/2025,01/02/2025,1251.16,HFHZXP2,40 m² Appartement ∙ 1 chambre ∙ 3 personnes,Saas Fee - Valais
19/09/2024,01/02/2025,08/02/2025,1251.16,HFHZXP2,40 m² Appartement ∙ 1 chambre ∙ 3 personnes,Saas Fee - Valais
19/09/2024,08/02/2025,15/02/2025,1251.16,HFHZXP2,40 m² Appartement ∙ 1 chambre ∙ 3 personnes,Saas Fee - Valais
19/09/2024,08/03/2025,15/03/2025,1251.16,HFHZXP2,40 m² Appartement ∙ 1 chambre ∙ 3 personnes,Saas Fee - Valais
19/09/2024,15/03/2025,22/03/2025,1251.16,HFHZXP2,40 m² Appartement ∙ 1 chambre ∙ 3 personnes,Saas Fee - Valais
19/09/2024,22/03/2025,29/03/2025,1251.16,HFHZXP2,40 m² Appartement ∙ 1 chambre ∙ 3 personnes,Saas Fee - Valais
19/09/2024,29/03/2025,05/04/2025,1251.16,HFHZXP2,40 m² Appartement ∙ 1 chambre ∙ 3 personnes,Saas Fee - Valais
19/09/2024,05/04/2025,12/04/2025,1251.16,HFHZXP2,40 m² Appartement ∙ 1 chambre ∙ 3 personnes,Saas Fee - Valais
19/09/2024,12/04/2025,19/04/2025,1251.16,HFHZXP2,40 m² Appartement ∙ 1 chambre ∙ 3 personnes,Saas Fee - Valais
19/09/2024,19/04/2025,26/04/2025,1250.81,HFHZXP2,40 m² Appartement ∙ 1 chambre ∙ 3 personnes,Saas Fee - Valais
19/09/2024,21/09/2024,28/09/2024,560.04,HG3SBZ7,37 m² Appartement ∙ 1 chambre ∙ 4 personnes,Vex - Valais
19/09/2024,28/09/2024,05/10/2024,560.20,HG3SBZ7,37 m² Appartement ∙ 1 chambre ∙ 4 personnes,Vex - Valais
19/09/2024,05/10/2024,12/10/2024,560.04,HG3SBZ7,37 m² Appartement ∙ 1 chambre ∙ 4 personnes,Vex - Valais
19/09/2024,12/10/2024,19/10/2024,560.20,HG3SBZ7,37 m² Appartement ∙ 1 chambre ∙ 4 personnes,Vex - Valais
19/09/2024,19/10/2024,26/10/2024,560.04,HG3SBZ7,37 m² Appartement ∙ 1 chambre ∙ 4 personnes,Vex - Valais
19/09/2024,26/10/2024,02/11/2024,560.04,HG3SBZ7,37 m² Appartement ∙ 1 chambre ∙ 4 personnes,Vex - Valais
19/09/2024,02/11/2024,09/11/2024,560.04,HG3SBZ7,37 m² Appartement ∙ 1 chambre ∙ 4 personnes,Vex - Valais
19/09/2024,09/11/2024,16/11/2024,560.04,HG3SBZ7,37 m² Appartement ∙ 1 chambre ∙ 4 personnes,Vex - Valais
19/09/2024,16/11/2024,23/11/2024,560.04,HG3SBZ7,37 m² Appartement ∙ 1 chambre ∙ 4 personnes,Vex - Valais
19/09/2024,23/11/2024,30/11/2024,560.04,HG3SBZ7,37 m² Appartement ∙ 1 chambre ∙ 4 personnes,Vex - Valais
19/09/2024,30/11/2024,07/12/2024,560.04,HG3SBZ7,37 m² Appartement ∙ 1 chambre ∙ 4 personnes,Vex - Valais
19/09/2024,07/12/2024,14/12/2024,560.04,HG3SBZ7,37 m² Appartement ∙ 1 chambre ∙ 4 personnes,Vex - Valais
19/09/2024,14/12/2024,21/12/2024,692.41,HG3SBZ7,37 m² Appartement ∙ 1 chambre ∙ 4 personnes,Vex - Valais
19/09/2024,21/12/2024,28/12/2024,722.96,HG3SBZ7,37 m² Appartement ∙ 1 chambre ∙ 4 personnes,Vex - Valais
19/09/2024,04/01/2025,11/01/2025,692.41,HG3SBZ7,37 m² Appartement ∙ 1 chambre ∙ 4 personnes,Vex - Valais
19/09/2024,11/01/2025,18/01/2025,692.41,HG3SBZ7,37 m² Appartement ∙ 1 chambre ∙ 4 personnes,Vex - Valais
19/09/2024,18/01/2025,25/01/2025,692.41,HG3SBZ7,37 m² Appartement ∙ 1 chambre ∙ 4 personnes,Vex - Valais
19/09/2024,25/01/2025,01/02/2025,692.41,HG3SBZ7,37 m² Appartement ∙ 1 chambre ∙ 4 personnes,Vex - Valais
19/09/2024,01/02/2025,08/02/2025,692.41,HG3SBZ7,37 m² Appartement ∙ 1 chambre ∙ 4 personnes,Vex - Valais
19/09/2024,08/02/2025,15/02/2025,763.69,HG3SBZ7,37 m² Appartement ∙ 1 chambre ∙ 4 personnes,Vex - Valais
19/09/2024,01/03/2025,08/03/2025,722.96,HG3SBZ7,37 m² Appartement ∙ 1 chambre ∙ 4 personnes,Vex - Valais
19/09/2024,08/03/2025,15/03/2025,763.69,HG3SBZ7,37 m² Appartement ∙ 1 chambre ∙ 4 personnes,Vex - Valais
19/09/2024,15/03/2025,22/03/2025,692.41,HG3SBZ7,37 m² Appartement ∙ 1 chambre ∙ 4 personnes,Vex - Valais
19/09/2024,22/03/2025,29/03/2025,692.41,HG3SBZ7,37 m² Appartement ∙ 1 chambre ∙ 4 personnes,Vex - Valais
19/09/2024,29/03/2025,05/04/2025,692.41,HG3SBZ7,37 m² Appartement ∙ 1 chambre ∙ 4 personnes,Vex - Valais
19/09/2024,05/04/2025,12/04/2025,692.41,HG3SBZ7,37 m² Appartement ∙ 1 chambre ∙ 4 personnes,Vex - Valais
19/09/2024,12/04/2025,19/04/2025,692.41,HG3SBZ7,37 m² Appartement ∙ 1 chambre ∙ 4 personnes,Vex - Valais
19/09/2024,19/04/2025,26/04/2025,692.41,HG3SBZ7,37 m² Appartement ∙ 1 chambre ∙ 4 personnes,Vex - Valais
19/09/2024,26/10/2024,02/11/2024,803.08,HFJZ2G5,100 m² Appartement ∙ 4 chambres ∙ 8 personnes,Nendaz - Valais
19/09/2024,02/11/2024,09/11/2024,803.08,HFJZ2G5,100 m² Appartement ∙ 4 chambres ∙ 8 personnes,Nendaz - Valais
19/09/2024,09/11/2024,16/11/2024,803.08,HFJZ2G5,100 m² Appartement ∙ 4 chambres ∙ 8 personnes,Nendaz - Valais
19/09/2024,16/11/2024,23/11/2024,803.08,HFJZ2G5,100 m² Appartement ∙ 4 chambres ∙ 8 personnes,Nendaz - Valais
19/09/2024,23/11/2024,30/11/2024,1475.18,HFJZ2G5,100 m² Appartement ∙ 4 chambres ∙ 8 personnes,Nendaz - Valais
19/09/2024,30/11/2024,07/12/2024,1475.18,HFJZ2G5,100 m² Appartement ∙ 4 chambres ∙ 8 personnes,Nendaz - Valais
19/09/2024,07/12/2024,14/12/2024,1475.18,HFJZ2G5,100 m² Appartement ∙ 4 chambres ∙ 8 personnes,Nendaz - Valais
19/09/2024,14/12/2024,21/12/2024,1475.18,HFJZ2G5,100 m² Appartement ∙ 4 chambres ∙ 8 personnes,Nendaz - Valais
19/09/2024,04/01/2025,11/01/2025,1475.18,HFJZ2G5,100 m² Appartement ∙ 4 chambres ∙ 8 personnes,Nendaz - Valais
19/09/2024,11/01/2025,18/01/2025,1475.18,HFJZ2G5,100 m² Appartement ∙ 4 chambres ∙ 8 personnes,Nendaz - Valais
19/09/2024,18/01/2025,25/01/2025,1566.94,HFJZ2G5,100 m² Appartement ∙ 4 chambres ∙ 8 personnes,Nendaz - Valais
19/09/2024,08/02/2025,15/02/2025,1962.20,HFJZ2G5,100 m² Appartement ∙ 4 chambres ∙ 8 personnes,Nendaz - Valais
19/09/2024,22/02/2025,01/03/2025,2689.99,HFJZ2G5,100 m² Appartement ∙ 4 chambres ∙ 8 personnes,Nendaz - Valais
19/09/2024,01/03/2025,08/03/2025,2689.99,HFJZ2G5,100 m² Appartement ∙ 4 chambres ∙ 8 personnes,Nendaz - Valais
19/09/2024,08/03/2025,15/03/2025,2689.99,HFJZ2G5,100 m² Appartement ∙ 4 chambres ∙ 8 personnes,Nendaz - Valais
19/09/2024,15/03/2025,22/03/2025,1475.18,HFJZ2G5,100 m² Appartement ∙ 4 chambres ∙ 8 personnes,Nendaz - Valais
19/09/2024,22/03/2025,29/03/2025,1475.18,HFJZ2G5,100 m² Appartement ∙ 4 chambres ∙ 8 personnes,Nendaz - Valais
19/09/2024,29/03/2025,05/04/2025,1475.18,HFJZ2G5,100 m² Appartement ∙ 4 chambres ∙ 8 personnes,Nendaz - Valais
19/09/2024,05/04/2025,12/04/2025,1566.94,HFJZ2G5,100 m² Appartement ∙ 4 chambres ∙ 8 personnes,Nendaz - Valais
19/09/2024,12/04/2025,19/04/2025,1566.94,HFJZ2G5,100 m² Appartement ∙ 4 chambres ∙ 8 personnes,Nendaz - Valais
19/09/2024,19/04/2025,26/04/2025,1475.18,HFJZ2G5,100 m² Appartement ∙ 4 chambres ∙ 8 personnes,Nendaz - Valais
19/09/2024,05/10/2024,12/10/2024,1052.90,H8X59Z0,60 m² Appartement ∙ 1 chambre ∙ 5 personnes,Saas Fee - Valais
19/09/2024,12/10/2024,19/10/2024,1052.90,H8X59Z0,60 m² Appartement ∙ 1 chambre ∙ 5 personnes,Saas Fee - Valais
19/09/2024,19/10/2024,26/10/2024,1052.90,H8X59Z0,60 m² Appartement ∙ 1 chambre ∙ 5 personnes,Saas Fee - Valais
19/09/2024,26/10/2024,02/11/2024,1052.90,H8X59Z0,60 m² Appartement ∙ 1 chambre ∙ 5 personnes,Saas Fee - Valais
19/09/2024,02/11/2024,09/11/2024,1052.90,H8X59Z0,60 m² Appartement ∙ 1 chambre ∙ 5 personnes,Saas Fee - Valais
19/09/2024,09/11/2024,16/11/2024,1052.90,H8X59Z0,60 m² Appartement ∙ 1 chambre ∙ 5 personnes,Saas Fee - Valais
19/09/2024,16/11/2024,23/11/2024,1052.90,H8X59Z0,60 m² Appartement ∙ 1 chambre ∙ 5 personnes,Saas Fee - Valais
19/09/2024,23/11/2024,30/11/2024,1052.90,H8X59Z0,60 m² Appartement ∙ 1 chambre ∙ 5 personnes,Saas Fee - Valais
19/09/2024,30/11/2024,07/12/2024,1052.90,H8X59Z0,60 m² Appartement ∙ 1 chambre ∙ 5 personnes,Saas Fee - Valais
19/09/2024,07/12/2024,14/12/2024,1052.90,H8X59Z0,60 m² Appartement ∙ 1 chambre ∙ 5 personnes,Saas Fee - Valais
19/09/2024,14/12/2024,21/12/2024,1329.98,H8X59Z0,60 m² Appartement ∙ 1 chambre ∙ 5 personnes,Saas Fee - Valais
19/09/2024,21/12/2024,28/12/2024,1725.80,H8X59Z0,60 m² Appartement ∙ 1 chambre ∙ 5 personnes,Saas Fee - Valais
19/09/2024,04/01/2025,11/01/2025,1329.98,H8X59Z0,60 m² Appartement ∙ 1 chambre ∙ 5 personnes,Saas Fee - Valais
19/09/2024,11/01/2025,18/01/2025,1052.90,H8X59Z0,60 m² Appartement ∙ 1 chambre ∙ 5 personnes,Saas Fee - Valais
19/09/2024,18/01/2025,25/01/2025,1052.90,H8X59Z0,60 m² Appartement ∙ 1 chambre ∙ 5 personnes,Saas Fee - Valais
19/09/2024,25/01/2025,01/02/2025,1448.73,H8X59Z0,60 m² Appartement ∙ 1 chambre ∙ 5 personnes,Saas Fee - Valais
19/09/2024,01/02/2025,08/02/2025,1448.73,H8X59Z0,60 m² Appartement ∙ 1 chambre ∙ 5 personnes,Saas Fee - Valais
19/09/2024,08/02/2025,15/02/2025,1725.80,H8X59Z0,60 m² Appartement ∙ 1 chambre ∙ 5 personnes,Saas Fee - Valais
19/09/2024,22/02/2025,01/03/2025,1726.68,H8X59Z0,60 m² Appartement ∙ 1 chambre ∙ 5 personnes,Saas Fee - Valais
19/09/2024,01/03/2025,08/03/2025,1725.80,H8X59Z0,60 m² Appartement ∙ 1 chambre ∙ 5 personnes,Saas Fee - Valais
19/09/2024,08/03/2025,15/03/2025,1448.73,H8X59Z0,60 m² Appartement ∙ 1 chambre ∙ 5 personnes,Saas Fee - Valais
19/09/2024,15/03/2025,22/03/2025,1330.65,H8X59Z0,60 m² Appartement ∙ 1 chambre ∙ 5 personnes,Saas Fee - Valais
19/09/2024,22/03/2025,29/03/2025,1329.98,H8X59Z0,60 m² Appartement ∙ 1 chambre ∙ 5 personnes,Saas Fee - Valais
19/09/2024,29/03/2025,05/04/2025,1329.98,H8X59Z0,60 m² Appartement ∙ 1 chambre ∙ 5 personnes,Saas Fee - Valais
19/09/2024,05/04/2025,12/04/2025,1330.65,H8X59Z0,60 m² Appartement ∙ 1 chambre ∙ 5 personnes,Saas Fee - Valais
19/09/2024,12/04/2025,19/04/2025,1449.46,H8X59Z0,60 m² Appartement ∙ 1 chambre ∙ 5 personnes,Saas Fee - Valais
19/09/2024,19/04/2025,26/04/2025,1449.46,H8X59Z0,60 m² Appartement ∙ 1 chambre ∙ 5 personnes,Saas Fee - Valais
19/09/2024,21/09/2024,28/09/2024,921.00,HGKBHX9,51 m² Appartement ∙ 1 chambre ∙ 4 personnes,Crans-Montana - Valais
19/09/2024,28/09/2024,05/10/2024,921.00,HGKBHX9,51 m² Appartement ∙ 1 chambre ∙ 4 personnes,Crans-Montana - Valais
19/09/2024,05/10/2024,12/10/2024,921.00,HGKBHX9,51 m² Appartement ∙ 1 chambre ∙ 4 personnes,Crans-Montana - Valais
19/09/2024,12/10/2024,19/10/2024,921.00,HGKBHX9,51 m² Appartement ∙ 1 chambre ∙ 4 personnes,Crans-Montana - Valais
19/09/2024,19/10/2024,26/10/2024,921.00,HGKBHX9,51 m² Appartement ∙ 1 chambre ∙ 4 personnes,Crans-Montana - Valais
19/09/2024,26/10/2024,02/11/2024,921.00,HGKBHX9,51 m² Appartement ∙ 1 chambre ∙ 4 personnes,Crans-Montana - Valais
19/09/2024,02/11/2024,09/11/2024,948.00,HGKBHX9,51 m² Appartement ∙ 1 chambre ∙ 4 personnes,Crans-Montana - Valais
19/09/2024,09/11/2024,16/11/2024,948.00,HGKBHX9,51 m² Appartement ∙ 1 chambre ∙ 4 personnes,Crans-Montana - Valais
19/09/2024,16/11/2024,23/11/2024,948.00,HGKBHX9,51 m² Appartement ∙ 1 chambre ∙ 4 personnes,Crans-Montana - Valais
19/09/2024,23/11/2024,30/11/2024,948.00,HGKBHX9,51 m² Appartement ∙ 1 chambre ∙ 4 personnes,Crans-Montana - Valais
19/09/2024,30/11/2024,07/12/2024,948.00,HGKBHX9,51 m² Appartement ∙ 1 chambre ∙ 4 personnes,Crans-Montana - Valais
19/09/2024,07/12/2024,14/12/2024,948.00,HGKBHX9,51 m² Appartement ∙ 1 chambre ∙ 4 personnes,Crans-Montana - Valais
19/09/2024,14/12/2024,21/12/2024,948.00,HGKBHX9,51 m² Appartement ∙ 1 chambre ∙ 4 personnes,Crans-Montana - Valais
19/09/2024,21/12/2024,28/12/2024,1934.00,HGKBHX9,51 m² Appartement ∙ 1 chambre ∙ 4 personnes,Crans-Montana - Valais
19/09/2024,28/12/2024,04/01/2025,2078.00,HGKBHX9,51 m² Appartement ∙ 1 chambre ∙ 4 personnes,Crans-Montana - Valais
19/09/2024,04/01/2025,11/01/2025,1130.00,HGKBHX9,51 m² Appartement ∙ 1 chambre ∙ 4 personnes,Crans-Montana - Valais
19/09/2024,11/01/2025,18/01/2025,1130.00,HGKBHX9,51 m² Appartement ∙ 1 chambre ∙ 4 personnes,Crans-Montana - Valais
19/09/2024,18/01/2025,25/01/2025,1130.00,HGKBHX9,51 m² Appartement ∙ 1 chambre ∙ 4 personnes,Crans-Montana - Valais
19/09/2024,08/02/2025,15/02/2025,1934.00,HGKBHX9,51 m² Appartement ∙ 1 chambre ∙ 4 personnes,Crans-Montana - Valais
19/09/2024,01/03/2025,08/03/2025,1934.00,HGKBHX9,51 m² Appartement ∙ 1 chambre ∙ 4 personnes,Crans-Montana - Valais
19/09/2024,08/03/2025,15/03/2025,948.00,HGKBHX9,51 m² Appartement ∙ 1 chambre ∙ 4 personnes,Crans-Montana - Valais
19/09/2024,15/03/2025,22/03/2025,948.00,HGKBHX9,51 m² Appartement ∙ 1 chambre ∙ 4 personnes,Crans-Montana - Valais
19/09/2024,22/03/2025,29/03/2025,948.00,HGKBHX9,51 m² Appartement ∙ 1 chambre ∙ 4 personnes,Crans-Montana - Valais
19/09/2024,29/03/2025,05/04/2025,948.00,HGKBHX9,51 m² Appartement ∙ 1 chambre ∙ 4 personnes,Crans-Montana - Valais
19/09/2024,05/04/2025,12/04/2025,948.00,HGKBHX9,51 m² Appartement ∙ 1 chambre ∙ 4 personnes,Crans-Montana - Valais
19/09/2024,12/04/2025,19/04/2025,1130.00,HGKBHX9,51 m² Appartement ∙ 1 chambre ∙ 4 personnes,Crans-Montana - Valais
19/09/2024,19/04/2025,26/04/2025,1130.00,HGKBHX9,51 m² Appartement ∙ 1 chambre ∙ 4 personnes,Crans-Montana - Valais
19/09/2024,26/04/2025,03/05/2025,948.00,HGKBHX9,51 m² Appartement ∙ 1 chambre ∙ 4 personnes,Crans-Montana - Valais
19/09/2024,03/05/2025,10/05/2025,948.00,HGKBHX9,51 m² Appartement ∙ 1 chambre ∙ 4 personnes,Crans-Montana - Valais
19/09/2024,10/05/2025,17/05/2025,948.00,HGKBHX9,51 m² Appartement ∙ 1 chambre ∙ 4 personnes,Crans-Montana - Valais
19/09/2024,21/09/2024,28/09/2024,671.93,HGXVF10,Appartement ∙ 2 chambres ∙ 4 personnes,Goms - Valais
19/09/2024,28/09/2024,05/10/2024,707.14,HGXVF10,Appartement ∙ 2 chambres ∙ 4 personnes,Goms - Valais
19/09/2024,05/10/2024,12/10/2024,746.16,HGXVF10,Appartement ∙ 2 chambres ∙ 4 personnes,Goms - Valais
19/09/2024,12/10/2024,19/10/2024,727.13,HGXVF10,Appartement ∙ 2 chambres ∙ 4 personnes,Goms - Valais
19/09/2024,19/10/2024,26/10/2024,750.92,HGXVF10,Appartement ∙ 2 chambres ∙ 4 personnes,Goms - Valais
19/09/2024,09/11/2024,16/11/2024,713.81,HGXVF10,Appartement ∙ 2 chambres ∙ 4 personnes,Goms - Valais
19/09/2024,16/11/2024,23/11/2024,700.48,HGXVF10,Appartement ∙ 2 chambres ∙ 4 personnes,Goms - Valais
19/09/2024,23/11/2024,30/11/2024,696.67,HGXVF10,Appartement ∙ 2 chambres ∙ 4 personnes,Goms - Valais
19/09/2024,30/11/2024,07/12/2024,724.27,HGXVF10,Appartement ∙ 2 chambres ∙ 4 personnes,Goms - Valais
19/09/2024,07/12/2024,14/12/2024,788.99,HGXVF10,Appartement ∙ 2 chambres ∙ 4 personnes,Goms - Valais
19/09/2024,14/12/2024,21/12/2024,1017.41,HGXVF10,Appartement ∙ 2 chambres ∙ 4 personnes,Goms - Valais
19/09/2024,21/12/2024,28/12/2024,2129.99,HGXVF10,Appartement ∙ 2 chambres ∙ 4 personnes,Goms - Valais
19/09/2024,28/12/2024,04/01/2025,2258.47,HGXVF10,Appartement ∙ 2 chambres ∙ 4 personnes,Goms - Valais
19/09/2024,04/01/2025,11/01/2025,1334.34,HGXVF10,Appartement ∙ 2 chambres ∙ 4 personnes,Goms - Valais
19/09/2024,11/01/2025,18/01/2025,1113.53,HGXVF10,Appartement ∙ 2 chambres ∙ 4 personnes,Goms - Valais
19/09/2024,18/01/2025,25/01/2025,1168.74,HGXVF10,Appartement ∙ 2 chambres ∙ 4 personnes,Goms - Valais
19/09/2024,25/01/2025,01/02/2025,1306.74,HGXVF10,Appartement ∙ 2 chambres ∙ 4 personnes,Goms - Valais
19/09/2024,01/02/2025,08/02/2025,1572.27,HGXVF10,Appartement ∙ 2 chambres ∙ 4 personnes,Goms - Valais
19/09/2024,08/02/2025,15/02/2025,1659.83,HGXVF10,Appartement ∙ 2 chambres ∙ 4 personnes,Goms - Valais
19/09/2024,15/02/2025,22/02/2025,1691.24,HGXVF10,Appartement ∙ 2 chambres ∙ 4 personnes,Goms - Valais
19/09/2024,01/03/2025,08/03/2025,1450.45,HGXVF10,Appartement ∙ 2 chambres ∙ 4 personnes,Goms - Valais
19/09/2024,08/03/2025,15/03/2025,1110.68,HGXVF10,Appartement ∙ 2 chambres ∙ 4 personnes,Goms - Valais
19/09/2024,15/03/2025,22/03/2025,992.66,HGXVF10,Appartement ∙ 2 chambres ∙ 4 personnes,Goms - Valais
19/09/2024,22/03/2025,29/03/2025,935.56,HGXVF10,Appartement ∙ 2 chambres ∙ 4 personnes,Goms - Valais
19/09/2024,29/03/2025,05/04/2025,988.86,HGXVF10,Appartement ∙ 2 chambres ∙ 4 personnes,Goms - Valais
19/09/2024,05/04/2025,12/04/2025,1051.67,HGXVF10,Appartement ∙ 2 chambres ∙ 4 personnes,Goms - Valais
19/09/2024,12/04/2025,19/04/2025,1236.31,HGXVF10,Appartement ∙ 2 chambres ∙ 4 personnes,Goms - Valais
19/09/2024,19/04/2025,26/04/2025,1035.49,HGXVF10,Appartement ∙ 2 chambres ∙ 4 personnes,Goms - Valais
19/09/2024,26/04/2025,03/05/2025,934.61,HGXVF10,Appartement ∙ 2 chambres ∙ 4 personnes,Goms - Valais
19/09/2024,03/05/2025,10/05/2025,907.96,HGXVF10,Appartement ∙ 2 chambres ∙ 4 personnes,Goms - Valais
19/09/2024,10/05/2025,17/05/2025,909.86,HGXVF10,Appartement ∙ 2 chambres ∙ 4 personnes,Goms - Valais
19/09/2024,12/10/2024,19/10/2024,666.22,HFSWG2Z,68 m² Appartement ∙ 2 chambres ∙ 2 personnes,Saas-Almagell - Valais
19/09/2024,19/10/2024,26/10/2024,666.22,HFSWG2Z,68 m² Appartement ∙ 2 chambres ∙ 2 personnes,Saas-Almagell - Valais
19/09/2024,26/10/2024,02/11/2024,666.22,HFSWG2Z,68 m² Appartement ∙ 2 chambres ∙ 2 personnes,Saas-Almagell - Valais
19/09/2024,02/11/2024,09/11/2024,666.22,HFSWG2Z,68 m² Appartement ∙ 2 chambres ∙ 2 personnes,Saas-Almagell - Valais
19/09/2024,09/11/2024,16/11/2024,666.22,HFSWG2Z,68 m² Appartement ∙ 2 chambres ∙ 2 personnes,Saas-Almagell - Valais
19/09/2024,16/11/2024,23/11/2024,666.22,HFSWG2Z,68 m² Appartement ∙ 2 chambres ∙ 2 personnes,Saas-Almagell - Valais
19/09/2024,23/11/2024,30/11/2024,666.22,HFSWG2Z,68 m² Appartement ∙ 2 chambres ∙ 2 personnes,Saas-Almagell - Valais
19/09/2024,30/11/2024,07/12/2024,697.94,HFSWG2Z,68 m² Appartement ∙ 2 chambres ∙ 2 personnes,Saas-Almagell - Valais
19/09/2024,07/12/2024,14/12/2024,703.23,HFSWG2Z,68 m² Appartement ∙ 2 chambres ∙ 2 personnes,Saas-Almagell - Valais
19/09/2024,14/12/2024,21/12/2024,740.24,HFSWG2Z,68 m² Appartement ∙ 2 chambres ∙ 2 personnes,Saas-Almagell - Valais
19/09/2024,21/12/2024,28/12/2024,740.24,HFSWG2Z,68 m² Appartement ∙ 2 chambres ∙ 2 personnes,Saas-Almagell - Valais
19/09/2024,28/12/2024,04/01/2025,740.24,HFSWG2Z,68 m² Appartement ∙ 2 chambres ∙ 2 personnes,Saas-Almagell - Valais
19/09/2024,11/01/2025,18/01/2025,703.23,HFSWG2Z,68 m² Appartement ∙ 2 chambres ∙ 2 personnes,Saas-Almagell - Valais
19/09/2024,18/01/2025,25/01/2025,703.23,HFSWG2Z,68 m² Appartement ∙ 2 chambres ∙ 2 personnes,Saas-Almagell - Valais
19/09/2024,01/02/2025,08/02/2025,740.24,HFSWG2Z,68 m² Appartement ∙ 2 chambres ∙ 2 personnes,Saas-Almagell - Valais
19/09/2024,08/02/2025,15/02/2025,740.24,HFSWG2Z,68 m² Appartement ∙ 2 chambres ∙ 2 personnes,Saas-Almagell - Valais
19/09/2024,25/01/2025,01/02/2025,1308.00,HDTU94R,105 m² Maison de vacances ∙ 3 chambres ∙ 6 personnes,Grengiols - Valais
19/09/2024,01/02/2025,08/02/2025,1308.00,HDTU94R,105 m² Maison de vacances ∙ 3 chambres ∙ 6 personnes,Grengiols - Valais
19/09/2024,08/02/2025,15/02/2025,1687.00,HDTU94R,105 m² Maison de vacances ∙ 3 chambres ∙ 6 personnes,Grengiols - Valais
19/09/2024,22/02/2025,01/03/2025,1687.00,HDTU94R,105 m² Maison de vacances ∙ 3 chambres ∙ 6 personnes,Grengiols - Valais
19/09/2024,01/03/2025,08/03/2025,1687.00,HDTU94R,105 m² Maison de vacances ∙ 3 chambres ∙ 6 personnes,Grengiols - Valais
19/09/2024,08/03/2025,15/03/2025,1232.00,HDTU94R,105 m² Maison de vacances ∙ 3 chambres ∙ 6 personnes,Grengiols - Valais
19/09/2024,15/03/2025,22/03/2025,1232.00,HDTU94R,105 m² Maison de vacances ∙ 3 chambres ∙ 6 personnes,Grengiols - Valais
19/09/2024,22/03/2025,29/03/2025,1232.00,HDTU94R,105 m² Maison de vacances ∙ 3 chambres ∙ 6 personnes,Grengiols - Valais
19/09/2024,29/03/2025,05/04/2025,1232.00,HDTU94R,105 m² Maison de vacances ∙ 3 chambres ∙ 6 personnes,Grengiols - Valais
19/09/2024,05/04/2025,12/04/2025,1232.00,HDTU94R,105 m² Maison de vacances ∙ 3 chambres ∙ 6 personnes,Grengiols - Valais
19/09/2024,12/04/2025,19/04/2025,1308.00,HDTU94R,105 m² Maison de vacances ∙ 3 chambres ∙ 6 personnes,Grengiols - Valais
19/09/2024,28/09/2024,05/10/2024,829.68,H68ZN3C,88 m² Appartement ∙ 3 chambres ∙ 6 personnes,Verbier - Bagnes - Valais
19/09/2024,05/10/2024,12/10/2024,829.68,H68ZN3C,88 m² Appartement ∙ 3 chambres ∙ 6 personnes,Verbier - Bagnes - Valais
19/09/2024,12/10/2024,19/10/2024,829.68,H68ZN3C,88 m² Appartement ∙ 3 chambres ∙ 6 personnes,Verbier - Bagnes - Valais
19/09/2024,19/10/2024,26/10/2024,829.68,H68ZN3C,88 m² Appartement ∙ 3 chambres ∙ 6 personnes,Verbier - Bagnes - Valais
19/09/2024,26/10/2024,02/11/2024,829.68,H68ZN3C,88 m² Appartement ∙ 3 chambres ∙ 6 personnes,Verbier - Bagnes - Valais
19/09/2024,02/11/2024,09/11/2024,829.68,H68ZN3C,88 m² Appartement ∙ 3 chambres ∙ 6 personnes,Verbier - Bagnes - Valais
19/09/2024,09/11/2024,16/11/2024,829.68,H68ZN3C,88 m² Appartement ∙ 3 chambres ∙ 6 personnes,Verbier - Bagnes - Valais
19/09/2024,16/11/2024,23/11/2024,829.68,H68ZN3C,88 m² Appartement ∙ 3 chambres ∙ 6 personnes,Verbier - Bagnes - Valais
19/09/2024,23/11/2024,30/11/2024,829.68,H68ZN3C,88 m² Appartement ∙ 3 chambres ∙ 6 personnes,Verbier - Bagnes - Valais
19/09/2024,12/10/2024,19/10/2024,666.22,HH54DZ3,Appartement ∙ 2 chambres ∙ 4 personnes,Grächen - Valais
19/09/2024,19/10/2024,26/10/2024,602.77,HH54DZ3,Appartement ∙ 2 chambres ∙ 4 personnes,Grächen - Valais
19/09/2024,26/10/2024,02/11/2024,592.20,HH54DZ3,Appartement ∙ 2 chambres ∙ 4 personnes,Grächen - Valais
19/09/2024,02/11/2024,09/11/2024,591.99,HH54DZ3,Appartement ∙ 2 chambres ∙ 4 personnes,Grächen - Valais
19/09/2024,09/11/2024,16/11/2024,592.20,HH54DZ3,Appartement ∙ 2 chambres ∙ 4 personnes,Grächen - Valais
19/09/2024,16/11/2024,23/11/2024,592.20,HH54DZ3,Appartement ∙ 2 chambres ∙ 4 personnes,Grächen - Valais
19/09/2024,23/11/2024,30/11/2024,592.20,HH54DZ3,Appartement ∙ 2 chambres ∙ 4 personnes,Grächen - Valais
19/09/2024,30/11/2024,07/12/2024,592.20,HH54DZ3,Appartement ∙ 2 chambres ∙ 4 personnes,Grächen - Valais
19/09/2024,07/12/2024,14/12/2024,591.99,HH54DZ3,Appartement ∙ 2 chambres ∙ 4 personnes,Grächen - Valais
19/09/2024,14/12/2024,21/12/2024,962.31,HH54DZ3,Appartement ∙ 2 chambres ∙ 4 personnes,Grächen - Valais
19/09/2024,01/03/2025,08/03/2025,1331.98,HH54DZ3,Appartement ∙ 2 chambres ∙ 4 personnes,Grächen - Valais
19/09/2024,29/03/2025,05/04/2025,961.99,HH54DZ3,Appartement ∙ 2 chambres ∙ 4 personnes,Grächen - Valais
19/09/2024,04/01/2025,11/01/2025,944.00,H57MHP9,75 m² Appartement ∙ 2 chambres ∙ 4 personnes,Grächen - Valais
19/09/2024,15/03/2025,22/03/2025,716.00,H57MHP9,75 m² Appartement ∙ 2 chambres ∙ 4 personnes,Grächen - Valais
19/09/2024,22/03/2025,29/03/2025,716.00,H57MHP9,75 m² Appartement ∙ 2 chambres ∙ 4 personnes,Grächen - Valais
19/09/2024,29/03/2025,05/04/2025,716.00,H57MHP9,75 m² Appartement ∙ 2 chambres ∙ 4 personnes,Grächen - Valais
19/09/2024,05/04/2025,12/04/2025,716.00,H57MHP9,75 m² Appartement ∙ 2 chambres ∙ 4 personnes,Grächen - Valais
19/09/2024,21/09/2024,28/09/2024,706.61,HLKH26X,56 m² Appartement ∙ 2 chambres ∙ 2 personnes,Täsch - Valais
19/09/2024,28/09/2024,05/10/2024,643.52,HLKH26X,56 m² Appartement ∙ 2 chambres ∙ 2 personnes,Täsch - Valais
19/09/2024,12/10/2024,19/10/2024,813.99,H6LGDJU,Appartement ∙ 2 chambres ∙ 4 personnes,Grächen - Valais
19/09/2024,16/11/2024,23/11/2024,665.77,H6LGDJU,Appartement ∙ 2 chambres ∙ 4 personnes,Grächen - Valais
19/09/2024,23/11/2024,30/11/2024,665.77,H6LGDJU,Appartement ∙ 2 chambres ∙ 4 personnes,Grächen - Valais
19/09/2024,30/11/2024,07/12/2024,665.99,H6LGDJU,Appartement ∙ 2 chambres ∙ 4 personnes,Grächen - Valais
19/09/2024,07/12/2024,14/12/2024,665.77,H6LGDJU,Appartement ∙ 2 chambres ∙ 4 personnes,Grächen - Valais
19/09/2024,14/12/2024,21/12/2024,961.66,H6LGDJU,Appartement ∙ 2 chambres ∙ 4 personnes,Grächen - Valais
19/09/2024,04/01/2025,11/01/2025,961.66,H6LGDJU,Appartement ∙ 2 chambres ∙ 4 personnes,Grächen - Valais
19/09/2024,11/01/2025,18/01/2025,961.66,H6LGDJU,Appartement ∙ 2 chambres ∙ 4 personnes,Grächen - Valais
19/09/2024,18/01/2025,25/01/2025,961.99,H6LGDJU,Appartement ∙ 2 chambres ∙ 4 personnes,Grächen - Valais
19/09/2024,15/03/2025,22/03/2025,961.66,H6LGDJU,Appartement ∙ 2 chambres ∙ 4 personnes,Grächen - Valais
19/09/2024,22/03/2025,29/03/2025,961.66,H6LGDJU,Appartement ∙ 2 chambres ∙ 4 personnes,Grächen - Valais
19/09/2024,29/03/2025,05/04/2025,961.99,H6LGDJU,Appartement ∙ 2 chambres ∙ 4 personnes,Grächen - Valais
19/09/2024,19/10/2024,26/10/2024,776.72,HMJVPWF,Appartement ∙ 1 chambre ∙ 4 personnes,Grächen - Valais
19/09/2024,26/10/2024,02/11/2024,776.99,HMJVPWF,Appartement ∙ 1 chambre ∙ 4 personnes,Grächen - Valais
19/09/2024,02/11/2024,09/11/2024,776.72,HMJVPWF,Appartement ∙ 1 chambre ∙ 4 personnes,Grächen - Valais
19/09/2024,09/11/2024,16/11/2024,776.72,HMJVPWF,Appartement ∙ 1 chambre ∙ 4 personnes,Grächen - Valais
19/09/2024,16/11/2024,23/11/2024,776.72,HMJVPWF,Appartement ∙ 1 chambre ∙ 4 personnes,Grächen - Valais
19/09/2024,23/11/2024,30/11/2024,776.72,HMJVPWF,Appartement ∙ 1 chambre ∙ 4 personnes,Grächen - Valais
19/09/2024,30/11/2024,07/12/2024,776.99,HMJVPWF,Appartement ∙ 1 chambre ∙ 4 personnes,Grächen - Valais
20/09/2024,07/12/2024,14/12/2024,776.99,HMJVPWF,Appartement ∙ 1 chambre ∙ 4 personnes,Grächen - Valais
20/09/2024,14/12/2024,21/12/2024,776.72,HMJVPWF,Appartement ∙ 1 chambre ∙ 4 personnes,Grächen - Valais
20/09/2024,15/03/2025,22/03/2025,813.71,HMJVPWF,Appartement ∙ 1 chambre ∙ 4 personnes,Grächen - Valais
20/09/2024,22/03/2025,29/03/2025,813.71,HMJVPWF,Appartement ∙ 1 chambre ∙ 4 personnes,Grächen - Valais
20/09/2024,29/03/2025,05/04/2025,813.71,HMJVPWF,Appartement ∙ 1 chambre ∙ 4 personnes,Grächen - Valais
20/09/2024,05/04/2025,12/04/2025,813.71,HMJVPWF,Appartement ∙ 1 chambre ∙ 4 personnes,Grächen - Valais
20/09/2024,12/04/2025,19/04/2025,813.99,HMJVPWF,Appartement ∙ 1 chambre ∙ 4 personnes,Grächen - Valais
20/09/2024,19/04/2025,26/04/2025,813.71,HMJVPWF,Appartement ∙ 1 chambre ∙ 4 personnes,Grächen - Valais
20/09/2024,26/04/2025,03/05/2025,803.14,HMJVPWF,Appartement ∙ 1 chambre ∙ 4 personnes,Grächen - Valais
20/09/2024,28/09/2024,05/10/2024,680.00,HGT46WV,Flache 401,Flache 401Vex - Valais
20/09/2024,05/10/2024,12/10/2024,680.00,HGT46WV,Flache 401,Flache 401Vex - Valais
20/09/2024,12/10/2024,19/10/2024,680.00,HGT46WV,Flache 401,Flache 401Vex - Valais
20/09/2024,19/10/2024,26/10/2024,680.00,HGT46WV,Flache 401,Flache 401Vex - Valais
20/09/2024,07/12/2024,14/12/2024,1804.00,HGT46WV,Flache 401,Flache 401Vex - Valais
20/09/2024,14/12/2024,21/12/2024,1804.00,HGT46WV,Flache 401,Flache 401Vex - Valais
20/09/2024,04/01/2025,11/01/2025,1804.00,HGT46WV,Flache 401,Flache 401Vex - Valais
20/09/2024,11/01/2025,18/01/2025,1804.00,HGT46WV,Flache 401,Flache 401Vex - Valais
20/09/2024,18/01/2025,25/01/2025,1804.00,HGT46WV,Flache 401,Flache 401Vex - Valais
20/09/2024,08/03/2025,15/03/2025,2152.00,HGT46WV,Flache 401,Flache 401Vex - Valais
20/09/2024,22/03/2025,29/03/2025,1804.00,HGT46WV,Flache 401,Flache 401Vex - Valais
20/09/2024,29/03/2025,05/04/2025,1804.00,HGT46WV,Flache 401,Flache 401Vex - Valais
20/09/2024,05/04/2025,12/04/2025,1804.00,HGT46WV,Flache 401,Flache 401Vex - Valais
20/09/2024,12/04/2025,19/04/2025,1804.00,HGT46WV,Flache 401,Flache 401Vex - Valais
20/09/2024,19/04/2025,26/04/2025,1804.00,HGT46WV,Flache 401,Flache 401Vex - Valais
20/09/2024,28/09/2024,05/10/2024,405.00,HCJE7W3,20 m² Appartement ∙ 1 chambre ∙ 2 personnes,Nendaz - Valais
20/09/2024,05/10/2024,12/10/2024,405.00,HCJE7W3,20 m² Appartement ∙ 1 chambre ∙ 2 personnes,Nendaz - Valais
20/09/2024,12/10/2024,19/10/2024,405.00,HCJE7W3,20 m² Appartement ∙ 1 chambre ∙ 2 personnes,Nendaz - Valais
20/09/2024,19/10/2024,26/10/2024,405.00,HCJE7W3,20 m² Appartement ∙ 1 chambre ∙ 2 personnes,Nendaz - Valais
20/09/2024,09/11/2024,16/11/2024,432.00,HCJE7W3,20 m² Appartement ∙ 1 chambre ∙ 2 personnes,Nendaz - Valais
20/09/2024,16/11/2024,23/11/2024,432.00,HCJE7W3,20 m² Appartement ∙ 1 chambre ∙ 2 personnes,Nendaz - Valais
20/09/2024,23/11/2024,30/11/2024,432.00,HCJE7W3,20 m² Appartement ∙ 1 chambre ∙ 2 personnes,Nendaz - Valais
20/09/2024,30/11/2024,07/12/2024,432.00,HCJE7W3,20 m² Appartement ∙ 1 chambre ∙ 2 personnes,Nendaz - Valais
20/09/2024,07/12/2024,14/12/2024,432.00,HCJE7W3,20 m² Appartement ∙ 1 chambre ∙ 2 personnes,Nendaz - Valais
20/09/2024,14/12/2024,21/12/2024,432.00,HCJE7W3,20 m² Appartement ∙ 1 chambre ∙ 2 personnes,Nendaz - Valais
20/09/2024,21/12/2024,28/12/2024,789.00,HCJE7W3,20 m² Appartement ∙ 1 chambre ∙ 2 personnes,Nendaz - Valais
20/09/2024,04/01/2025,11/01/2025,561.00,HCJE7W3,20 m² Appartement ∙ 1 chambre ∙ 2 personnes,Nendaz - Valais
20/09/2024,11/01/2025,18/01/2025,561.00,HCJE7W3,20 m² Appartement ∙ 1 chambre ∙ 2 personnes,Nendaz - Valais
20/09/2024,18/01/2025,25/01/2025,561.00,HCJE7W3,20 m² Appartement ∙ 1 chambre ∙ 2 personnes,Nendaz - Valais
20/09/2024,25/01/2025,01/02/2025,584.00,HCJE7W3,20 m² Appartement ∙ 1 chambre ∙ 2 personnes,Nendaz - Valais
20/09/2024,01/02/2025,08/02/2025,702.00,HCJE7W3,20 m² Appartement ∙ 1 chambre ∙ 2 personnes,Nendaz - Valais
20/09/2024,08/02/2025,15/02/2025,728.00,HCJE7W3,20 m² Appartement ∙ 1 chambre ∙ 2 personnes,Nendaz - Valais
20/09/2024,15/02/2025,22/02/2025,796.00,HCJE7W3,20 m² Appartement ∙ 1 chambre ∙ 2 personnes,Nendaz - Valais
20/09/2024,01/03/2025,08/03/2025,796.00,HCJE7W3,20 m² Appartement ∙ 1 chambre ∙ 2 personnes,Nendaz - Valais
20/09/2024,08/03/2025,15/03/2025,561.00,HCJE7W3,20 m² Appartement ∙ 1 chambre ∙ 2 personnes,Nendaz - Valais
20/09/2024,15/03/2025,22/03/2025,432.00,HCJE7W3,20 m² Appartement ∙ 1 chambre ∙ 2 personnes,Nendaz - Valais
20/09/2024,22/03/2025,29/03/2025,432.00,HCJE7W3,20 m² Appartement ∙ 1 chambre ∙ 2 personnes,Nendaz - Valais
20/09/2024,29/03/2025,05/04/2025,432.00,HCJE7W3,20 m² Appartement ∙ 1 chambre ∙ 2 personnes,Nendaz - Valais
20/09/2024,05/04/2025,12/04/2025,432.00,HCJE7W3,20 m² Appartement ∙ 1 chambre ∙ 2 personnes,Nendaz - Valais
20/09/2024,12/04/2025,19/04/2025,561.00,HCJE7W3,20 m² Appartement ∙ 1 chambre ∙ 2 personnes,Nendaz - Valais
20/09/2024,19/04/2025,26/04/2025,561.00,HCJE7W3,20 m² Appartement ∙ 1 chambre ∙ 2 personnes,Nendaz - Valais
20/09/2024,26/04/2025,03/05/2025,432.00,HCJE7W3,20 m² Appartement ∙ 1 chambre ∙ 2 personnes,Nendaz - Valais
20/09/2024,03/05/2025,10/05/2025,432.00,HCJE7W3,20 m² Appartement ∙ 1 chambre ∙ 2 personnes,Nendaz - Valais
20/09/2024,10/05/2025,17/05/2025,432.00,HCJE7W3,20 m² Appartement ∙ 1 chambre ∙ 2 personnes,Nendaz - Valais
20/09/2024,16/11/2024,23/11/2024,1158.95,HUBVNYP,80 m² Maison de vacances ∙ 3 chambres ∙ 6 personnes,Val-d'Illiez - Valais
20/09/2024,23/11/2024,30/11/2024,1158.95,HUBVNYP,80 m² Maison de vacances ∙ 3 chambres ∙ 6 personnes,Val-d'Illiez - Valais
20/09/2024,30/11/2024,07/12/2024,1158.95,HUBVNYP,80 m² Maison de vacances ∙ 3 chambres ∙ 6 personnes,Val-d'Illiez - Valais
20/09/2024,07/12/2024,14/12/2024,1158.95,HUBVNYP,80 m² Maison de vacances ∙ 3 chambres ∙ 6 personnes,Val-d'Illiez - Valais
20/09/2024,28/12/2024,04/01/2025,2252.65,HUBVNYP,80 m² Maison de vacances ∙ 3 chambres ∙ 6 personnes,Val-d'Illiez - Valais
20/09/2024,04/01/2025,11/01/2025,1838.37,HUBVNYP,80 m² Maison de vacances ∙ 3 chambres ∙ 6 personnes,Val-d'Illiez - Valais
20/09/2024,25/01/2025,01/02/2025,1344.34,HUBVNYP,80 m² Maison de vacances ∙ 3 chambres ∙ 6 personnes,Val-d'Illiez - Valais
20/09/2024,01/02/2025,08/02/2025,1605.33,HUBVNYP,80 m² Maison de vacances ∙ 3 chambres ∙ 6 personnes,Val-d'Illiez - Valais
20/09/2024,08/02/2025,15/02/2025,1783.48,HUBVNYP,80 m² Maison de vacances ∙ 3 chambres ∙ 6 personnes,Val-d'Illiez - Valais
20/09/2024,22/02/2025,01/03/2025,2226.76,HUBVNYP,80 m² Maison de vacances ∙ 3 chambres ∙ 6 personnes,Val-d'Illiez - Valais
20/09/2024,01/03/2025,08/03/2025,1861.15,HUBVNYP,80 m² Maison de vacances ∙ 3 chambres ∙ 6 personnes,Val-d'Illiez - Valais
20/09/2024,08/03/2025,15/03/2025,1783.48,HUBVNYP,80 m² Maison de vacances ∙ 3 chambres ∙ 6 personnes,Val-d'Illiez - Valais
20/09/2024,29/03/2025,05/04/2025,1344.34,HUBVNYP,80 m² Maison de vacances ∙ 3 chambres ∙ 6 personnes,Val-d'Illiez - Valais
20/09/2024,05/04/2025,12/04/2025,1344.34,HUBVNYP,80 m² Maison de vacances ∙ 3 chambres ∙ 6 personnes,Val-d'Illiez - Valais
20/09/2024,12/04/2025,19/04/2025,1344.34,HUBVNYP,80 m² Maison de vacances ∙ 3 chambres ∙ 6 personnes,Val-d'Illiez - Valais
20/09/2024,19/04/2025,26/04/2025,1344.34,HUBVNYP,80 m² Maison de vacances ∙ 3 chambres ∙ 6 personnes,Val-d'Illiez - Valais
20/09/2024,26/04/2025,03/05/2025,1158.95,HUBVNYP,80 m² Maison de vacances ∙ 3 chambres ∙ 6 personnes,Val-d'Illiez - Valais
20/09/2024,14/12/2024,21/12/2024,1821.80,H3HA74K,73 m² Appartement ∙ 2 chambres ∙ 6 personnes,Val-d'Illiez - Valais
20/09/2024,21/12/2024,28/12/2024,2226.78,H3HA74K,73 m² Appartement ∙ 2 chambres ∙ 6 personnes,Val-d'Illiez - Valais
20/09/2024,04/01/2025,11/01/2025,1821.80,H3HA74K,73 m² Appartement ∙ 2 chambres ∙ 6 personnes,Val-d'Illiez - Valais
20/09/2024,08/02/2025,15/02/2025,2070.35,H3HA74K,73 m² Appartement ∙ 2 chambres ∙ 6 personnes,Val-d'Illiez - Valais
20/09/2024,01/03/2025,08/03/2025,2070.35,H3HA74K,73 m² Appartement ∙ 2 chambres ∙ 6 personnes,Val-d'Illiez - Valais
20/09/2024,08/03/2025,15/03/2025,1821.80,H3HA74K,73 m² Appartement ∙ 2 chambres ∙ 6 personnes,Val-d'Illiez - Valais
20/09/2024,22/03/2025,29/03/2025,1821.80,H3HA74K,73 m² Appartement ∙ 2 chambres ∙ 6 personnes,Val-d'Illiez - Valais
20/09/2024,29/03/2025,05/04/2025,1821.80,H3HA74K,73 m² Appartement ∙ 2 chambres ∙ 6 personnes,Val-d'Illiez - Valais
20/09/2024,05/04/2025,12/04/2025,1821.80,H3HA74K,73 m² Appartement ∙ 2 chambres ∙ 6 personnes,Val-d'Illiez - Valais
20/09/2024,12/04/2025,19/04/2025,1821.80,H3HA74K,73 m² Appartement ∙ 2 chambres ∙ 6 personnes,Val-d'Illiez - Valais
20/09/2024,19/04/2025,26/04/2025,1821.80,H3HA74K,73 m² Appartement ∙ 2 chambres ∙ 6 personnes,Val-d'Illiez - Valais
20/09/2024,16/11/2024,23/11/2024,1341.23,HWP618G,140 m² Maison de vacances ∙ 4 chambres ∙ 8 personnes,Val-d'Illiez - Valais
20/09/2024,04/01/2025,11/01/2025,1517.30,HWP618G,140 m² Maison de vacances ∙ 4 chambres ∙ 8 personnes,Val-d'Illiez - Valais
20/09/2024,15/03/2025,22/03/2025,1341.23,HWP618G,140 m² Maison de vacances ∙ 4 chambres ∙ 8 personnes,Val-d'Illiez - Valais
20/09/2024,29/03/2025,05/04/2025,1341.23,HWP618G,140 m² Maison de vacances ∙ 4 chambres ∙ 8 personnes,Val-d'Illiez - Valais
20/09/2024,05/04/2025,12/04/2025,1341.23,HWP618G,140 m² Maison de vacances ∙ 4 chambres ∙ 8 personnes,Val-d'Illiez - Valais
20/09/2024,12/04/2025,19/04/2025,1538.01,HWP618G,140 m² Maison de vacances ∙ 4 chambres ∙ 8 personnes,Val-d'Illiez - Valais
20/09/2024,19/04/2025,26/04/2025,1341.23,HWP618G,140 m² Maison de vacances ∙ 4 chambres ∙ 8 personnes,Val-d'Illiez - Valais
20/09/2024,26/04/2025,03/05/2025,1341.23,HWP618G,140 m² Maison de vacances ∙ 4 chambres ∙ 8 personnes,Val-d'Illiez - Valais
20/09/2024,28/09/2024,05/10/2024,422.00,HLCP9J3,34 m² Appartement ∙ 1 chambre ∙ 3 personnes,Vex - Valais
20/09/2024,05/10/2024,12/10/2024,422.00,HLCP9J3,34 m² Appartement ∙ 1 chambre ∙ 3 personnes,Vex - Valais
20/09/2024,12/10/2024,19/10/2024,422.00,HLCP9J3,34 m² Appartement ∙ 1 chambre ∙ 3 personnes,Vex - Valais
20/09/2024,19/10/2024,26/10/2024,422.00,HLCP9J3,34 m² Appartement ∙ 1 chambre ∙ 3 personnes,Vex - Valais
20/09/2024,07/12/2024,14/12/2024,888.00,HLCP9J3,34 m² Appartement ∙ 1 chambre ∙ 3 personnes,Vex - Valais
20/09/2024,14/12/2024,21/12/2024,888.00,HLCP9J3,34 m² Appartement ∙ 1 chambre ∙ 3 personnes,Vex - Valais
20/09/2024,21/12/2024,28/12/2024,1316.00,HLCP9J3,34 m² Appartement ∙ 1 chambre ∙ 3 personnes,Vex - Valais
20/09/2024,28/12/2024,04/01/2025,1316.00,HLCP9J3,34 m² Appartement ∙ 1 chambre ∙ 3 personnes,Vex - Valais
20/09/2024,04/01/2025,11/01/2025,888.00,HLCP9J3,34 m² Appartement ∙ 1 chambre ∙ 3 personnes,Vex - Valais
20/09/2024,11/01/2025,18/01/2025,888.00,HLCP9J3,34 m² Appartement ∙ 1 chambre ∙ 3 personnes,Vex - Valais
20/09/2024,18/01/2025,25/01/2025,888.00,HLCP9J3,34 m² Appartement ∙ 1 chambre ∙ 3 personnes,Vex - Valais
20/09/2024,25/01/2025,01/02/2025,888.00,HLCP9J3,34 m² Appartement ∙ 1 chambre ∙ 3 personnes,Vex - Valais
20/09/2024,01/02/2025,08/02/2025,888.00,HLCP9J3,34 m² Appartement ∙ 1 chambre ∙ 3 personnes,Vex - Valais
20/09/2024,01/03/2025,08/03/2025,1316.00,HLCP9J3,34 m² Appartement ∙ 1 chambre ∙ 3 personnes,Vex - Valais
20/09/2024,08/03/2025,15/03/2025,1194.00,HLCP9J3,34 m² Appartement ∙ 1 chambre ∙ 3 personnes,Vex - Valais
20/09/2024,15/03/2025,22/03/2025,888.00,HLCP9J3,34 m² Appartement ∙ 1 chambre ∙ 3 personnes,Vex - Valais
20/09/2024,22/03/2025,29/03/2025,888.00,HLCP9J3,34 m² Appartement ∙ 1 chambre ∙ 3 personnes,Vex - Valais
20/09/2024,29/03/2025,05/04/2025,888.00,HLCP9J3,34 m² Appartement ∙ 1 chambre ∙ 3 personnes,Vex - Valais
20/09/2024,05/04/2025,12/04/2025,888.00,HLCP9J3,34 m² Appartement ∙ 1 chambre ∙ 3 personnes,Vex - Valais
20/09/2024,12/04/2025,19/04/2025,888.00,HLCP9J3,34 m² Appartement ∙ 1 chambre ∙ 3 personnes,Vex - Valais
20/09/2024,19/04/2025,26/04/2025,888.00,HLCP9J3,34 m² Appartement ∙ 1 chambre ∙ 3 personnes,Vex - Valais
20/09/2024,21/09/2024,28/09/2024,646.12,HB569R0,32 m² Appartement ∙ 1 chambre ∙ 4 personnes,Veysonnaz - Valais
20/09/2024,28/09/2024,05/10/2024,646.12,HB569R0,32 m² Appartement ∙ 1 chambre ∙ 4 personnes,Veysonnaz - Valais
20/09/2024,12/10/2024,19/10/2024,646.12,HB569R0,32 m² Appartement ∙ 1 chambre ∙ 4 personnes,Veysonnaz - Valais
20/09/2024,19/10/2024,26/10/2024,646.12,HB569R0,32 m² Appartement ∙ 1 chambre ∙ 4 personnes,Veysonnaz - Valais
20/09/2024,26/10/2024,02/11/2024,646.12,HB569R0,32 m² Appartement ∙ 1 chambre ∙ 4 personnes,Veysonnaz - Valais
20/09/2024,02/11/2024,09/11/2024,646.12,HB569R0,32 m² Appartement ∙ 1 chambre ∙ 4 personnes,Veysonnaz - Valais
20/09/2024,09/11/2024,16/11/2024,646.12,HB569R0,32 m² Appartement ∙ 1 chambre ∙ 4 personnes,Veysonnaz - Valais
20/09/2024,16/11/2024,23/11/2024,646.12,HB569R0,32 m² Appartement ∙ 1 chambre ∙ 4 personnes,Veysonnaz - Valais
20/09/2024,23/11/2024,30/11/2024,1150.30,HB569R0,32 m² Appartement ∙ 1 chambre ∙ 4 personnes,Veysonnaz - Valais
20/09/2024,30/11/2024,07/12/2024,1150.30,HB569R0,32 m² Appartement ∙ 1 chambre ∙ 4 personnes,Veysonnaz - Valais
20/09/2024,07/12/2024,14/12/2024,1150.30,HB569R0,32 m² Appartement ∙ 1 chambre ∙ 4 personnes,Veysonnaz - Valais
20/09/2024,14/12/2024,21/12/2024,1150.30,HB569R0,32 m² Appartement ∙ 1 chambre ∙ 4 personnes,Veysonnaz - Valais
20/09/2024,04/01/2025,11/01/2025,1150.30,HB569R0,32 m² Appartement ∙ 1 chambre ∙ 4 personnes,Veysonnaz - Valais
20/09/2024,11/01/2025,18/01/2025,1150.30,HB569R0,32 m² Appartement ∙ 1 chambre ∙ 4 personnes,Veysonnaz - Valais
20/09/2024,18/01/2025,25/01/2025,1192.65,HB569R0,32 m² Appartement ∙ 1 chambre ∙ 4 personnes,Veysonnaz - Valais
20/09/2024,08/02/2025,15/02/2025,1552.56,HB569R0,32 m² Appartement ∙ 1 chambre ∙ 4 personnes,Veysonnaz - Valais
20/09/2024,22/02/2025,01/03/2025,2313.17,HB569R0,32 m² Appartement ∙ 1 chambre ∙ 4 personnes,Veysonnaz - Valais
20/09/2024,01/03/2025,08/03/2025,2313.17,HB569R0,32 m² Appartement ∙ 1 chambre ∙ 4 personnes,Veysonnaz - Valais
20/09/2024,08/03/2025,15/03/2025,2313.17,HB569R0,32 m² Appartement ∙ 1 chambre ∙ 4 personnes,Veysonnaz - Valais
20/09/2024,15/03/2025,22/03/2025,1150.30,HB569R0,32 m² Appartement ∙ 1 chambre ∙ 4 personnes,Veysonnaz - Valais
20/09/2024,22/03/2025,29/03/2025,1150.30,HB569R0,32 m² Appartement ∙ 1 chambre ∙ 4 personnes,Veysonnaz - Valais
20/09/2024,29/03/2025,05/04/2025,1150.30,HB569R0,32 m² Appartement ∙ 1 chambre ∙ 4 personnes,Veysonnaz - Valais
20/09/2024,05/04/2025,12/04/2025,1192.65,HB569R0,32 m² Appartement ∙ 1 chambre ∙ 4 personnes,Veysonnaz - Valais
20/09/2024,12/04/2025,19/04/2025,1192.65,HB569R0,32 m² Appartement ∙ 1 chambre ∙ 4 personnes,Veysonnaz - Valais
20/09/2024,19/04/2025,26/04/2025,1150.30,HB569R0,32 m² Appartement ∙ 1 chambre ∙ 4 personnes,Veysonnaz - Valais
20/09/2024,07/12/2024,14/12/2024,820.00,HJ162ED,30 m² Appartement ∙ 1 chambre ∙ 2 personnes,Verbier - Bagnes - Valais
20/09/2024,14/12/2024,21/12/2024,820.00,HJ162ED,30 m² Appartement ∙ 1 chambre ∙ 2 personnes,Verbier - Bagnes - Valais
20/09/2024,21/12/2024,28/12/2024,1336.00,HJ162ED,30 m² Appartement ∙ 1 chambre ∙ 2 personnes,Verbier - Bagnes - Valais
20/09/2024,08/02/2025,15/02/2025,1199.00,HJ162ED,30 m² Appartement ∙ 1 chambre ∙ 2 personnes,Verbier - Bagnes - Valais
20/09/2024,15/02/2025,22/02/2025,1533.00,HJ162ED,30 m² Appartement ∙ 1 chambre ∙ 2 personnes,Verbier - Bagnes - Valais
20/09/2024,22/02/2025,01/03/2025,1533.00,HJ162ED,30 m² Appartement ∙ 1 chambre ∙ 2 personnes,Verbier - Bagnes - Valais
20/09/2024,29/03/2025,05/04/2025,820.00,HJ162ED,30 m² Appartement ∙ 1 chambre ∙ 2 personnes,Verbier - Bagnes - Valais
20/09/2024,05/04/2025,12/04/2025,820.00,HJ162ED,30 m² Appartement ∙ 1 chambre ∙ 2 personnes,Verbier - Bagnes - Valais
20/09/2024,12/04/2025,19/04/2025,941.00,HJ162ED,30 m² Appartement ∙ 1 chambre ∙ 2 personnes,Verbier - Bagnes - Valais
20/09/2024,19/04/2025,26/04/2025,941.00,HJ162ED,30 m² Appartement ∙ 1 chambre ∙ 2 personnes,Verbier - Bagnes - Valais
20/09/2024,26/04/2025,03/05/2025,820.00,HJ162ED,30 m² Appartement ∙ 1 chambre ∙ 2 personnes,Verbier - Bagnes - Valais
20/09/2024,03/05/2025,10/05/2025,820.00,HJ162ED,30 m² Appartement ∙ 1 chambre ∙ 2 personnes,Verbier - Bagnes - Valais
20/09/2024,10/05/2025,17/05/2025,820.00,HJ162ED,30 m² Appartement ∙ 1 chambre ∙ 2 personnes,Verbier - Bagnes - Valais
20/09/2024,02/11/2024,09/11/2024,2216.26,HPD4LSZ,161 m² Appartement ∙ 4 chambres ∙ 8 personnes,Saas Fee - Valais
20/09/2024,09/11/2024,16/11/2024,2216.26,HPD4LSZ,161 m² Appartement ∙ 4 chambres ∙ 8 personnes,Saas Fee - Valais
20/09/2024,16/11/2024,23/11/2024,2216.26,HPD4LSZ,161 m² Appartement ∙ 4 chambres ∙ 8 personnes,Saas Fee - Valais
20/09/2024,23/11/2024,30/11/2024,2216.26,HPD4LSZ,161 m² Appartement ∙ 4 chambres ∙ 8 personnes,Saas Fee - Valais
20/09/2024,30/11/2024,07/12/2024,2894.71,HPD4LSZ,161 m² Appartement ∙ 4 chambres ∙ 8 personnes,Saas Fee - Valais
20/09/2024,07/12/2024,14/12/2024,3007.79,HPD4LSZ,161 m² Appartement ∙ 4 chambres ∙ 8 personnes,Saas Fee - Valais
20/09/2024,11/01/2025,18/01/2025,3482.70,HPD4LSZ,161 m² Appartement ∙ 4 chambres ∙ 8 personnes,Saas Fee - Valais
20/09/2024,18/01/2025,25/01/2025,3482.70,HPD4LSZ,161 m² Appartement ∙ 4 chambres ∙ 8 personnes,Saas Fee - Valais
20/09/2024,01/02/2025,08/02/2025,5224.05,HPD4LSZ,161 m² Appartement ∙ 4 chambres ∙ 8 personnes,Saas Fee - Valais
20/09/2024,08/02/2025,15/02/2025,6490.49,HPD4LSZ,161 m² Appartement ∙ 4 chambres ∙ 8 personnes,Saas Fee - Valais
20/09/2024,08/03/2025,15/03/2025,5224.05,HPD4LSZ,161 m² Appartement ∙ 4 chambres ∙ 8 personnes,Saas Fee - Valais
20/09/2024,15/03/2025,22/03/2025,4353.37,HPD4LSZ,161 m² Appartement ∙ 4 chambres ∙ 8 personnes,Saas Fee - Valais
20/09/2024,22/03/2025,29/03/2025,4353.37,HPD4LSZ,161 m² Appartement ∙ 4 chambres ∙ 8 personnes,Saas Fee - Valais
20/09/2024,29/03/2025,05/04/2025,4353.37,HPD4LSZ,161 m² Appartement ∙ 4 chambres ∙ 8 personnes,Saas Fee - Valais
20/09/2024,05/04/2025,12/04/2025,4353.37,HPD4LSZ,161 m² Appartement ∙ 4 chambres ∙ 8 personnes,Saas Fee - Valais
20/09/2024,19/04/2025,26/04/2025,4749.14,HPD4LSZ,161 m² Appartement ∙ 4 chambres ∙ 8 personnes,Saas Fee - Valais
20/09/2024,12/10/2024,19/10/2024,833.00,HC6TKRD,54 m² Appartement ∙ 1 chambre ∙ 3 personnes,Ovronnaz - Leytron - Valais
20/09/2024,19/10/2024,26/10/2024,833.00,HC6TKRD,54 m² Appartement ∙ 1 chambre ∙ 3 personnes,Ovronnaz - Leytron - Valais
20/09/2024,26/10/2024,02/11/2024,833.00,HC6TKRD,54 m² Appartement ∙ 1 chambre ∙ 3 personnes,Ovronnaz - Leytron - Valais
20/09/2024,02/11/2024,09/11/2024,833.00,HC6TKRD,54 m² Appartement ∙ 1 chambre ∙ 3 personnes,Ovronnaz - Leytron - Valais
20/09/2024,09/11/2024,16/11/2024,833.00,HC6TKRD,54 m² Appartement ∙ 1 chambre ∙ 3 personnes,Ovronnaz - Leytron - Valais
20/09/2024,16/11/2024,23/11/2024,833.00,HC6TKRD,54 m² Appartement ∙ 1 chambre ∙ 3 personnes,Ovronnaz - Leytron - Valais
20/09/2024,23/11/2024,30/11/2024,833.00,HC6TKRD,54 m² Appartement ∙ 1 chambre ∙ 3 personnes,Ovronnaz - Leytron - Valais
20/09/2024,30/11/2024,07/12/2024,833.00,HC6TKRD,54 m² Appartement ∙ 1 chambre ∙ 3 personnes,Ovronnaz - Leytron - Valais
20/09/2024,07/12/2024,14/12/2024,833.00,HC6TKRD,54 m² Appartement ∙ 1 chambre ∙ 3 personnes,Ovronnaz - Leytron - Valais
20/09/2024,14/12/2024,21/12/2024,833.00,HC6TKRD,54 m² Appartement ∙ 1 chambre ∙ 3 personnes,Ovronnaz - Leytron - Valais
20/09/2024,21/12/2024,28/12/2024,1235.00,HC6TKRD,54 m² Appartement ∙ 1 chambre ∙ 3 personnes,Ovronnaz - Leytron - Valais
20/09/2024,28/12/2024,04/01/2025,1414.00,HC6TKRD,54 m² Appartement ∙ 1 chambre ∙ 3 personnes,Ovronnaz - Leytron - Valais
20/09/2024,04/01/2025,11/01/2025,833.00,HC6TKRD,54 m² Appartement ∙ 1 chambre ∙ 3 personnes,Ovronnaz - Leytron - Valais
20/09/2024,11/01/2025,18/01/2025,833.00,HC6TKRD,54 m² Appartement ∙ 1 chambre ∙ 3 personnes,Ovronnaz - Leytron - Valais
20/09/2024,18/01/2025,25/01/2025,833.00,HC6TKRD,54 m² Appartement ∙ 1 chambre ∙ 3 personnes,Ovronnaz - Leytron - Valais
20/09/2024,25/01/2025,01/02/2025,833.00,HC6TKRD,54 m² Appartement ∙ 1 chambre ∙ 3 personnes,Ovronnaz - Leytron - Valais
20/09/2024,01/02/2025,08/02/2025,977.00,HC6TKRD,54 m² Appartement ∙ 1 chambre ∙ 3 personnes,Ovronnaz - Leytron - Valais
20/09/2024,08/02/2025,15/02/2025,977.00,HC6TKRD,54 m² Appartement ∙ 1 chambre ∙ 3 personnes,Ovronnaz - Leytron - Valais
20/09/2024,22/02/2025,01/03/2025,1349.00,HC6TKRD,54 m² Appartement ∙ 1 chambre ∙ 3 personnes,Ovronnaz - Leytron - Valais
20/09/2024,01/03/2025,08/03/2025,1349.00,HC6TKRD,54 m² Appartement ∙ 1 chambre ∙ 3 personnes,Ovronnaz - Leytron - Valais
20/09/2024,15/03/2025,22/03/2025,833.00,HC6TKRD,54 m² Appartement ∙ 1 chambre ∙ 3 personnes,Ovronnaz - Leytron - Valais
20/09/2024,22/03/2025,29/03/2025,833.00,HC6TKRD,54 m² Appartement ∙ 1 chambre ∙ 3 personnes,Ovronnaz - Leytron - Valais
20/09/2024,29/03/2025,05/04/2025,833.00,HC6TKRD,54 m² Appartement ∙ 1 chambre ∙ 3 personnes,Ovronnaz - Leytron - Valais
20/09/2024,05/04/2025,12/04/2025,833.00,HC6TKRD,54 m² Appartement ∙ 1 chambre ∙ 3 personnes,Ovronnaz - Leytron - Valais
20/09/2024,12/04/2025,19/04/2025,833.00,HC6TKRD,54 m² Appartement ∙ 1 chambre ∙ 3 personnes,Ovronnaz - Leytron - Valais
20/09/2024,19/04/2025,26/04/2025,833.00,HC6TKRD,54 m² Appartement ∙ 1 chambre ∙ 3 personnes,Ovronnaz - Leytron - Valais
20/09/2024,26/04/2025,03/05/2025,833.00,HC6TKRD,54 m² Appartement ∙ 1 chambre ∙ 3 personnes,Ovronnaz - Leytron - Valais
20/09/2024,03/05/2025,10/05/2025,833.00,HC6TKRD,54 m² Appartement ∙ 1 chambre ∙ 3 personnes,Ovronnaz - Leytron - Valais
20/09/2024,10/05/2025,17/05/2025,833.00,HC6TKRD,54 m² Appartement ∙ 1 chambre ∙ 3 personnes,Ovronnaz - Leytron - Valais
20/09/2024,04/01/2025,11/01/2025,1109.62,HLXRVDY,Appartement ∙ 2 chambres ∙ 4 personnes,Grächen - Valais
20/09/2024,11/01/2025,18/01/2025,1109.62,HLXRVDY,Appartement ∙ 2 chambres ∙ 4 personnes,Grächen - Valais
20/09/2024,18/01/2025,25/01/2025,1109.62,HLXRVDY,Appartement ∙ 2 chambres ∙ 4 personnes,Grächen - Valais
20/09/2024,25/01/2025,01/02/2025,1479.49,HLXRVDY,Appartement ∙ 2 chambres ∙ 4 personnes,Grächen - Valais
20/09/2024,22/02/2025,01/03/2025,1479.49,HLXRVDY,Appartement ∙ 2 chambres ∙ 4 personnes,Grächen - Valais
20/09/2024,01/03/2025,08/03/2025,1109.62,HLXRVDY,Appartement ∙ 2 chambres ∙ 4 personnes,Grächen - Valais
20/09/2024,28/09/2024,05/10/2024,946.00,HEMBCWG,74 m² Maison de vacances ∙ 2 chambres ∙ 4 personnes,Nendaz - Valais
20/09/2024,05/10/2024,12/10/2024,1191.00,HEMBCWG,74 m² Maison de vacances ∙ 2 chambres ∙ 4 personnes,Nendaz - Valais
20/09/2024,12/10/2024,19/10/2024,1191.00,HEMBCWG,74 m² Maison de vacances ∙ 2 chambres ∙ 4 personnes,Nendaz - Valais
20/09/2024,19/10/2024,26/10/2024,1191.00,HEMBCWG,74 m² Maison de vacances ∙ 2 chambres ∙ 4 personnes,Nendaz - Valais
20/09/2024,26/10/2024,02/11/2024,1191.00,HEMBCWG,74 m² Maison de vacances ∙ 2 chambres ∙ 4 personnes,Nendaz - Valais
20/09/2024,02/11/2024,09/11/2024,1218.00,HEMBCWG,74 m² Maison de vacances ∙ 2 chambres ∙ 4 personnes,Nendaz - Valais
20/09/2024,09/11/2024,16/11/2024,1218.00,HEMBCWG,74 m² Maison de vacances ∙ 2 chambres ∙ 4 personnes,Nendaz - Valais
20/09/2024,16/11/2024,23/11/2024,1218.00,HEMBCWG,74 m² Maison de vacances ∙ 2 chambres ∙ 4 personnes,Nendaz - Valais
20/09/2024,23/11/2024,30/11/2024,1218.00,HEMBCWG,74 m² Maison de vacances ∙ 2 chambres ∙ 4 personnes,Nendaz - Valais
20/09/2024,30/11/2024,07/12/2024,1218.00,HEMBCWG,74 m² Maison de vacances ∙ 2 chambres ∙ 4 personnes,Nendaz - Valais
20/09/2024,07/12/2024,14/12/2024,1218.00,HEMBCWG,74 m² Maison de vacances ∙ 2 chambres ∙ 4 personnes,Nendaz - Valais
20/09/2024,14/12/2024,21/12/2024,1218.00,HEMBCWG,74 m² Maison de vacances ∙ 2 chambres ∙ 4 personnes,Nendaz - Valais
20/09/2024,04/01/2025,11/01/2025,1445.00,HEMBCWG,74 m² Maison de vacances ∙ 2 chambres ∙ 4 personnes,Nendaz - Valais
20/09/2024,11/01/2025,18/01/2025,1445.00,HEMBCWG,74 m² Maison de vacances ∙ 2 chambres ∙ 4 personnes,Nendaz - Valais
20/09/2024,18/01/2025,25/01/2025,1445.00,HEMBCWG,74 m² Maison de vacances ∙ 2 chambres ∙ 4 personnes,Nendaz - Valais
20/09/2024,25/01/2025,01/02/2025,1832.00,HEMBCWG,74 m² Maison de vacances ∙ 2 chambres ∙ 4 personnes,Nendaz - Valais
20/09/2024,01/02/2025,08/02/2025,1984.00,HEMBCWG,74 m² Maison de vacances ∙ 2 chambres ∙ 4 personnes,Nendaz - Valais
20/09/2024,08/02/2025,15/02/2025,2062.00,HEMBCWG,74 m² Maison de vacances ∙ 2 chambres ∙ 4 personnes,Nendaz - Valais
20/09/2024,22/02/2025,01/03/2025,2727.00,HEMBCWG,74 m² Maison de vacances ∙ 2 chambres ∙ 4 personnes,Nendaz - Valais
20/09/2024,01/03/2025,08/03/2025,2727.00,HEMBCWG,74 m² Maison de vacances ∙ 2 chambres ∙ 4 personnes,Nendaz - Valais
20/09/2024,15/03/2025,22/03/2025,1218.00,HEMBCWG,74 m² Maison de vacances ∙ 2 chambres ∙ 4 personnes,Nendaz - Valais
20/09/2024,22/03/2025,29/03/2025,1218.00,HEMBCWG,74 m² Maison de vacances ∙ 2 chambres ∙ 4 personnes,Nendaz - Valais
20/09/2024,29/03/2025,05/04/2025,1218.00,HEMBCWG,74 m² Maison de vacances ∙ 2 chambres ∙ 4 personnes,Nendaz - Valais
20/09/2024,05/04/2025,12/04/2025,1218.00,HEMBCWG,74 m² Maison de vacances ∙ 2 chambres ∙ 4 personnes,Nendaz - Valais
20/09/2024,12/04/2025,19/04/2025,1445.00,HEMBCWG,74 m² Maison de vacances ∙ 2 chambres ∙ 4 personnes,Nendaz - Valais
20/09/2024,19/04/2025,26/04/2025,1445.00,HEMBCWG,74 m² Maison de vacances ∙ 2 chambres ∙ 4 personnes,Nendaz - Valais
20/09/2024,26/04/2025,03/05/2025,1218.00,HEMBCWG,74 m² Maison de vacances ∙ 2 chambres ∙ 4 personnes,Nendaz - Valais
20/09/2024,03/05/2025,10/05/2025,1218.00,HEMBCWG,74 m² Maison de vacances ∙ 2 chambres ∙ 4 personnes,Nendaz - Valais
20/09/2024,10/05/2025,17/05/2025,1218.00,HEMBCWG,74 m² Maison de vacances ∙ 2 chambres ∙ 4 personnes,Nendaz - Valais
20/09/2024,21/09/2024,28/09/2024,887.69,H7PCB5M,Appartement ∙ 2 chambres ∙ 4 personnes,Grächen - Valais
20/09/2024,19/10/2024,26/10/2024,887.69,H7PCB5M,Appartement ∙ 2 chambres ∙ 4 personnes,Grächen - Valais
20/09/2024,26/10/2024,02/11/2024,887.69,H7PCB5M,Appartement ∙ 2 chambres ∙ 4 personnes,Grächen - Valais
20/09/2024,02/11/2024,09/11/2024,887.69,H7PCB5M,Appartement ∙ 2 chambres ∙ 4 personnes,Grächen - Valais
20/09/2024,09/11/2024,16/11/2024,887.69,H7PCB5M,Appartement ∙ 2 chambres ∙ 4 personnes,Grächen - Valais
20/09/2024,16/11/2024,23/11/2024,887.69,H7PCB5M,Appartement ∙ 2 chambres ∙ 4 personnes,Grächen - Valais
20/09/2024,04/01/2025,11/01/2025,961.67,H7PCB5M,Appartement ∙ 2 chambres ∙ 4 personnes,Grächen - Valais
20/09/2024,11/01/2025,18/01/2025,813.72,H7PCB5M,Appartement ∙ 2 chambres ∙ 4 personnes,Grächen - Valais
20/09/2024,18/01/2025,25/01/2025,813.72,H7PCB5M,Appartement ∙ 2 chambres ∙ 4 personnes,Grächen - Valais
20/09/2024,19/04/2025,26/04/2025,813.72,H7PCB5M,Appartement ∙ 2 chambres ∙ 4 personnes,Grächen - Valais
20/09/2024,26/04/2025,03/05/2025,813.72,H7PCB5M,Appartement ∙ 2 chambres ∙ 4 personnes,Grächen - Valais
20/09/2024,03/05/2025,10/05/2025,813.72,H7PCB5M,Appartement ∙ 2 chambres ∙ 4 personnes,Grächen - Valais
20/09/2024,10/05/2025,17/05/2025,813.72,H7PCB5M,Appartement ∙ 2 chambres ∙ 4 personnes,Grächen - Valais
20/09/2024,05/10/2024,12/10/2024,1396.00,HDWM9J8,100 m² Appartement ∙ 3 chambres ∙ 6 personnes,Nendaz - Valais
20/09/2024,12/10/2024,19/10/2024,1396.00,HDWM9J8,100 m² Appartement ∙ 3 chambres ∙ 6 personnes,Nendaz - Valais
20/09/2024,02/11/2024,09/11/2024,1423.00,HDWM9J8,100 m² Appartement ∙ 3 chambres ∙ 6 personnes,Nendaz - Valais
20/09/2024,09/11/2024,16/11/2024,1423.00,HDWM9J8,100 m² Appartement ∙ 3 chambres ∙ 6 personnes,Nendaz - Valais
20/09/2024,16/11/2024,23/11/2024,1423.00,HDWM9J8,100 m² Appartement ∙ 3 chambres ∙ 6 personnes,Nendaz - Valais
20/09/2024,23/11/2024,30/11/2024,1423.00,HDWM9J8,100 m² Appartement ∙ 3 chambres ∙ 6 personnes,Nendaz - Valais
20/09/2024,04/01/2025,11/01/2025,2014.00,HDWM9J8,100 m² Appartement ∙ 3 chambres ∙ 6 personnes,Nendaz - Valais
20/09/2024,11/01/2025,18/01/2025,2014.00,HDWM9J8,100 m² Appartement ∙ 3 chambres ∙ 6 personnes,Nendaz - Valais
20/09/2024,25/01/2025,01/02/2025,2280.00,HDWM9J8,100 m² Appartement ∙ 3 chambres ∙ 6 personnes,Nendaz - Valais
20/09/2024,22/02/2025,01/03/2025,3682.00,HDWM9J8,100 m² Appartement ∙ 3 chambres ∙ 6 personnes,Nendaz - Valais
20/09/2024,12/04/2025,19/04/2025,2014.00,HDWM9J8,100 m² Appartement ∙ 3 chambres ∙ 6 personnes,Nendaz - Valais
20/09/2024,19/04/2025,26/04/2025,2014.00,HDWM9J8,100 m² Appartement ∙ 3 chambres ∙ 6 personnes,Nendaz - Valais
20/09/2024,26/04/2025,03/05/2025,1423.00,HDWM9J8,100 m² Appartement ∙ 3 chambres ∙ 6 personnes,Nendaz - Valais
20/09/2024,03/05/2025,10/05/2025,1423.00,HDWM9J8,100 m² Appartement ∙ 3 chambres ∙ 6 personnes,Nendaz - Valais
20/09/2024,10/05/2025,17/05/2025,1423.00,HDWM9J8,100 m² Appartement ∙ 3 chambres ∙ 6 personnes,Nendaz - Valais
20/09/2024,19/10/2024,26/10/2024,960.00,HWSLTNV,100 m² Appartement ∙ 2 chambres ∙ 4 personnes,Orsières - Valais
20/09/2024,26/10/2024,02/11/2024,960.00,HWSLTNV,100 m² Appartement ∙ 2 chambres ∙ 4 personnes,Orsières - Valais
20/09/2024,02/11/2024,09/11/2024,987.00,HWSLTNV,100 m² Appartement ∙ 2 chambres ∙ 4 personnes,Orsières - Valais
20/09/2024,30/11/2024,07/12/2024,987.00,HWSLTNV,100 m² Appartement ∙ 2 chambres ∙ 4 personnes,Orsières - Valais
20/09/2024,07/12/2024,14/12/2024,987.00,HWSLTNV,100 m² Appartement ∙ 2 chambres ∙ 4 personnes,Orsières - Valais
20/09/2024,14/12/2024,21/12/2024,987.00,HWSLTNV,100 m² Appartement ∙ 2 chambres ∙ 4 personnes,Orsières - Valais
20/09/2024,11/01/2025,18/01/2025,987.00,HWSLTNV,100 m² Appartement ∙ 2 chambres ∙ 4 personnes,Orsières - Valais
20/09/2024,18/01/2025,25/01/2025,987.00,HWSLTNV,100 m² Appartement ∙ 2 chambres ∙ 4 personnes,Orsières - Valais
20/09/2024,25/01/2025,01/02/2025,987.00,HWSLTNV,100 m² Appartement ∙ 2 chambres ∙ 4 personnes,Orsières - Valais
20/09/2024,01/02/2025,08/02/2025,1196.00,HWSLTNV,100 m² Appartement ∙ 2 chambres ∙ 4 personnes,Orsières - Valais
20/09/2024,08/02/2025,15/02/2025,1196.00,HWSLTNV,100 m² Appartement ∙ 2 chambres ∙ 4 personnes,Orsières - Valais
20/09/2024,08/03/2025,15/03/2025,987.00,HWSLTNV,100 m² Appartement ∙ 2 chambres ∙ 4 personnes,Orsières - Valais
20/09/2024,15/03/2025,22/03/2025,987.00,HWSLTNV,100 m² Appartement ∙ 2 chambres ∙ 4 personnes,Orsières - Valais
20/09/2024,22/03/2025,29/03/2025,987.00,HWSLTNV,100 m² Appartement ∙ 2 chambres ∙ 4 personnes,Orsières - Valais
20/09/2024,29/03/2025,05/04/2025,987.00,HWSLTNV,100 m² Appartement ∙ 2 chambres ∙ 4 personnes,Orsières - Valais
20/09/2024,05/04/2025,12/04/2025,987.00,HWSLTNV,100 m² Appartement ∙ 2 chambres ∙ 4 personnes,Orsières - Valais
20/09/2024,12/04/2025,19/04/2025,1299.00,HWSLTNV,100 m² Appartement ∙ 2 chambres ∙ 4 personnes,Orsières - Valais
20/09/2024,19/04/2025,26/04/2025,1299.00,HWSLTNV,100 m² Appartement ∙ 2 chambres ∙ 4 personnes,Orsières - Valais
20/09/2024,26/04/2025,03/05/2025,987.00,HWSLTNV,100 m² Appartement ∙ 2 chambres ∙ 4 personnes,Orsières - Valais
20/09/2024,03/05/2025,10/05/2025,987.00,HWSLTNV,100 m² Appartement ∙ 2 chambres ∙ 4 personnes,Orsières - Valais
20/09/2024,10/05/2025,17/05/2025,987.00,HWSLTNV,100 m² Appartement ∙ 2 chambres ∙ 4 personnes,Orsières - Valais
20/09/2024,26/10/2024,02/11/2024,1741.35,HTXCUN5,65 m² Appartement ∙ 2 chambres ∙ 4 personnes,Saas Fee - Valais
20/09/2024,02/11/2024,09/11/2024,1741.35,HTXCUN5,65 m² Appartement ∙ 2 chambres ∙ 4 personnes,Saas Fee - Valais
20/09/2024,09/11/2024,16/11/2024,1741.35,HTXCUN5,65 m² Appartement ∙ 2 chambres ∙ 4 personnes,Saas Fee - Valais
20/09/2024,16/11/2024,23/11/2024,1741.35,HTXCUN5,65 m² Appartement ∙ 2 chambres ∙ 4 personnes,Saas Fee - Valais
20/09/2024,23/11/2024,30/11/2024,1741.35,HTXCUN5,65 m² Appartement ∙ 2 chambres ∙ 4 personnes,Saas Fee - Valais
20/09/2024,07/12/2024,14/12/2024,2849.48,HU4H62D,110 m² Appartement ∙ 3 chambres ∙ 6 personnes,Saas Fee - Valais
20/09/2024,14/12/2024,21/12/2024,2849.48,HU4H62D,110 m² Appartement ∙ 3 chambres ∙ 6 personnes,Saas Fee - Valais
20/09/2024,04/01/2025,11/01/2025,3007.78,HU4H62D,110 m² Appartement ∙ 3 chambres ∙ 6 personnes,Saas Fee - Valais
20/09/2024,25/01/2025,01/02/2025,3166.09,HU4H62D,110 m² Appartement ∙ 3 chambres ∙ 6 personnes,Saas Fee - Valais
20/09/2024,08/02/2025,15/02/2025,5224.05,HU4H62D,110 m² Appartement ∙ 3 chambres ∙ 6 personnes,Saas Fee - Valais
20/09/2024,15/02/2025,22/02/2025,6173.87,HU4H62D,110 m² Appartement ∙ 3 chambres ∙ 6 personnes,Saas Fee - Valais
20/09/2024,01/03/2025,08/03/2025,5224.05,HU4H62D,110 m² Appartement ∙ 3 chambres ∙ 6 personnes,Saas Fee - Valais
20/09/2024,08/03/2025,15/03/2025,4353.37,HU4H62D,110 m² Appartement ∙ 3 chambres ∙ 6 personnes,Saas Fee - Valais
20/09/2024,15/03/2025,22/03/2025,3007.78,HU4H62D,110 m² Appartement ∙ 3 chambres ∙ 6 personnes,Saas Fee - Valais
20/09/2024,22/03/2025,29/03/2025,3007.78,HU4H62D,110 m² Appartement ∙ 3 chambres ∙ 6 personnes,Saas Fee - Valais
20/09/2024,29/03/2025,05/04/2025,3007.78,HU4H62D,110 m² Appartement ∙ 3 chambres ∙ 6 personnes,Saas Fee - Valais
20/09/2024,05/04/2025,12/04/2025,3007.78,HU4H62D,110 m² Appartement ∙ 3 chambres ∙ 6 personnes,Saas Fee - Valais
20/09/2024,12/04/2025,19/04/2025,4353.37,HU4H62D,110 m² Appartement ∙ 3 chambres ∙ 6 personnes,Saas Fee - Valais
20/09/2024,19/04/2025,26/04/2025,4353.37,HU4H62D,110 m² Appartement ∙ 3 chambres ∙ 6 personnes,Saas Fee - Valais
20/09/2024,21/09/2024,28/09/2024,523.74,HFWSL8E,45 m² Appartement ∙ 1 chambre ∙ 4 personnes,Loèche-les-Bains - Valais
20/09/2024,28/09/2024,05/10/2024,894.42,HV6BFMJ,44 m² Appartement ∙ 1 chambre ∙ 4 personnes,Saas Fee - Valais
20/09/2024,05/10/2024,12/10/2024,894.42,HV6BFMJ,44 m² Appartement ∙ 1 chambre ∙ 4 personnes,Saas Fee - Valais
20/09/2024,12/10/2024,19/10/2024,894.42,HV6BFMJ,44 m² Appartement ∙ 1 chambre ∙ 4 personnes,Saas Fee - Valais
20/09/2024,19/10/2024,26/10/2024,894.42,HV6BFMJ,44 m² Appartement ∙ 1 chambre ∙ 4 personnes,Saas Fee - Valais
20/09/2024,26/10/2024,02/11/2024,894.42,HV6BFMJ,44 m² Appartement ∙ 1 chambre ∙ 4 personnes,Saas Fee - Valais
20/09/2024,02/11/2024,09/11/2024,894.42,HV6BFMJ,44 m² Appartement ∙ 1 chambre ∙ 4 personnes,Saas Fee - Valais
20/09/2024,09/11/2024,16/11/2024,894.42,HV6BFMJ,44 m² Appartement ∙ 1 chambre ∙ 4 personnes,Saas Fee - Valais
20/09/2024,16/11/2024,23/11/2024,894.42,HV6BFMJ,44 m² Appartement ∙ 1 chambre ∙ 4 personnes,Saas Fee - Valais
20/09/2024,23/11/2024,30/11/2024,894.42,HV6BFMJ,44 m² Appartement ∙ 1 chambre ∙ 4 personnes,Saas Fee - Valais
20/09/2024,30/11/2024,07/12/2024,894.42,HV6BFMJ,44 m² Appartement ∙ 1 chambre ∙ 4 personnes,Saas Fee - Valais
20/09/2024,07/12/2024,14/12/2024,894.42,HV6BFMJ,44 m² Appartement ∙ 1 chambre ∙ 4 personnes,Saas Fee - Valais
20/09/2024,14/12/2024,21/12/2024,1052.73,HV6BFMJ,44 m² Appartement ∙ 1 chambre ∙ 4 personnes,Saas Fee - Valais
20/09/2024,04/01/2025,11/01/2025,1052.73,HV6BFMJ,44 m² Appartement ∙ 1 chambre ∙ 4 personnes,Saas Fee - Valais
20/09/2024,11/01/2025,18/01/2025,894.42,HV6BFMJ,44 m² Appartement ∙ 1 chambre ∙ 4 personnes,Saas Fee - Valais
20/09/2024,18/01/2025,25/01/2025,894.42,HV6BFMJ,44 m² Appartement ∙ 1 chambre ∙ 4 personnes,Saas Fee - Valais
20/09/2024,25/01/2025,01/02/2025,1171.46,HV6BFMJ,44 m² Appartement ∙ 1 chambre ∙ 4 personnes,Saas Fee - Valais
20/09/2024,08/02/2025,15/02/2025,1488.07,HV6BFMJ,44 m² Appartement ∙ 1 chambre ∙ 4 personnes,Saas Fee - Valais
20/09/2024,01/03/2025,08/03/2025,1488.07,HV6BFMJ,44 m² Appartement ∙ 1 chambre ∙ 4 personnes,Saas Fee - Valais
20/09/2024,29/03/2025,05/04/2025,1052.73,HV6BFMJ,44 m² Appartement ∙ 1 chambre ∙ 4 personnes,Saas Fee - Valais
20/09/2024,19/04/2025,26/04/2025,1171.46,HV6BFMJ,44 m² Appartement ∙ 1 chambre ∙ 4 personnes,Saas Fee - Valais
20/09/2024,21/09/2024,28/09/2024,1109.61,H6J7CR1,Appartement ∙ 1 chambre ∙ 4 personnes,Randa - Valais
20/09/2024,28/09/2024,05/10/2024,732.34,H6J7CR1,Appartement ∙ 1 chambre ∙ 4 personnes,Randa - Valais
20/09/2024,05/10/2024,12/10/2024,732.34,H6J7CR1,Appartement ∙ 1 chambre ∙ 4 personnes,Randa - Valais
20/09/2024,19/10/2024,26/10/2024,732.34,H6J7CR1,Appartement ∙ 1 chambre ∙ 4 personnes,Randa - Valais
20/09/2024,26/10/2024,02/11/2024,732.34,H6J7CR1,Appartement ∙ 1 chambre ∙ 4 personnes,Randa - Valais
20/09/2024,02/11/2024,09/11/2024,732.34,H6J7CR1,Appartement ∙ 1 chambre ∙ 4 personnes,Randa - Valais
20/09/2024,09/11/2024,16/11/2024,732.34,H6J7CR1,Appartement ∙ 1 chambre ∙ 4 personnes,Randa - Valais
20/09/2024,16/11/2024,23/11/2024,732.34,H6J7CR1,Appartement ∙ 1 chambre ∙ 4 personnes,Randa - Valais
20/09/2024,23/11/2024,30/11/2024,732.34,H6J7CR1,Appartement ∙ 1 chambre ∙ 4 personnes,Randa - Valais
20/09/2024,30/11/2024,07/12/2024,732.34,H6J7CR1,Appartement ∙ 1 chambre ∙ 4 personnes,Randa - Valais
20/09/2024,07/12/2024,14/12/2024,732.34,H6J7CR1,Appartement ∙ 1 chambre ∙ 4 personnes,Randa - Valais
20/09/2024,14/12/2024,21/12/2024,865.49,H6J7CR1,Appartement ∙ 1 chambre ∙ 4 personnes,Randa - Valais
20/09/2024,01/02/2025,08/02/2025,865.49,H6J7CR1,Appartement ∙ 1 chambre ∙ 4 personnes,Randa - Valais
20/09/2024,08/02/2025,15/02/2025,998.65,H6J7CR1,Appartement ∙ 1 chambre ∙ 4 personnes,Randa - Valais
20/09/2024,22/02/2025,01/03/2025,998.65,H6J7CR1,Appartement ∙ 1 chambre ∙ 4 personnes,Randa - Valais
20/09/2024,01/03/2025,08/03/2025,998.65,H6J7CR1,Appartement ∙ 1 chambre ∙ 4 personnes,Randa - Valais
20/09/2024,15/03/2025,22/03/2025,865.49,H6J7CR1,Appartement ∙ 1 chambre ∙ 4 personnes,Randa - Valais
20/09/2024,22/03/2025,29/03/2025,732.34,H6J7CR1,Appartement ∙ 1 chambre ∙ 4 personnes,Randa - Valais
20/09/2024,05/04/2025,12/04/2025,865.49,H6J7CR1,Appartement ∙ 1 chambre ∙ 4 personnes,Randa - Valais
20/09/2024,12/04/2025,19/04/2025,808.43,H6J7CR1,Appartement ∙ 1 chambre ∙ 4 personnes,Randa - Valais
20/09/2024,19/04/2025,26/04/2025,808.43,H6J7CR1,Appartement ∙ 1 chambre ∙ 4 personnes,Randa - Valais
20/09/2024,26/04/2025,03/05/2025,732.34,H6J7CR1,Appartement ∙ 1 chambre ∙ 4 personnes,Randa - Valais
20/09/2024,03/05/2025,10/05/2025,732.34,H6J7CR1,Appartement ∙ 1 chambre ∙ 4 personnes,Randa - Valais
20/09/2024,10/05/2025,17/05/2025,732.34,H6J7CR1,Appartement ∙ 1 chambre ∙ 4 personnes,Randa - Valais
20/09/2024,16/11/2024,23/11/2024,1034.69,H2CV8MP,75 m² Appartement ∙ 2 chambres ∙ 6 personnes,Hérémence - Valais
20/09/2024,23/11/2024,30/11/2024,1034.69,H2CV8MP,75 m² Appartement ∙ 2 chambres ∙ 6 personnes,Hérémence - Valais
20/09/2024,30/11/2024,07/12/2024,1034.69,H2CV8MP,75 m² Appartement ∙ 2 chambres ∙ 6 personnes,Hérémence - Valais
20/09/2024,07/12/2024,14/12/2024,1034.69,H2CV8MP,75 m² Appartement ∙ 2 chambres ∙ 6 personnes,Hérémence - Valais
20/09/2024,14/12/2024,21/12/2024,1034.69,H2CV8MP,75 m² Appartement ∙ 2 chambres ∙ 6 personnes,Hérémence - Valais
20/09/2024,21/12/2024,28/12/2024,1414.80,H2CV8MP,75 m² Appartement ∙ 2 chambres ∙ 6 personnes,Hérémence - Valais
20/09/2024,04/01/2025,11/01/2025,1034.69,H2CV8MP,75 m² Appartement ∙ 2 chambres ∙ 6 personnes,Hérémence - Valais
20/09/2024,11/01/2025,18/01/2025,1034.69,H2CV8MP,75 m² Appartement ∙ 2 chambres ∙ 6 personnes,Hérémence - Valais
20/09/2024,18/01/2025,25/01/2025,1034.69,H2CV8MP,75 m² Appartement ∙ 2 chambres ∙ 6 personnes,Hérémence - Valais
20/09/2024,25/01/2025,01/02/2025,1414.80,H2CV8MP,75 m² Appartement ∙ 2 chambres ∙ 6 personnes,Hérémence - Valais
20/09/2024,01/02/2025,08/02/2025,1414.80,H2CV8MP,75 m² Appartement ∙ 2 chambres ∙ 6 personnes,Hérémence - Valais
20/09/2024,08/02/2025,15/02/2025,1034.69,H2CV8MP,75 m² Appartement ∙ 2 chambres ∙ 6 personnes,Hérémence - Valais
20/09/2024,15/02/2025,22/02/2025,1853.89,H2CV8MP,75 m² Appartement ∙ 2 chambres ∙ 6 personnes,Hérémence - Valais
20/09/2024,08/03/2025,15/03/2025,1034.69,H2CV8MP,75 m² Appartement ∙ 2 chambres ∙ 6 personnes,Hérémence - Valais
20/09/2024,15/03/2025,22/03/2025,1034.69,H2CV8MP,75 m² Appartement ∙ 2 chambres ∙ 6 personnes,Hérémence - Valais
20/09/2024,22/03/2025,29/03/2025,1034.69,H2CV8MP,75 m² Appartement ∙ 2 chambres ∙ 6 personnes,Hérémence - Valais
20/09/2024,29/03/2025,05/04/2025,1034.69,H2CV8MP,75 m² Appartement ∙ 2 chambres ∙ 6 personnes,Hérémence - Valais
20/09/2024,05/04/2025,12/04/2025,1034.69,H2CV8MP,75 m² Appartement ∙ 2 chambres ∙ 6 personnes,Hérémence - Valais
20/09/2024,12/04/2025,19/04/2025,1034.69,H2CV8MP,75 m² Appartement ∙ 2 chambres ∙ 6 personnes,Hérémence - Valais
20/09/2024,19/04/2025,26/04/2025,1034.69,H2CV8MP,75 m² Appartement ∙ 2 chambres ∙ 6 personnes,Hérémence - Valais
20/09/2024,28/09/2024,05/10/2024,629.00,H8TWHYK,54 m² Appartement ∙ 1 chambre ∙ 2 personnes,Crans-Montana - Valais
20/09/2024,05/10/2024,12/10/2024,817.00,H8TWHYK,54 m² Appartement ∙ 1 chambre ∙ 2 personnes,Crans-Montana - Valais
20/09/2024,12/10/2024,19/10/2024,817.00,H8TWHYK,54 m² Appartement ∙ 1 chambre ∙ 2 personnes,Crans-Montana - Valais
20/09/2024,19/10/2024,26/10/2024,817.00,H8TWHYK,54 m² Appartement ∙ 1 chambre ∙ 2 personnes,Crans-Montana - Valais
20/09/2024,26/10/2024,02/11/2024,817.00,H8TWHYK,54 m² Appartement ∙ 1 chambre ∙ 2 personnes,Crans-Montana - Valais
20/09/2024,02/11/2024,09/11/2024,844.00,H8TWHYK,54 m² Appartement ∙ 1 chambre ∙ 2 personnes,Crans-Montana - Valais
20/09/2024,09/11/2024,16/11/2024,844.00,H8TWHYK,54 m² Appartement ∙ 1 chambre ∙ 2 personnes,Crans-Montana - Valais
20/09/2024,16/11/2024,23/11/2024,844.00,H8TWHYK,54 m² Appartement ∙ 1 chambre ∙ 2 personnes,Crans-Montana - Valais
20/09/2024,23/11/2024,30/11/2024,844.00,H8TWHYK,54 m² Appartement ∙ 1 chambre ∙ 2 personnes,Crans-Montana - Valais
20/09/2024,30/11/2024,07/12/2024,844.00,H8TWHYK,54 m² Appartement ∙ 1 chambre ∙ 2 personnes,Crans-Montana - Valais
20/09/2024,07/12/2024,14/12/2024,844.00,H8TWHYK,54 m² Appartement ∙ 1 chambre ∙ 2 personnes,Crans-Montana - Valais
20/09/2024,14/12/2024,21/12/2024,844.00,H8TWHYK,54 m² Appartement ∙ 1 chambre ∙ 2 personnes,Crans-Montana - Valais
20/09/2024,21/12/2024,28/12/2024,1496.00,H8TWHYK,54 m² Appartement ∙ 1 chambre ∙ 2 personnes,Crans-Montana - Valais
20/09/2024,28/12/2024,04/01/2025,1906.00,H8TWHYK,54 m² Appartement ∙ 1 chambre ∙ 2 personnes,Crans-Montana - Valais
20/09/2024,04/01/2025,11/01/2025,1026.00,H8TWHYK,54 m² Appartement ∙ 1 chambre ∙ 2 personnes,Crans-Montana - Valais
20/09/2024,11/01/2025,18/01/2025,1026.00,H8TWHYK,54 m² Appartement ∙ 1 chambre ∙ 2 personnes,Crans-Montana - Valais
20/09/2024,18/01/2025,25/01/2025,1026.00,H8TWHYK,54 m² Appartement ∙ 1 chambre ∙ 2 personnes,Crans-Montana - Valais
20/09/2024,25/01/2025,01/02/2025,1079.00,H8TWHYK,54 m² Appartement ∙ 1 chambre ∙ 2 personnes,Crans-Montana - Valais
20/09/2024,01/02/2025,08/02/2025,1140.00,H8TWHYK,54 m² Appartement ∙ 1 chambre ∙ 2 personnes,Crans-Montana - Valais
20/09/2024,08/02/2025,15/02/2025,1496.00,H8TWHYK,54 m² Appartement ∙ 1 chambre ∙ 2 personnes,Crans-Montana - Valais
20/09/2024,15/02/2025,22/02/2025,1496.00,H8TWHYK,54 m² Appartement ∙ 1 chambre ∙ 2 personnes,Crans-Montana - Valais
20/09/2024,22/02/2025,01/03/2025,1496.00,H8TWHYK,54 m² Appartement ∙ 1 chambre ∙ 2 personnes,Crans-Montana - Valais
20/09/2024,01/03/2025,08/03/2025,1496.00,H8TWHYK,54 m² Appartement ∙ 1 chambre ∙ 2 personnes,Crans-Montana - Valais
20/09/2024,08/03/2025,15/03/2025,844.00,H8TWHYK,54 m² Appartement ∙ 1 chambre ∙ 2 personnes,Crans-Montana - Valais
20/09/2024,15/03/2025,22/03/2025,844.00,H8TWHYK,54 m² Appartement ∙ 1 chambre ∙ 2 personnes,Crans-Montana - Valais
20/09/2024,22/03/2025,29/03/2025,844.00,H8TWHYK,54 m² Appartement ∙ 1 chambre ∙ 2 personnes,Crans-Montana - Valais
20/09/2024,29/03/2025,05/04/2025,844.00,H8TWHYK,54 m² Appartement ∙ 1 chambre ∙ 2 personnes,Crans-Montana - Valais
20/09/2024,05/04/2025,12/04/2025,844.00,H8TWHYK,54 m² Appartement ∙ 1 chambre ∙ 2 personnes,Crans-Montana - Valais
20/09/2024,12/04/2025,19/04/2025,1026.00,H8TWHYK,54 m² Appartement ∙ 1 chambre ∙ 2 personnes,Crans-Montana - Valais
20/09/2024,19/04/2025,26/04/2025,1026.00,H8TWHYK,54 m² Appartement ∙ 1 chambre ∙ 2 personnes,Crans-Montana - Valais
20/09/2024,26/04/2025,03/05/2025,844.00,H8TWHYK,54 m² Appartement ∙ 1 chambre ∙ 2 personnes,Crans-Montana - Valais
20/09/2024,03/05/2025,10/05/2025,844.00,H8TWHYK,54 m² Appartement ∙ 1 chambre ∙ 2 personnes,Crans-Montana - Valais
20/09/2024,10/05/2025,17/05/2025,844.00,H8TWHYK,54 m² Appartement ∙ 1 chambre ∙ 2 personnes,Crans-Montana - Valais
20/09/2024,21/09/2024,28/09/2024,751.95,HGS1FPH,30 m² Appartement ∙ 1 chambre ∙ 2 personnes,Saas Fee - Valais
20/09/2024,28/09/2024,05/10/2024,751.95,HGS1FPH,30 m² Appartement ∙ 1 chambre ∙ 2 personnes,Saas Fee - Valais
20/09/2024,05/10/2024,12/10/2024,751.95,HGS1FPH,30 m² Appartement ∙ 1 chambre ∙ 2 personnes,Saas Fee - Valais
20/09/2024,12/10/2024,19/10/2024,751.95,HGS1FPH,30 m² Appartement ∙ 1 chambre ∙ 2 personnes,Saas Fee - Valais
20/09/2024,19/10/2024,26/10/2024,751.95,HGS1FPH,30 m² Appartement ∙ 1 chambre ∙ 2 personnes,Saas Fee - Valais
20/09/2024,26/10/2024,02/11/2024,751.95,HGS1FPH,30 m² Appartement ∙ 1 chambre ∙ 2 personnes,Saas Fee - Valais
20/09/2024,02/11/2024,09/11/2024,751.95,HGS1FPH,30 m² Appartement ∙ 1 chambre ∙ 2 personnes,Saas Fee - Valais
20/09/2024,09/11/2024,16/11/2024,751.95,HGS1FPH,30 m² Appartement ∙ 1 chambre ∙ 2 personnes,Saas Fee - Valais
20/09/2024,16/11/2024,23/11/2024,751.95,HGS1FPH,30 m² Appartement ∙ 1 chambre ∙ 2 personnes,Saas Fee - Valais
20/09/2024,23/11/2024,30/11/2024,751.95,HGS1FPH,30 m² Appartement ∙ 1 chambre ∙ 2 personnes,Saas Fee - Valais
20/09/2024,30/11/2024,07/12/2024,819.79,HGS1FPH,30 m² Appartement ∙ 1 chambre ∙ 2 personnes,Saas Fee - Valais
20/09/2024,07/12/2024,14/12/2024,831.10,HGS1FPH,30 m² Appartement ∙ 1 chambre ∙ 2 personnes,Saas Fee - Valais
20/09/2024,14/12/2024,21/12/2024,902.34,HGS1FPH,30 m² Appartement ∙ 1 chambre ∙ 2 personnes,Saas Fee - Valais
20/09/2024,21/12/2024,28/12/2024,1131.88,HGS1FPH,30 m² Appartement ∙ 1 chambre ∙ 2 personnes,Saas Fee - Valais
20/09/2024,28/12/2024,04/01/2025,1131.88,HGS1FPH,30 m² Appartement ∙ 1 chambre ∙ 2 personnes,Saas Fee - Valais
20/09/2024,04/01/2025,11/01/2025,831.10,HGS1FPH,30 m² Appartement ∙ 1 chambre ∙ 2 personnes,Saas Fee - Valais
20/09/2024,11/01/2025,18/01/2025,831.10,HGS1FPH,30 m² Appartement ∙ 1 chambre ∙ 2 personnes,Saas Fee - Valais
20/09/2024,18/01/2025,25/01/2025,831.10,HGS1FPH,30 m² Appartement ∙ 1 chambre ∙ 2 personnes,Saas Fee - Valais
20/09/2024,25/01/2025,01/02/2025,902.34,HGS1FPH,30 m² Appartement ∙ 1 chambre ∙ 2 personnes,Saas Fee - Valais
20/09/2024,01/02/2025,08/02/2025,902.34,HGS1FPH,30 m² Appartement ∙ 1 chambre ∙ 2 personnes,Saas Fee - Valais
20/09/2024,08/02/2025,15/02/2025,902.34,HGS1FPH,30 m² Appartement ∙ 1 chambre ∙ 2 personnes,Saas Fee - Valais
20/09/2024,01/03/2025,08/03/2025,902.34,HGS1FPH,30 m² Appartement ∙ 1 chambre ∙ 2 personnes,Saas Fee - Valais
20/09/2024,08/03/2025,15/03/2025,902.34,HGS1FPH,30 m² Appartement ∙ 1 chambre ∙ 2 personnes,Saas Fee - Valais
20/09/2024,15/03/2025,22/03/2025,902.34,HGS1FPH,30 m² Appartement ∙ 1 chambre ∙ 2 personnes,Saas Fee - Valais
20/09/2024,22/03/2025,29/03/2025,902.34,HGS1FPH,30 m² Appartement ∙ 1 chambre ∙ 2 personnes,Saas Fee - Valais
20/09/2024,29/03/2025,05/04/2025,902.34,HGS1FPH,30 m² Appartement ∙ 1 chambre ∙ 2 personnes,Saas Fee - Valais
20/09/2024,07/12/2024,14/12/2024,720.00,H8BT9Z0,70 m² Appartement ∙ 2 chambres ∙ 5 personnes,Saas-Almagell - Valais
20/09/2024,14/12/2024,21/12/2024,818.00,H8BT9Z0,70 m² Appartement ∙ 2 chambres ∙ 5 personnes,Saas-Almagell - Valais
20/09/2024,11/01/2025,18/01/2025,764.00,H8BT9Z0,70 m² Appartement ∙ 2 chambres ∙ 5 personnes,Saas-Almagell - Valais
20/09/2024,25/01/2025,01/02/2025,910.00,H8BT9Z0,70 m² Appartement ∙ 2 chambres ∙ 5 personnes,Saas-Almagell - Valais
20/09/2024,08/03/2025,15/03/2025,926.00,H8BT9Z0,70 m² Appartement ∙ 2 chambres ∙ 5 personnes,Saas-Almagell - Valais
20/09/2024,15/03/2025,22/03/2025,818.00,H8BT9Z0,70 m² Appartement ∙ 2 chambres ∙ 5 personnes,Saas-Almagell - Valais
20/09/2024,22/03/2025,29/03/2025,764.00,H8BT9Z0,70 m² Appartement ∙ 2 chambres ∙ 5 personnes,Saas-Almagell - Valais
20/09/2024,29/03/2025,05/04/2025,764.00,H8BT9Z0,70 m² Appartement ∙ 2 chambres ∙ 5 personnes,Saas-Almagell - Valais
20/09/2024,05/04/2025,12/04/2025,764.00,H8BT9Z0,70 m² Appartement ∙ 2 chambres ∙ 5 personnes,Saas-Almagell - Valais
20/09/2024,12/04/2025,19/04/2025,926.00,H8BT9Z0,70 m² Appartement ∙ 2 chambres ∙ 5 personnes,Saas-Almagell - Valais
20/09/2024,19/04/2025,26/04/2025,926.00,H8BT9Z0,70 m² Appartement ∙ 2 chambres ∙ 5 personnes,Saas-Almagell - Valais
20/09/2024,21/09/2024,28/09/2024,503.72,HUTEZPR,34 m² Appartement ∙ 1 chambre ∙ 4 personnes,Nendaz - Valais
20/09/2024,28/09/2024,05/10/2024,503.72,HUTEZPR,34 m² Appartement ∙ 1 chambre ∙ 4 personnes,Nendaz - Valais
20/09/2024,05/10/2024,12/10/2024,503.72,HUTEZPR,34 m² Appartement ∙ 1 chambre ∙ 4 personnes,Nendaz - Valais
20/09/2024,12/10/2024,19/10/2024,503.72,HUTEZPR,34 m² Appartement ∙ 1 chambre ∙ 4 personnes,Nendaz - Valais
20/09/2024,19/10/2024,26/10/2024,503.72,HUTEZPR,34 m² Appartement ∙ 1 chambre ∙ 4 personnes,Nendaz - Valais
20/09/2024,26/10/2024,02/11/2024,503.72,HUTEZPR,34 m² Appartement ∙ 1 chambre ∙ 4 personnes,Nendaz - Valais
20/09/2024,02/11/2024,09/11/2024,503.72,HUTEZPR,34 m² Appartement ∙ 1 chambre ∙ 4 personnes,Nendaz - Valais
20/09/2024,09/11/2024,16/11/2024,503.72,HUTEZPR,34 m² Appartement ∙ 1 chambre ∙ 4 personnes,Nendaz - Valais
20/09/2024,16/11/2024,23/11/2024,503.72,HUTEZPR,34 m² Appartement ∙ 1 chambre ∙ 4 personnes,Nendaz - Valais
20/09/2024,23/11/2024,30/11/2024,646.12,HUTEZPR,34 m² Appartement ∙ 1 chambre ∙ 4 personnes,Nendaz - Valais
20/09/2024,30/11/2024,07/12/2024,1266.44,HK32TJD,148 m² Appartement ∙ 3 chambres ∙ 6 personnes,Saas Fee - Valais
20/09/2024,07/12/2024,14/12/2024,1266.44,HK32TJD,148 m² Appartement ∙ 3 chambres ∙ 6 personnes,Saas Fee - Valais
20/09/2024,14/12/2024,21/12/2024,1266.44,HK32TJD,148 m² Appartement ∙ 3 chambres ∙ 6 personnes,Saas Fee - Valais
20/09/2024,15/03/2025,22/03/2025,1464.32,HK32TJD,148 m² Appartement ∙ 3 chambres ∙ 6 personnes,Saas Fee - Valais
20/09/2024,22/03/2025,29/03/2025,1464.32,HK32TJD,148 m² Appartement ∙ 3 chambres ∙ 6 personnes,Saas Fee - Valais
20/09/2024,29/03/2025,05/04/2025,1464.32,HK32TJD,148 m² Appartement ∙ 3 chambres ∙ 6 personnes,Saas Fee - Valais
20/09/2024,21/09/2024,28/09/2024,874.64,H54YGVL,110 m² Appartement ∙ 2 chambres ∙ 4 personnes,Saas Grund - Valais
20/09/2024,28/09/2024,05/10/2024,1028.98,H54YGVL,110 m² Appartement ∙ 2 chambres ∙ 4 personnes,Saas Grund - Valais
20/09/2024,05/10/2024,12/10/2024,1028.98,H54YGVL,110 m² Appartement ∙ 2 chambres ∙ 4 personnes,Saas Grund - Valais
20/09/2024,12/10/2024,19/10/2024,1028.98,H54YGVL,110 m² Appartement ∙ 2 chambres ∙ 4 personnes,Saas Grund - Valais
20/09/2024,19/10/2024,26/10/2024,1028.98,H54YGVL,110 m² Appartement ∙ 2 chambres ∙ 4 personnes,Saas Grund - Valais
20/09/2024,26/10/2024,02/11/2024,1040.28,H54YGVL,110 m² Appartement ∙ 2 chambres ∙ 4 personnes,Saas Grund - Valais
20/09/2024,02/11/2024,09/11/2024,1108.13,H54YGVL,110 m² Appartement ∙ 2 chambres ∙ 4 personnes,Saas Grund - Valais
20/09/2024,09/11/2024,16/11/2024,1108.13,H54YGVL,110 m² Appartement ∙ 2 chambres ∙ 4 personnes,Saas Grund - Valais
20/09/2024,16/11/2024,23/11/2024,1108.13,H54YGVL,110 m² Appartement ∙ 2 chambres ∙ 4 personnes,Saas Grund - Valais
20/09/2024,23/11/2024,30/11/2024,1108.13,H54YGVL,110 m² Appartement ∙ 2 chambres ∙ 4 personnes,Saas Grund - Valais
20/09/2024,30/11/2024,07/12/2024,1108.13,H54YGVL,110 m² Appartement ∙ 2 chambres ∙ 4 personnes,Saas Grund - Valais
20/09/2024,07/12/2024,14/12/2024,1108.13,H54YGVL,110 m² Appartement ∙ 2 chambres ∙ 4 personnes,Saas Grund - Valais
20/09/2024,14/12/2024,21/12/2024,1108.13,H54YGVL,110 m² Appartement ∙ 2 chambres ∙ 4 personnes,Saas Grund - Valais
20/09/2024,08/02/2025,15/02/2025,1583.04,H54YGVL,110 m² Appartement ∙ 2 chambres ∙ 4 personnes,Saas Grund - Valais
20/09/2024,22/03/2025,29/03/2025,1583.04,H54YGVL,110 m² Appartement ∙ 2 chambres ∙ 4 personnes,Saas Grund - Valais
20/09/2024,29/03/2025,05/04/2025,1583.04,H54YGVL,110 m² Appartement ∙ 2 chambres ∙ 4 personnes,Saas Grund - Valais
20/09/2024,05/04/2025,12/04/2025,1583.04,H54YGVL,110 m² Appartement ∙ 2 chambres ∙ 4 personnes,Saas Grund - Valais
20/09/2024,12/04/2025,19/04/2025,1583.04,H54YGVL,110 m² Appartement ∙ 2 chambres ∙ 4 personnes,Saas Grund - Valais
20/09/2024,19/04/2025,26/04/2025,1583.04,H54YGVL,110 m² Appartement ∙ 2 chambres ∙ 4 personnes,Saas Grund - Valais
20/09/2024,16/11/2024,23/11/2024,1781.40,HCDX2N4,180 m² Maison de vacances ∙ 3 chambres ∙ 8 personnes,Crans-Montana - Valais
20/09/2024,23/11/2024,30/11/2024,1781.40,HCDX2N4,180 m² Maison de vacances ∙ 3 chambres ∙ 8 personnes,Crans-Montana - Valais
20/09/2024,30/11/2024,07/12/2024,1781.40,HCDX2N4,180 m² Maison de vacances ∙ 3 chambres ∙ 8 personnes,Crans-Montana - Valais
20/09/2024,07/12/2024,14/12/2024,1781.40,HCDX2N4,180 m² Maison de vacances ∙ 3 chambres ∙ 8 personnes,Crans-Montana - Valais
20/09/2024,14/12/2024,21/12/2024,1781.40,HCDX2N4,180 m² Maison de vacances ∙ 3 chambres ∙ 8 personnes,Crans-Montana - Valais
20/09/2024,11/01/2025,18/01/2025,1781.40,HCDX2N4,180 m² Maison de vacances ∙ 3 chambres ∙ 8 personnes,Crans-Montana - Valais
20/09/2024,25/01/2025,01/02/2025,2039.28,HCDX2N4,180 m² Maison de vacances ∙ 3 chambres ∙ 8 personnes,Crans-Montana - Valais
20/09/2024,01/02/2025,08/02/2025,2301.30,HCDX2N4,180 m² Maison de vacances ∙ 3 chambres ∙ 8 personnes,Crans-Montana - Valais
20/09/2024,08/03/2025,15/03/2025,2301.30,HCDX2N4,180 m² Maison de vacances ∙ 3 chambres ∙ 8 personnes,Crans-Montana - Valais
20/09/2024,15/03/2025,22/03/2025,2039.28,HCDX2N4,180 m² Maison de vacances ∙ 3 chambres ∙ 8 personnes,Crans-Montana - Valais
20/09/2024,22/03/2025,29/03/2025,1781.40,HCDX2N4,180 m² Maison de vacances ∙ 3 chambres ∙ 8 personnes,Crans-Montana - Valais
20/09/2024,05/04/2025,12/04/2025,1781.40,HCDX2N4,180 m² Maison de vacances ∙ 3 chambres ∙ 8 personnes,Crans-Montana - Valais
20/09/2024,12/04/2025,19/04/2025,2039.28,HCDX2N4,180 m² Maison de vacances ∙ 3 chambres ∙ 8 personnes,Crans-Montana - Valais
20/09/2024,19/04/2025,26/04/2025,2039.28,HCDX2N4,180 m² Maison de vacances ∙ 3 chambres ∙ 8 personnes,Crans-Montana - Valais
20/09/2024,05/10/2024,12/10/2024,628.78,HGPJ475,Appartement ∙ 1 chambre ∙ 4 personnes,Grächen - Valais
20/09/2024,26/10/2024,02/11/2024,628.78,HGPJ475,Appartement ∙ 1 chambre ∙ 4 personnes,Grächen - Valais
20/09/2024,02/11/2024,09/11/2024,628.78,HGPJ475,Appartement ∙ 1 chambre ∙ 4 personnes,Grächen - Valais
20/09/2024,09/11/2024,16/11/2024,628.78,HGPJ475,Appartement ∙ 1 chambre ∙ 4 personnes,Grächen - Valais
20/09/2024,16/11/2024,23/11/2024,628.78,HGPJ475,Appartement ∙ 1 chambre ∙ 4 personnes,Grächen - Valais
20/09/2024,23/11/2024,30/11/2024,628.78,HGPJ475,Appartement ∙ 1 chambre ∙ 4 personnes,Grächen - Valais
20/09/2024,30/11/2024,07/12/2024,628.78,HGPJ475,Appartement ∙ 1 chambre ∙ 4 personnes,Grächen - Valais
20/09/2024,28/09/2024,05/10/2024,785.00,H8DL69R,60 m² Appartement ∙ 1 chambre ∙ 3 personnes,Ovronnaz - Leytron - Valais
20/09/2024,05/10/2024,12/10/2024,785.00,H8DL69R,60 m² Appartement ∙ 1 chambre ∙ 3 personnes,Ovronnaz - Leytron - Valais
20/09/2024,12/10/2024,19/10/2024,785.00,H8DL69R,60 m² Appartement ∙ 1 chambre ∙ 3 personnes,Ovronnaz - Leytron - Valais
20/09/2024,02/11/2024,09/11/2024,785.00,H8DL69R,60 m² Appartement ∙ 1 chambre ∙ 3 personnes,Ovronnaz - Leytron - Valais
20/09/2024,09/11/2024,16/11/2024,785.00,H8DL69R,60 m² Appartement ∙ 1 chambre ∙ 3 personnes,Ovronnaz - Leytron - Valais
20/09/2024,16/11/2024,23/11/2024,785.00,H8DL69R,60 m² Appartement ∙ 1 chambre ∙ 3 personnes,Ovronnaz - Leytron - Valais
20/09/2024,23/11/2024,30/11/2024,785.00,H8DL69R,60 m² Appartement ∙ 1 chambre ∙ 3 personnes,Ovronnaz - Leytron - Valais
20/09/2024,30/11/2024,07/12/2024,785.00,H8DL69R,60 m² Appartement ∙ 1 chambre ∙ 3 personnes,Ovronnaz - Leytron - Valais
20/09/2024,07/12/2024,14/12/2024,785.00,H8DL69R,60 m² Appartement ∙ 1 chambre ∙ 3 personnes,Ovronnaz - Leytron - Valais
20/09/2024,14/12/2024,21/12/2024,785.00,H8DL69R,60 m² Appartement ∙ 1 chambre ∙ 3 personnes,Ovronnaz - Leytron - Valais
20/09/2024,04/01/2025,11/01/2025,785.00,H8DL69R,60 m² Appartement ∙ 1 chambre ∙ 3 personnes,Ovronnaz - Leytron - Valais
20/09/2024,08/02/2025,15/02/2025,922.00,H8DL69R,60 m² Appartement ∙ 1 chambre ∙ 3 personnes,Ovronnaz - Leytron - Valais
20/09/2024,15/02/2025,22/02/2025,1377.00,H8DL69R,60 m² Appartement ∙ 1 chambre ∙ 3 personnes,Ovronnaz - Leytron - Valais
20/09/2024,22/02/2025,01/03/2025,1377.00,H8DL69R,60 m² Appartement ∙ 1 chambre ∙ 3 personnes,Ovronnaz - Leytron - Valais
20/09/2024,01/03/2025,08/03/2025,1377.00,H8DL69R,60 m² Appartement ∙ 1 chambre ∙ 3 personnes,Ovronnaz - Leytron - Valais
20/09/2024,22/03/2025,29/03/2025,785.00,H8DL69R,60 m² Appartement ∙ 1 chambre ∙ 3 personnes,Ovronnaz - Leytron - Valais
20/09/2024,29/03/2025,05/04/2025,785.00,H8DL69R,60 m² Appartement ∙ 1 chambre ∙ 3 personnes,Ovronnaz - Leytron - Valais
20/09/2024,05/04/2025,12/04/2025,785.00,H8DL69R,60 m² Appartement ∙ 1 chambre ∙ 3 personnes,Ovronnaz - Leytron - Valais
20/09/2024,12/04/2025,19/04/2025,785.00,H8DL69R,60 m² Appartement ∙ 1 chambre ∙ 3 personnes,Ovronnaz - Leytron - Valais
20/09/2024,19/04/2025,26/04/2025,785.00,H8DL69R,60 m² Appartement ∙ 1 chambre ∙ 3 personnes,Ovronnaz - Leytron - Valais
20/09/2024,26/04/2025,03/05/2025,785.00,H8DL69R,60 m² Appartement ∙ 1 chambre ∙ 3 personnes,Ovronnaz - Leytron - Valais
20/09/2024,03/05/2025,10/05/2025,785.00,H8DL69R,60 m² Appartement ∙ 1 chambre ∙ 3 personnes,Ovronnaz - Leytron - Valais
20/09/2024,10/05/2025,17/05/2025,785.00,H8DL69R,60 m² Appartement ∙ 1 chambre ∙ 3 personnes,Ovronnaz - Leytron - Valais
20/09/2024,16/11/2024,23/11/2024,1145.19,H1RPHA3,100 m² Maison de vacances ∙ 3 chambres ∙ 8 personnes,Nendaz - Valais
20/09/2024,23/11/2024,30/11/2024,1145.19,H1RPHA3,100 m² Maison de vacances ∙ 3 chambres ∙ 8 personnes,Nendaz - Valais
20/09/2024,30/11/2024,07/12/2024,1145.19,H1RPHA3,100 m² Maison de vacances ∙ 3 chambres ∙ 8 personnes,Nendaz - Valais
20/09/2024,07/12/2024,14/12/2024,1145.19,H1RPHA3,100 m² Maison de vacances ∙ 3 chambres ∙ 8 personnes,Nendaz - Valais
20/09/2024,14/12/2024,21/12/2024,1145.19,H1RPHA3,100 m² Maison de vacances ∙ 3 chambres ∙ 8 personnes,Nendaz - Valais
20/09/2024,11/01/2025,18/01/2025,1229.52,H1RPHA3,100 m² Maison de vacances ∙ 3 chambres ∙ 8 personnes,Nendaz - Valais
20/09/2024,08/02/2025,15/02/2025,1812.47,H1RPHA3,100 m² Maison de vacances ∙ 3 chambres ∙ 8 personnes,Nendaz - Valais
20/09/2024,08/03/2025,15/03/2025,1376.00,H1RPHA3,100 m² Maison de vacances ∙ 3 chambres ∙ 8 personnes,Nendaz - Valais
20/09/2024,15/03/2025,22/03/2025,1229.52,H1RPHA3,100 m² Maison de vacances ∙ 3 chambres ∙ 8 personnes,Nendaz - Valais
20/09/2024,22/03/2025,29/03/2025,1229.52,H1RPHA3,100 m² Maison de vacances ∙ 3 chambres ∙ 8 personnes,Nendaz - Valais
20/09/2024,29/03/2025,05/04/2025,1145.19,H1RPHA3,100 m² Maison de vacances ∙ 3 chambres ∙ 8 personnes,Nendaz - Valais
20/09/2024,05/04/2025,12/04/2025,1145.19,H1RPHA3,100 m² Maison de vacances ∙ 3 chambres ∙ 8 personnes,Nendaz - Valais
20/09/2024,12/04/2025,19/04/2025,1229.52,H1RPHA3,100 m² Maison de vacances ∙ 3 chambres ∙ 8 personnes,Nendaz - Valais
20/09/2024,19/04/2025,26/04/2025,1229.52,H1RPHA3,100 m² Maison de vacances ∙ 3 chambres ∙ 8 personnes,Nendaz - Valais
20/09/2024,28/09/2024,05/10/2024,1036.00,HK2XJM8,87 m² Maison de vacances ∙ 3 chambres ∙ 6 personnes,Crans-Montana - Valais
20/09/2024,05/10/2024,12/10/2024,1325.00,HK2XJM8,87 m² Maison de vacances ∙ 3 chambres ∙ 6 personnes,Crans-Montana - Valais
20/09/2024,12/10/2024,19/10/2024,1325.00,HK2XJM8,87 m² Maison de vacances ∙ 3 chambres ∙ 6 personnes,Crans-Montana - Valais
20/09/2024,19/10/2024,26/10/2024,1325.00,HK2XJM8,87 m² Maison de vacances ∙ 3 chambres ∙ 6 personnes,Crans-Montana - Valais
20/09/2024,26/10/2024,02/11/2024,1325.00,HK2XJM8,87 m² Maison de vacances ∙ 3 chambres ∙ 6 personnes,Crans-Montana - Valais
20/09/2024,02/11/2024,09/11/2024,1352.00,HK2XJM8,87 m² Maison de vacances ∙ 3 chambres ∙ 6 personnes,Crans-Montana - Valais
20/09/2024,09/11/2024,16/11/2024,1352.00,HK2XJM8,87 m² Maison de vacances ∙ 3 chambres ∙ 6 personnes,Crans-Montana - Valais
20/09/2024,16/11/2024,23/11/2024,1352.00,HK2XJM8,87 m² Maison de vacances ∙ 3 chambres ∙ 6 personnes,Crans-Montana - Valais
20/09/2024,23/11/2024,30/11/2024,1352.00,HK2XJM8,87 m² Maison de vacances ∙ 3 chambres ∙ 6 personnes,Crans-Montana - Valais
20/09/2024,30/11/2024,07/12/2024,1352.00,HK2XJM8,87 m² Maison de vacances ∙ 3 chambres ∙ 6 personnes,Crans-Montana - Valais
20/09/2024,07/12/2024,14/12/2024,1352.00,HK2XJM8,87 m² Maison de vacances ∙ 3 chambres ∙ 6 personnes,Crans-Montana - Valais
20/09/2024,14/12/2024,21/12/2024,1352.00,HK2XJM8,87 m² Maison de vacances ∙ 3 chambres ∙ 6 personnes,Crans-Montana - Valais
20/09/2024,21/12/2024,28/12/2024,2671.00,HK2XJM8,87 m² Maison de vacances ∙ 3 chambres ∙ 6 personnes,Crans-Montana - Valais
20/09/2024,28/12/2024,04/01/2025,3173.00,HK2XJM8,87 m² Maison de vacances ∙ 3 chambres ∙ 6 personnes,Crans-Montana - Valais
20/09/2024,04/01/2025,11/01/2025,1693.00,HK2XJM8,87 m² Maison de vacances ∙ 3 chambres ∙ 6 personnes,Crans-Montana - Valais
20/09/2024,11/01/2025,18/01/2025,1693.00,HK2XJM8,87 m² Maison de vacances ∙ 3 chambres ∙ 6 personnes,Crans-Montana - Valais
20/09/2024,18/01/2025,25/01/2025,1693.00,HK2XJM8,87 m² Maison de vacances ∙ 3 chambres ∙ 6 personnes,Crans-Montana - Valais
20/09/2024,01/02/2025,08/02/2025,1906.00,HK2XJM8,87 m² Maison de vacances ∙ 3 chambres ∙ 6 personnes,Crans-Montana - Valais
20/09/2024,08/02/2025,15/02/2025,2242.00,HK2XJM8,87 m² Maison de vacances ∙ 3 chambres ∙ 6 personnes,Crans-Montana - Valais
20/09/2024,01/03/2025,08/03/2025,2242.00,HK2XJM8,87 m² Maison de vacances ∙ 3 chambres ∙ 6 personnes,Crans-Montana - Valais
20/09/2024,08/03/2025,15/03/2025,1352.00,HK2XJM8,87 m² Maison de vacances ∙ 3 chambres ∙ 6 personnes,Crans-Montana - Valais
20/09/2024,15/03/2025,22/03/2025,1352.00,HK2XJM8,87 m² Maison de vacances ∙ 3 chambres ∙ 6 personnes,Crans-Montana - Valais
20/09/2024,22/03/2025,29/03/2025,1352.00,HK2XJM8,87 m² Maison de vacances ∙ 3 chambres ∙ 6 personnes,Crans-Montana - Valais
20/09/2024,29/03/2025,05/04/2025,1352.00,HK2XJM8,87 m² Maison de vacances ∙ 3 chambres ∙ 6 personnes,Crans-Montana - Valais
20/09/2024,05/04/2025,12/04/2025,1352.00,HK2XJM8,87 m² Maison de vacances ∙ 3 chambres ∙ 6 personnes,Crans-Montana - Valais
20/09/2024,12/04/2025,19/04/2025,1693.00,HK2XJM8,87 m² Maison de vacances ∙ 3 chambres ∙ 6 personnes,Crans-Montana - Valais
20/09/2024,19/04/2025,26/04/2025,1693.00,HK2XJM8,87 m² Maison de vacances ∙ 3 chambres ∙ 6 personnes,Crans-Montana - Valais
20/09/2024,26/04/2025,03/05/2025,1352.00,HK2XJM8,87 m² Maison de vacances ∙ 3 chambres ∙ 6 personnes,Crans-Montana - Valais
20/09/2024,03/05/2025,10/05/2025,1352.00,HK2XJM8,87 m² Maison de vacances ∙ 3 chambres ∙ 6 personnes,Crans-Montana - Valais
20/09/2024,10/05/2025,17/05/2025,1352.00,HK2XJM8,87 m² Maison de vacances ∙ 3 chambres ∙ 6 personnes,Crans-Montana - Valais
20/09/2024,19/10/2024,26/10/2024,875.98,H7LTNRG,50 m² Appartement ∙ 1 chambre ∙ 2 personnes,Loèche-les-Bains - Valais
20/09/2024,26/10/2024,02/11/2024,741.68,H7LTNRG,50 m² Appartement ∙ 1 chambre ∙ 2 personnes,Loèche-les-Bains - Valais
20/09/2024,02/11/2024,09/11/2024,695.43,H7LTNRG,50 m² Appartement ∙ 1 chambre ∙ 2 personnes,Loèche-les-Bains - Valais
20/09/2024,09/11/2024,16/11/2024,671.81,H7LTNRG,50 m² Appartement ∙ 1 chambre ∙ 2 personnes,Loèche-les-Bains - Valais
20/09/2024,16/11/2024,23/11/2024,686.13,H7LTNRG,50 m² Appartement ∙ 1 chambre ∙ 2 personnes,Loèche-les-Bains - Valais
20/09/2024,23/11/2024,30/11/2024,723.17,H7LTNRG,50 m² Appartement ∙ 1 chambre ∙ 2 personnes,Loèche-les-Bains - Valais
20/09/2024,30/11/2024,07/12/2024,750.98,H7LTNRG,50 m² Appartement ∙ 1 chambre ∙ 2 personnes,Loèche-les-Bains - Valais
20/09/2024,07/12/2024,14/12/2024,827.43,H7LTNRG,50 m² Appartement ∙ 1 chambre ∙ 2 personnes,Loèche-les-Bains - Valais
20/09/2024,14/12/2024,21/12/2024,1093.94,H7LTNRG,50 m² Appartement ∙ 1 chambre ∙ 2 personnes,Loèche-les-Bains - Valais
20/09/2024,28/12/2024,04/01/2025,1807.73,H7LTNRG,50 m² Appartement ∙ 1 chambre ∙ 2 personnes,Loèche-les-Bains - Valais
20/09/2024,04/01/2025,11/01/2025,1807.73,H7LTNRG,50 m² Appartement ∙ 1 chambre ∙ 2 personnes,Loèche-les-Bains - Valais
20/09/2024,11/01/2025,18/01/2025,1077.41,H7LTNRG,50 m² Appartement ∙ 1 chambre ∙ 2 personnes,Loèche-les-Bains - Valais
20/09/2024,18/01/2025,25/01/2025,1191.04,H7LTNRG,50 m² Appartement ∙ 1 chambre ∙ 2 personnes,Loèche-les-Bains - Valais
20/09/2024,25/01/2025,01/02/2025,1509.21,H7LTNRG,50 m² Appartement ∙ 1 chambre ∙ 2 personnes,Loèche-les-Bains - Valais
20/09/2024,01/02/2025,08/02/2025,1771.58,H7LTNRG,50 m² Appartement ∙ 1 chambre ∙ 2 personnes,Loèche-les-Bains - Valais
20/09/2024,08/02/2025,15/02/2025,1781.92,H7LTNRG,50 m² Appartement ∙ 1 chambre ∙ 2 personnes,Loèche-les-Bains - Valais
20/09/2024,15/02/2025,22/02/2025,1807.73,H7LTNRG,50 m² Appartement ∙ 1 chambre ∙ 2 personnes,Loèche-les-Bains - Valais
20/09/2024,22/02/2025,01/03/2025,1807.73,H7LTNRG,50 m² Appartement ∙ 1 chambre ∙ 2 personnes,Loèche-les-Bains - Valais
20/09/2024,01/03/2025,08/03/2025,1807.73,H7LTNRG,50 m² Appartement ∙ 1 chambre ∙ 2 personnes,Loèche-les-Bains - Valais
20/09/2024,08/03/2025,15/03/2025,1235.46,H7LTNRG,50 m² Appartement ∙ 1 chambre ∙ 2 personnes,Loèche-les-Bains - Valais
20/09/2024,15/03/2025,22/03/2025,967.92,H7LTNRG,50 m² Appartement ∙ 1 chambre ∙ 2 personnes,Loèche-les-Bains - Valais
20/09/2024,22/03/2025,29/03/2025,1089.80,H7LTNRG,50 m² Appartement ∙ 1 chambre ∙ 2 personnes,Loèche-les-Bains - Valais
20/09/2024,29/03/2025,05/04/2025,1045.39,H7LTNRG,50 m² Appartement ∙ 1 chambre ∙ 2 personnes,Loèche-les-Bains - Valais
20/09/2024,05/04/2025,12/04/2025,946.22,H7LTNRG,50 m² Appartement ∙ 1 chambre ∙ 2 personnes,Loèche-les-Bains - Valais
20/09/2024,12/04/2025,19/04/2025,1059.86,H7LTNRG,50 m² Appartement ∙ 1 chambre ∙ 2 personnes,Loèche-les-Bains - Valais
20/09/2024,19/04/2025,26/04/2025,925.56,H7LTNRG,50 m² Appartement ∙ 1 chambre ∙ 2 personnes,Loèche-les-Bains - Valais
20/09/2024,26/04/2025,03/05/2025,833.62,H7LTNRG,50 m² Appartement ∙ 1 chambre ∙ 2 personnes,Loèche-les-Bains - Valais
20/09/2024,03/05/2025,10/05/2025,1056.75,H7LTNRG,50 m² Appartement ∙ 1 chambre ∙ 2 personnes,Loèche-les-Bains - Valais
20/09/2024,10/05/2025,17/05/2025,846.02,H7LTNRG,50 m² Appartement ∙ 1 chambre ∙ 2 personnes,Loèche-les-Bains - Valais
20/09/2024,28/09/2024,05/10/2024,1044.81,HS65TAN,70 m² Appartement ∙ 2 chambres ∙ 4 personnes,Saas Fee - Valais
20/09/2024,05/10/2024,12/10/2024,1044.81,HS65TAN,70 m² Appartement ∙ 2 chambres ∙ 4 personnes,Saas Fee - Valais
20/09/2024,12/10/2024,19/10/2024,1044.81,HS65TAN,70 m² Appartement ∙ 2 chambres ∙ 4 personnes,Saas Fee - Valais
20/09/2024,19/10/2024,26/10/2024,1044.81,HS65TAN,70 m² Appartement ∙ 2 chambres ∙ 4 personnes,Saas Fee - Valais
20/09/2024,26/10/2024,02/11/2024,1044.81,HS65TAN,70 m² Appartement ∙ 2 chambres ∙ 4 personnes,Saas Fee - Valais
20/09/2024,02/11/2024,09/11/2024,1044.81,HS65TAN,70 m² Appartement ∙ 2 chambres ∙ 4 personnes,Saas Fee - Valais
20/09/2024,09/11/2024,16/11/2024,1044.81,HS65TAN,70 m² Appartement ∙ 2 chambres ∙ 4 personnes,Saas Fee - Valais
20/09/2024,16/11/2024,23/11/2024,1044.81,HS65TAN,70 m² Appartement ∙ 2 chambres ∙ 4 personnes,Saas Fee - Valais
20/09/2024,23/11/2024,30/11/2024,1044.81,HS65TAN,70 m² Appartement ∙ 2 chambres ∙ 4 personnes,Saas Fee - Valais
20/09/2024,30/11/2024,07/12/2024,1044.81,HS65TAN,70 m² Appartement ∙ 2 chambres ∙ 4 personnes,Saas Fee - Valais
20/09/2024,07/12/2024,14/12/2024,1044.81,HS65TAN,70 m² Appartement ∙ 2 chambres ∙ 4 personnes,Saas Fee - Valais
20/09/2024,14/12/2024,21/12/2024,1519.72,HS65TAN,70 m² Appartement ∙ 2 chambres ∙ 4 personnes,Saas Fee - Valais
20/09/2024,04/01/2025,11/01/2025,1519.72,HS65TAN,70 m² Appartement ∙ 2 chambres ∙ 4 personnes,Saas Fee - Valais
20/09/2024,11/01/2025,18/01/2025,1044.81,HS65TAN,70 m² Appartement ∙ 2 chambres ∙ 4 personnes,Saas Fee - Valais
20/09/2024,18/01/2025,25/01/2025,1044.81,HS65TAN,70 m² Appartement ∙ 2 chambres ∙ 4 personnes,Saas Fee - Valais
20/09/2024,08/03/2025,15/03/2025,1678.03,HS65TAN,70 m² Appartement ∙ 2 chambres ∙ 4 personnes,Saas Fee - Valais
20/09/2024,15/03/2025,22/03/2025,1519.72,HS65TAN,70 m² Appartement ∙ 2 chambres ∙ 4 personnes,Saas Fee - Valais
20/09/2024,22/03/2025,29/03/2025,1519.72,HS65TAN,70 m² Appartement ∙ 2 chambres ∙ 4 personnes,Saas Fee - Valais
20/09/2024,29/03/2025,05/04/2025,1519.72,HS65TAN,70 m² Appartement ∙ 2 chambres ∙ 4 personnes,Saas Fee - Valais
20/09/2024,05/04/2025,12/04/2025,1519.72,HS65TAN,70 m² Appartement ∙ 2 chambres ∙ 4 personnes,Saas Fee - Valais
20/09/2024,12/04/2025,19/04/2025,1678.03,HS65TAN,70 m² Appartement ∙ 2 chambres ∙ 4 personnes,Saas Fee - Valais
20/09/2024,19/04/2025,26/04/2025,1678.03,HS65TAN,70 m² Appartement ∙ 2 chambres ∙ 4 personnes,Saas Fee - Valais
20/09/2024,16/11/2024,23/11/2024,982.85,HM831YA,46 m² Appartement ∙ 1 chambre ∙ 4 personnes,Hérémence - Valais
20/09/2024,23/11/2024,30/11/2024,982.85,HM831YA,46 m² Appartement ∙ 1 chambre ∙ 4 personnes,Hérémence - Valais
20/09/2024,30/11/2024,07/12/2024,982.85,HM831YA,46 m² Appartement ∙ 1 chambre ∙ 4 personnes,Hérémence - Valais
20/09/2024,07/12/2024,14/12/2024,982.85,HM831YA,46 m² Appartement ∙ 1 chambre ∙ 4 personnes,Hérémence - Valais
20/09/2024,14/12/2024,21/12/2024,982.85,HM831YA,46 m² Appartement ∙ 1 chambre ∙ 4 personnes,Hérémence - Valais
20/09/2024,21/12/2024,28/12/2024,1158.98,HM831YA,46 m² Appartement ∙ 1 chambre ∙ 4 personnes,Hérémence - Valais
20/09/2024,04/01/2025,11/01/2025,982.85,HM831YA,46 m² Appartement ∙ 1 chambre ∙ 4 personnes,Hérémence - Valais
20/09/2024,11/01/2025,18/01/2025,982.85,HM831YA,46 m² Appartement ∙ 1 chambre ∙ 4 personnes,Hérémence - Valais
20/09/2024,18/01/2025,25/01/2025,982.85,HM831YA,46 m² Appartement ∙ 1 chambre ∙ 4 personnes,Hérémence - Valais
20/09/2024,25/01/2025,01/02/2025,1158.98,HM831YA,46 m² Appartement ∙ 1 chambre ∙ 4 personnes,Hérémence - Valais
20/09/2024,08/02/2025,15/02/2025,982.85,HM831YA,46 m² Appartement ∙ 1 chambre ∙ 4 personnes,Hérémence - Valais
20/09/2024,15/02/2025,22/02/2025,1651.91,HM831YA,46 m² Appartement ∙ 1 chambre ∙ 4 personnes,Hérémence - Valais
20/09/2024,22/02/2025,01/03/2025,1651.91,HM831YA,46 m² Appartement ∙ 1 chambre ∙ 4 personnes,Hérémence - Valais
20/09/2024,01/03/2025,08/03/2025,1651.91,HM831YA,46 m² Appartement ∙ 1 chambre ∙ 4 personnes,Hérémence - Valais
20/09/2024,08/03/2025,15/03/2025,982.85,HM831YA,46 m² Appartement ∙ 1 chambre ∙ 4 personnes,Hérémence - Valais
20/09/2024,15/03/2025,22/03/2025,982.85,HM831YA,46 m² Appartement ∙ 1 chambre ∙ 4 personnes,Hérémence - Valais
20/09/2024,22/03/2025,29/03/2025,982.85,HM831YA,46 m² Appartement ∙ 1 chambre ∙ 4 personnes,Hérémence - Valais
20/09/2024,29/03/2025,05/04/2025,982.85,HM831YA,46 m² Appartement ∙ 1 chambre ∙ 4 personnes,Hérémence - Valais
20/09/2024,05/04/2025,12/04/2025,982.85,HM831YA,46 m² Appartement ∙ 1 chambre ∙ 4 personnes,Hérémence - Valais
20/09/2024,12/04/2025,19/04/2025,982.85,HM831YA,46 m² Appartement ∙ 1 chambre ∙ 4 personnes,Hérémence - Valais
20/09/2024,19/04/2025,26/04/2025,982.85,HM831YA,46 m² Appartement ∙ 1 chambre ∙ 4 personnes,Hérémence - Valais
20/09/2024,28/09/2024,05/10/2024,1283.21,HPBW47F,120 m² Maison de vacances ∙ 4 chambres ∙ 8 personnes,Hérémence - Valais
20/09/2024,05/10/2024,12/10/2024,1283.21,HPBW47F,120 m² Maison de vacances ∙ 4 chambres ∙ 8 personnes,Hérémence - Valais
20/09/2024,12/10/2024,19/10/2024,1283.21,HPBW47F,120 m² Maison de vacances ∙ 4 chambres ∙ 8 personnes,Hérémence - Valais
20/09/2024,19/10/2024,26/10/2024,1283.21,HPBW47F,120 m² Maison de vacances ∙ 4 chambres ∙ 8 personnes,Hérémence - Valais
20/09/2024,26/10/2024,02/11/2024,1283.21,HPBW47F,120 m² Maison de vacances ∙ 4 chambres ∙ 8 personnes,Hérémence - Valais
20/09/2024,02/11/2024,09/11/2024,1283.21,HPBW47F,120 m² Maison de vacances ∙ 4 chambres ∙ 8 personnes,Hérémence - Valais
20/09/2024,12/10/2024,19/10/2024,723.00,HV7KMUW,43 m² Appartement ∙ 1 chambre ∙ 3 personnes,Nendaz - Valais
20/09/2024,19/10/2024,26/10/2024,723.00,HV7KMUW,43 m² Appartement ∙ 1 chambre ∙ 3 personnes,Nendaz - Valais
20/09/2024,26/10/2024,02/11/2024,723.00,HV7KMUW,43 m² Appartement ∙ 1 chambre ∙ 3 personnes,Nendaz - Valais
20/09/2024,02/11/2024,09/11/2024,750.00,HV7KMUW,43 m² Appartement ∙ 1 chambre ∙ 3 personnes,Nendaz - Valais
20/09/2024,09/11/2024,16/11/2024,750.00,HV7KMUW,43 m² Appartement ∙ 1 chambre ∙ 3 personnes,Nendaz - Valais
20/09/2024,16/11/2024,23/11/2024,750.00,HV7KMUW,43 m² Appartement ∙ 1 chambre ∙ 3 personnes,Nendaz - Valais
20/09/2024,23/11/2024,30/11/2024,750.00,HV7KMUW,43 m² Appartement ∙ 1 chambre ∙ 3 personnes,Nendaz - Valais
20/09/2024,03/05/2025,10/05/2025,750.00,HV7KMUW,43 m² Appartement ∙ 1 chambre ∙ 3 personnes,Nendaz - Valais
20/09/2024,10/05/2025,17/05/2025,750.00,HV7KMUW,43 m² Appartement ∙ 1 chambre ∙ 3 personnes,Nendaz - Valais
20/09/2024,19/10/2024,26/10/2024,780.87,H5NAEKT,55 m² Appartement ∙ 1 chambre ∙ 4 personnes,Vercorin - Valais
20/09/2024,26/10/2024,02/11/2024,780.87,H5NAEKT,55 m² Appartement ∙ 1 chambre ∙ 4 personnes,Vercorin - Valais
20/09/2024,02/11/2024,09/11/2024,780.87,H5NAEKT,55 m² Appartement ∙ 1 chambre ∙ 4 personnes,Vercorin - Valais
20/09/2024,09/11/2024,16/11/2024,780.87,H5NAEKT,55 m² Appartement ∙ 1 chambre ∙ 4 personnes,Vercorin - Valais
20/09/2024,16/11/2024,23/11/2024,780.87,H5NAEKT,55 m² Appartement ∙ 1 chambre ∙ 4 personnes,Vercorin - Valais
20/09/2024,23/11/2024,30/11/2024,780.87,H5NAEKT,55 m² Appartement ∙ 1 chambre ∙ 4 personnes,Vercorin - Valais
20/09/2024,30/11/2024,07/12/2024,780.87,H5NAEKT,55 m² Appartement ∙ 1 chambre ∙ 4 personnes,Vercorin - Valais
20/09/2024,07/12/2024,14/12/2024,780.87,H5NAEKT,55 m² Appartement ∙ 1 chambre ∙ 4 personnes,Vercorin - Valais
20/09/2024,12/04/2025,19/04/2025,1051.68,H5NAEKT,55 m² Appartement ∙ 1 chambre ∙ 4 personnes,Vercorin - Valais
20/09/2024,19/04/2025,26/04/2025,1051.68,H5NAEKT,55 m² Appartement ∙ 1 chambre ∙ 4 personnes,Vercorin - Valais
20/09/2024,14/12/2024,21/12/2024,1158.94,HBCFGD3,44 m² Appartement ∙ 1 chambre ∙ 4 personnes,Val-d'Illiez - Valais
20/09/2024,28/12/2024,04/01/2025,1579.46,HBCFGD3,44 m² Appartement ∙ 1 chambre ∙ 4 personnes,Val-d'Illiez - Valais
20/09/2024,04/01/2025,11/01/2025,1158.94,HBCFGD3,44 m² Appartement ∙ 1 chambre ∙ 4 personnes,Val-d'Illiez - Valais
20/09/2024,11/01/2025,18/01/2025,1158.94,HBCFGD3,44 m² Appartement ∙ 1 chambre ∙ 4 personnes,Val-d'Illiez - Valais
20/09/2024,18/01/2025,25/01/2025,1158.94,HBCFGD3,44 m² Appartement ∙ 1 chambre ∙ 4 personnes,Val-d'Illiez - Valais
20/09/2024,01/02/2025,08/02/2025,1444.78,HBCFGD3,44 m² Appartement ∙ 1 chambre ∙ 4 personnes,Val-d'Illiez - Valais
20/09/2024,01/03/2025,08/03/2025,1444.78,HBCFGD3,44 m² Appartement ∙ 1 chambre ∙ 4 personnes,Val-d'Illiez - Valais
20/09/2024,08/03/2025,15/03/2025,1158.94,HBCFGD3,44 m² Appartement ∙ 1 chambre ∙ 4 personnes,Val-d'Illiez - Valais
20/09/2024,22/03/2025,29/03/2025,1158.94,HBCFGD3,44 m² Appartement ∙ 1 chambre ∙ 4 personnes,Val-d'Illiez - Valais
20/09/2024,29/03/2025,05/04/2025,1158.94,HBCFGD3,44 m² Appartement ∙ 1 chambre ∙ 4 personnes,Val-d'Illiez - Valais
20/09/2024,05/04/2025,12/04/2025,1158.94,HBCFGD3,44 m² Appartement ∙ 1 chambre ∙ 4 personnes,Val-d'Illiez - Valais
20/09/2024,12/04/2025,19/04/2025,1158.94,HBCFGD3,44 m² Appartement ∙ 1 chambre ∙ 4 personnes,Val-d'Illiez - Valais
20/09/2024,19/04/2025,26/04/2025,1158.94,HBCFGD3,44 m² Appartement ∙ 1 chambre ∙ 4 personnes,Val-d'Illiez - Valais
20/09/2024,28/09/2024,05/10/2024,1123.96,HDZMFPL,62 m² Appartement ∙ 1 chambre ∙ 3 personnes,Saas Fee - Valais
20/09/2024,05/10/2024,12/10/2024,1123.96,HDZMFPL,62 m² Appartement ∙ 1 chambre ∙ 3 personnes,Saas Fee - Valais
20/09/2024,02/11/2024,09/11/2024,1123.96,HDZMFPL,62 m² Appartement ∙ 1 chambre ∙ 3 personnes,Saas Fee - Valais
20/09/2024,23/11/2024,30/11/2024,1123.96,HDZMFPL,62 m² Appartement ∙ 1 chambre ∙ 3 personnes,Saas Fee - Valais
20/09/2024,30/11/2024,07/12/2024,1298.10,HDZMFPL,62 m² Appartement ∙ 1 chambre ∙ 3 personnes,Saas Fee - Valais
20/09/2024,04/01/2025,11/01/2025,1218.94,HDZMFPL,62 m² Appartement ∙ 1 chambre ∙ 3 personnes,Saas Fee - Valais
20/09/2024,11/01/2025,18/01/2025,1218.94,HDZMFPL,62 m² Appartement ∙ 1 chambre ∙ 3 personnes,Saas Fee - Valais
20/09/2024,25/01/2025,01/02/2025,1567.21,HDZMFPL,62 m² Appartement ∙ 1 chambre ∙ 3 personnes,Saas Fee - Valais
20/09/2024,29/03/2025,05/04/2025,1393.08,HDZMFPL,62 m² Appartement ∙ 1 chambre ∙ 3 personnes,Saas Fee - Valais
20/09/2024,19/04/2025,26/04/2025,1616.97,HDZMFPL,62 m² Appartement ∙ 1 chambre ∙ 3 personnes,Saas Fee - Valais
20/09/2024,05/10/2024,12/10/2024,780.87,HG0N4U6,60 m² Appartement ∙ 1 chambre ∙ 4 personnes,Nax - Valais
20/09/2024,12/10/2024,19/10/2024,780.87,HG0N4U6,60 m² Appartement ∙ 1 chambre ∙ 4 personnes,Nax - Valais
20/09/2024,19/10/2024,26/10/2024,780.87,HG0N4U6,60 m² Appartement ∙ 1 chambre ∙ 4 personnes,Nax - Valais
20/09/2024,09/11/2024,16/11/2024,780.87,HG0N4U6,60 m² Appartement ∙ 1 chambre ∙ 4 personnes,Nax - Valais
20/09/2024,16/11/2024,23/11/2024,780.87,HG0N4U6,60 m² Appartement ∙ 1 chambre ∙ 4 personnes,Nax - Valais
20/09/2024,23/11/2024,30/11/2024,780.87,HG0N4U6,60 m² Appartement ∙ 1 chambre ∙ 4 personnes,Nax - Valais
20/09/2024,30/11/2024,07/12/2024,780.87,HG0N4U6,60 m² Appartement ∙ 1 chambre ∙ 4 personnes,Nax - Valais
20/09/2024,07/12/2024,14/12/2024,780.87,HG0N4U6,60 m² Appartement ∙ 1 chambre ∙ 4 personnes,Nax - Valais
20/09/2024,14/12/2024,21/12/2024,790.04,HG0N4U6,60 m² Appartement ∙ 1 chambre ∙ 4 personnes,Nax - Valais
20/09/2024,21/12/2024,28/12/2024,1314.35,HG0N4U6,60 m² Appartement ∙ 1 chambre ∙ 4 personnes,Nax - Valais
20/09/2024,28/12/2024,04/01/2025,1445.69,HG0N4U6,60 m² Appartement ∙ 1 chambre ∙ 4 personnes,Nax - Valais
20/09/2024,04/01/2025,11/01/2025,1051.68,HG0N4U6,60 m² Appartement ∙ 1 chambre ∙ 4 personnes,Nax - Valais
20/09/2024,11/01/2025,18/01/2025,1051.68,HG0N4U6,60 m² Appartement ∙ 1 chambre ∙ 4 personnes,Nax - Valais
20/09/2024,18/01/2025,25/01/2025,1051.68,HG0N4U6,60 m² Appartement ∙ 1 chambre ∙ 4 personnes,Nax - Valais
20/09/2024,25/01/2025,01/02/2025,1051.68,HG0N4U6,60 m² Appartement ∙ 1 chambre ∙ 4 personnes,Nax - Valais
20/09/2024,01/02/2025,08/02/2025,1314.35,HG0N4U6,60 m² Appartement ∙ 1 chambre ∙ 4 personnes,Nax - Valais
20/09/2024,08/02/2025,15/02/2025,1314.35,HG0N4U6,60 m² Appartement ∙ 1 chambre ∙ 4 personnes,Nax - Valais
20/09/2024,22/02/2025,01/03/2025,1445.69,HG0N4U6,60 m² Appartement ∙ 1 chambre ∙ 4 personnes,Nax - Valais
20/09/2024,01/03/2025,08/03/2025,1445.69,HG0N4U6,60 m² Appartement ∙ 1 chambre ∙ 4 personnes,Nax - Valais
20/09/2024,08/03/2025,15/03/2025,1051.68,HG0N4U6,60 m² Appartement ∙ 1 chambre ∙ 4 personnes,Nax - Valais
20/09/2024,15/03/2025,22/03/2025,1051.68,HG0N4U6,60 m² Appartement ∙ 1 chambre ∙ 4 personnes,Nax - Valais
20/09/2024,22/03/2025,29/03/2025,1051.68,HG0N4U6,60 m² Appartement ∙ 1 chambre ∙ 4 personnes,Nax - Valais
20/09/2024,29/03/2025,05/04/2025,1051.68,HG0N4U6,60 m² Appartement ∙ 1 chambre ∙ 4 personnes,Nax - Valais
20/09/2024,05/04/2025,12/04/2025,1051.68,HG0N4U6,60 m² Appartement ∙ 1 chambre ∙ 4 personnes,Nax - Valais
20/09/2024,12/04/2025,19/04/2025,1051.68,HG0N4U6,60 m² Appartement ∙ 1 chambre ∙ 4 personnes,Nax - Valais
20/09/2024,19/04/2025,26/04/2025,1051.68,HG0N4U6,60 m² Appartement ∙ 1 chambre ∙ 4 personnes,Nax - Valais
20/09/2024,05/10/2024,12/10/2024,791.52,HD1L80F,36 m² Appartement ∙ 1 chambre ∙ 2 personnes,Saas Fee - Valais
20/09/2024,12/10/2024,19/10/2024,791.52,HD1L80F,36 m² Appartement ∙ 1 chambre ∙ 2 personnes,Saas Fee - Valais
20/09/2024,19/10/2024,26/10/2024,791.52,HD1L80F,36 m² Appartement ∙ 1 chambre ∙ 2 personnes,Saas Fee - Valais
20/09/2024,26/10/2024,02/11/2024,791.52,HD1L80F,36 m² Appartement ∙ 1 chambre ∙ 2 personnes,Saas Fee - Valais
20/09/2024,02/11/2024,09/11/2024,791.52,HD1L80F,36 m² Appartement ∙ 1 chambre ∙ 2 personnes,Saas Fee - Valais
20/09/2024,09/11/2024,16/11/2024,791.52,HD1L80F,36 m² Appartement ∙ 1 chambre ∙ 2 personnes,Saas Fee - Valais
20/09/2024,16/11/2024,23/11/2024,791.52,HD1L80F,36 m² Appartement ∙ 1 chambre ∙ 2 personnes,Saas Fee - Valais
20/09/2024,23/11/2024,30/11/2024,791.52,HD1L80F,36 m² Appartement ∙ 1 chambre ∙ 2 personnes,Saas Fee - Valais
20/09/2024,30/11/2024,07/12/2024,791.52,HD1L80F,36 m² Appartement ∙ 1 chambre ∙ 2 personnes,Saas Fee - Valais
20/09/2024,07/12/2024,14/12/2024,791.52,HD1L80F,36 m² Appartement ∙ 1 chambre ∙ 2 personnes,Saas Fee - Valais
20/09/2024,14/12/2024,21/12/2024,791.52,HD1L80F,36 m² Appartement ∙ 1 chambre ∙ 2 personnes,Saas Fee - Valais
20/09/2024,04/01/2025,11/01/2025,791.52,HD1L80F,36 m² Appartement ∙ 1 chambre ∙ 2 personnes,Saas Fee - Valais
20/09/2024,11/01/2025,18/01/2025,791.52,HD1L80F,36 m² Appartement ∙ 1 chambre ∙ 2 personnes,Saas Fee - Valais
20/09/2024,18/01/2025,25/01/2025,791.52,HD1L80F,36 m² Appartement ∙ 1 chambre ∙ 2 personnes,Saas Fee - Valais
20/09/2024,25/01/2025,01/02/2025,791.52,HD1L80F,36 m² Appartement ∙ 1 chambre ∙ 2 personnes,Saas Fee - Valais
20/09/2024,01/02/2025,08/02/2025,791.52,HD1L80F,36 m² Appartement ∙ 1 chambre ∙ 2 personnes,Saas Fee - Valais
20/09/2024,08/02/2025,15/02/2025,791.52,HD1L80F,36 m² Appartement ∙ 1 chambre ∙ 2 personnes,Saas Fee - Valais
20/09/2024,22/02/2025,01/03/2025,791.52,HD1L80F,36 m² Appartement ∙ 1 chambre ∙ 2 personnes,Saas Fee - Valais
20/09/2024,01/03/2025,08/03/2025,791.52,HD1L80F,36 m² Appartement ∙ 1 chambre ∙ 2 personnes,Saas Fee - Valais
20/09/2024,15/03/2025,22/03/2025,791.52,HD1L80F,36 m² Appartement ∙ 1 chambre ∙ 2 personnes,Saas Fee - Valais
20/09/2024,22/03/2025,29/03/2025,791.52,HD1L80F,36 m² Appartement ∙ 1 chambre ∙ 2 personnes,Saas Fee - Valais
20/09/2024,29/03/2025,05/04/2025,791.52,HD1L80F,36 m² Appartement ∙ 1 chambre ∙ 2 personnes,Saas Fee - Valais
20/09/2024,05/04/2025,12/04/2025,791.52,HD1L80F,36 m² Appartement ∙ 1 chambre ∙ 2 personnes,Saas Fee - Valais
20/09/2024,12/04/2025,19/04/2025,791.52,HD1L80F,36 m² Appartement ∙ 1 chambre ∙ 2 personnes,Saas Fee - Valais
20/09/2024,19/04/2025,26/04/2025,791.52,HD1L80F,36 m² Appartement ∙ 1 chambre ∙ 2 personnes,Saas Fee - Valais
20/09/2024,26/04/2025,03/05/2025,791.52,HD1L80F,36 m² Appartement ∙ 1 chambre ∙ 2 personnes,Saas Fee - Valais
20/09/2024,02/11/2024,09/11/2024,976.46,H1W7LZH,82 m² Appartement ∙ 2 chambres ∙ 4 personnes,Loèche-les-Bains - Valais
20/09/2024,09/11/2024,16/11/2024,976.46,H1W7LZH,82 m² Appartement ∙ 2 chambres ∙ 4 personnes,Loèche-les-Bains - Valais
20/09/2024,16/11/2024,23/11/2024,976.46,H1W7LZH,82 m² Appartement ∙ 2 chambres ∙ 4 personnes,Loèche-les-Bains - Valais
20/09/2024,23/11/2024,30/11/2024,976.46,H1W7LZH,82 m² Appartement ∙ 2 chambres ∙ 4 personnes,Loèche-les-Bains - Valais
20/09/2024,30/11/2024,07/12/2024,976.46,H1W7LZH,82 m² Appartement ∙ 2 chambres ∙ 4 personnes,Loèche-les-Bains - Valais
20/09/2024,07/12/2024,14/12/2024,976.46,H1W7LZH,82 m² Appartement ∙ 2 chambres ∙ 4 personnes,Loèche-les-Bains - Valais
20/09/2024,14/12/2024,21/12/2024,976.46,H1W7LZH,82 m² Appartement ∙ 2 chambres ∙ 4 personnes,Loèche-les-Bains - Valais
20/09/2024,21/12/2024,28/12/2024,1597.84,H1W7LZH,82 m² Appartement ∙ 2 chambres ∙ 4 personnes,Loèche-les-Bains - Valais
20/09/2024,25/01/2025,01/02/2025,1597.84,H1W7LZH,82 m² Appartement ∙ 2 chambres ∙ 4 personnes,Loèche-les-Bains - Valais
20/09/2024,01/02/2025,08/02/2025,1597.84,H1W7LZH,82 m² Appartement ∙ 2 chambres ∙ 4 personnes,Loèche-les-Bains - Valais
20/09/2024,08/03/2025,15/03/2025,1109.61,H1W7LZH,82 m² Appartement ∙ 2 chambres ∙ 4 personnes,Loèche-les-Bains - Valais
20/09/2024,15/03/2025,22/03/2025,1109.61,H1W7LZH,82 m² Appartement ∙ 2 chambres ∙ 4 personnes,Loèche-les-Bains - Valais
20/09/2024,22/03/2025,29/03/2025,1109.61,H1W7LZH,82 m² Appartement ∙ 2 chambres ∙ 4 personnes,Loèche-les-Bains - Valais
20/09/2024,29/03/2025,05/04/2025,1109.61,H1W7LZH,82 m² Appartement ∙ 2 chambres ∙ 4 personnes,Loèche-les-Bains - Valais
20/09/2024,05/04/2025,12/04/2025,1109.61,H1W7LZH,82 m² Appartement ∙ 2 chambres ∙ 4 personnes,Loèche-les-Bains - Valais
20/09/2024,12/04/2025,19/04/2025,1109.61,H1W7LZH,82 m² Appartement ∙ 2 chambres ∙ 4 personnes,Loèche-les-Bains - Valais
20/09/2024,19/04/2025,26/04/2025,1109.61,H1W7LZH,82 m² Appartement ∙ 2 chambres ∙ 4 personnes,Loèche-les-Bains - Valais
20/09/2024,26/04/2025,03/05/2025,976.46,H1W7LZH,82 m² Appartement ∙ 2 chambres ∙ 4 personnes,Loèche-les-Bains - Valais
20/09/2024,28/09/2024,05/10/2024,688.34,HT45J2R,60 m² Appartement ∙ 1 chambre ∙ 4 personnes,Chalais - Valais
20/09/2024,05/10/2024,12/10/2024,688.34,HT45J2R,60 m² Appartement ∙ 1 chambre ∙ 4 personnes,Chalais - Valais
20/09/2024,12/10/2024,19/10/2024,688.34,HT45J2R,60 m² Appartement ∙ 1 chambre ∙ 4 personnes,Chalais - Valais
20/09/2024,19/10/2024,26/10/2024,688.34,HT45J2R,60 m² Appartement ∙ 1 chambre ∙ 4 personnes,Chalais - Valais
20/09/2024,26/10/2024,02/11/2024,688.34,HT45J2R,60 m² Appartement ∙ 1 chambre ∙ 4 personnes,Chalais - Valais
20/09/2024,02/11/2024,09/11/2024,688.34,HT45J2R,60 m² Appartement ∙ 1 chambre ∙ 4 personnes,Chalais - Valais
20/09/2024,09/11/2024,16/11/2024,688.34,HT45J2R,60 m² Appartement ∙ 1 chambre ∙ 4 personnes,Chalais - Valais
20/09/2024,16/11/2024,23/11/2024,688.34,HT45J2R,60 m² Appartement ∙ 1 chambre ∙ 4 personnes,Chalais - Valais
20/09/2024,23/11/2024,30/11/2024,688.34,HT45J2R,60 m² Appartement ∙ 1 chambre ∙ 4 personnes,Chalais - Valais
20/09/2024,30/11/2024,07/12/2024,688.34,HT45J2R,60 m² Appartement ∙ 1 chambre ∙ 4 personnes,Chalais - Valais
20/09/2024,07/12/2024,14/12/2024,688.34,HT45J2R,60 m² Appartement ∙ 1 chambre ∙ 4 personnes,Chalais - Valais
20/09/2024,14/12/2024,21/12/2024,824.41,HT45J2R,60 m² Appartement ∙ 1 chambre ∙ 4 personnes,Chalais - Valais
20/09/2024,11/01/2025,18/01/2025,816.06,HT45J2R,60 m² Appartement ∙ 1 chambre ∙ 4 personnes,Chalais - Valais
20/09/2024,18/01/2025,25/01/2025,882.17,HT45J2R,60 m² Appartement ∙ 1 chambre ∙ 4 personnes,Chalais - Valais
20/09/2024,25/01/2025,01/02/2025,1023.69,HT45J2R,60 m² Appartement ∙ 1 chambre ∙ 4 personnes,Chalais - Valais
20/09/2024,01/02/2025,08/02/2025,1117.70,HT45J2R,60 m² Appartement ∙ 1 chambre ∙ 4 personnes,Chalais - Valais
20/09/2024,08/02/2025,15/02/2025,1420.36,HT45J2R,60 m² Appartement ∙ 1 chambre ∙ 4 personnes,Chalais - Valais
20/09/2024,15/03/2025,22/03/2025,950.35,HT45J2R,60 m² Appartement ∙ 1 chambre ∙ 4 personnes,Chalais - Valais
20/09/2024,22/03/2025,29/03/2025,791.27,HT45J2R,60 m² Appartement ∙ 1 chambre ∙ 4 personnes,Chalais - Valais
20/09/2024,29/03/2025,05/04/2025,928.66,HT45J2R,60 m² Appartement ∙ 1 chambre ∙ 4 personnes,Chalais - Valais
20/09/2024,05/04/2025,12/04/2025,943.12,HT45J2R,60 m² Appartement ∙ 1 chambre ∙ 4 personnes,Chalais - Valais
20/09/2024,12/04/2025,19/04/2025,1032.99,HT45J2R,60 m² Appartement ∙ 1 chambre ∙ 4 personnes,Chalais - Valais
20/09/2024,19/04/2025,26/04/2025,923.49,HT45J2R,60 m² Appartement ∙ 1 chambre ∙ 4 personnes,Chalais - Valais
20/09/2024,26/04/2025,03/05/2025,901.80,HT45J2R,60 m² Appartement ∙ 1 chambre ∙ 4 personnes,Chalais - Valais
20/09/2024,03/05/2025,10/05/2025,909.03,HT45J2R,60 m² Appartement ∙ 1 chambre ∙ 4 personnes,Chalais - Valais
20/09/2024,10/05/2025,17/05/2025,844.99,HT45J2R,60 m² Appartement ∙ 1 chambre ∙ 4 personnes,Chalais - Valais
20/09/2024,12/10/2024,19/10/2024,798.92,HGL3NF5,45 m² Appartement ∙ 1 chambre ∙ 3 personnes,Loèche-les-Bains - Valais
20/09/2024,19/10/2024,26/10/2024,798.92,HGL3NF5,45 m² Appartement ∙ 1 chambre ∙ 3 personnes,Loèche-les-Bains - Valais
20/09/2024,26/10/2024,02/11/2024,798.92,HGL3NF5,45 m² Appartement ∙ 1 chambre ∙ 3 personnes,Loèche-les-Bains - Valais
20/09/2024,02/11/2024,09/11/2024,798.92,HGL3NF5,45 m² Appartement ∙ 1 chambre ∙ 3 personnes,Loèche-les-Bains - Valais
20/09/2024,09/11/2024,16/11/2024,798.92,HGL3NF5,45 m² Appartement ∙ 1 chambre ∙ 3 personnes,Loèche-les-Bains - Valais
20/09/2024,16/11/2024,23/11/2024,798.92,HGL3NF5,45 m² Appartement ∙ 1 chambre ∙ 3 personnes,Loèche-les-Bains - Valais
20/09/2024,23/11/2024,30/11/2024,798.92,HGL3NF5,45 m² Appartement ∙ 1 chambre ∙ 3 personnes,Loèche-les-Bains - Valais
20/09/2024,30/11/2024,07/12/2024,798.92,HGL3NF5,45 m² Appartement ∙ 1 chambre ∙ 3 personnes,Loèche-les-Bains - Valais
20/09/2024,07/12/2024,14/12/2024,798.92,HGL3NF5,45 m² Appartement ∙ 1 chambre ∙ 3 personnes,Loèche-les-Bains - Valais
20/09/2024,14/12/2024,21/12/2024,875.00,HGL3NF5,45 m² Appartement ∙ 1 chambre ∙ 3 personnes,Loèche-les-Bains - Valais
20/09/2024,11/01/2025,18/01/2025,976.45,HGL3NF5,45 m² Appartement ∙ 1 chambre ∙ 3 personnes,Loèche-les-Bains - Valais
20/09/2024,18/01/2025,25/01/2025,976.45,HGL3NF5,45 m² Appartement ∙ 1 chambre ∙ 3 personnes,Loèche-les-Bains - Valais
20/09/2024,25/01/2025,01/02/2025,976.45,HGL3NF5,45 m² Appartement ∙ 1 chambre ∙ 3 personnes,Loèche-les-Bains - Valais
20/09/2024,08/02/2025,15/02/2025,1027.18,HGL3NF5,45 m² Appartement ∙ 1 chambre ∙ 3 personnes,Loèche-les-Bains - Valais
20/09/2024,15/02/2025,22/02/2025,1331.53,HGL3NF5,45 m² Appartement ∙ 1 chambre ∙ 3 personnes,Loèche-les-Bains - Valais
20/09/2024,15/03/2025,22/03/2025,976.45,HGL3NF5,45 m² Appartement ∙ 1 chambre ∙ 3 personnes,Loèche-les-Bains - Valais
20/09/2024,22/03/2025,29/03/2025,976.45,HGL3NF5,45 m² Appartement ∙ 1 chambre ∙ 3 personnes,Loèche-les-Bains - Valais
20/09/2024,29/03/2025,05/04/2025,976.45,HGL3NF5,45 m² Appartement ∙ 1 chambre ∙ 3 personnes,Loèche-les-Bains - Valais
20/09/2024,05/04/2025,12/04/2025,976.45,HGL3NF5,45 m² Appartement ∙ 1 chambre ∙ 3 personnes,Loèche-les-Bains - Valais
20/09/2024,12/04/2025,19/04/2025,976.45,HGL3NF5,45 m² Appartement ∙ 1 chambre ∙ 3 personnes,Loèche-les-Bains - Valais
20/09/2024,19/04/2025,26/04/2025,976.45,HGL3NF5,45 m² Appartement ∙ 1 chambre ∙ 3 personnes,Loèche-les-Bains - Valais
20/09/2024,05/10/2024,12/10/2024,710.15,H0FJ36G,32 m² Appartement ∙ 1 chambre ∙ 2 personnes,Loèche-les-Bains - Valais
20/09/2024,12/10/2024,19/10/2024,710.15,H0FJ36G,32 m² Appartement ∙ 1 chambre ∙ 2 personnes,Loèche-les-Bains - Valais
20/09/2024,19/10/2024,26/10/2024,615.04,H0FJ36G,32 m² Appartement ∙ 1 chambre ∙ 2 personnes,Loèche-les-Bains - Valais
20/09/2024,26/10/2024,02/11/2024,576.99,H0FJ36G,32 m² Appartement ∙ 1 chambre ∙ 2 personnes,Loèche-les-Bains - Valais
20/09/2024,02/11/2024,09/11/2024,576.99,H0FJ36G,32 m² Appartement ∙ 1 chambre ∙ 2 personnes,Loèche-les-Bains - Valais
20/09/2024,09/11/2024,16/11/2024,576.99,H0FJ36G,32 m² Appartement ∙ 1 chambre ∙ 2 personnes,Loèche-les-Bains - Valais
20/09/2024,16/11/2024,23/11/2024,576.99,H0FJ36G,32 m² Appartement ∙ 1 chambre ∙ 2 personnes,Loèche-les-Bains - Valais
20/09/2024,23/11/2024,30/11/2024,576.99,H0FJ36G,32 m² Appartement ∙ 1 chambre ∙ 2 personnes,Loèche-les-Bains - Valais
20/09/2024,30/11/2024,07/12/2024,576.99,H0FJ36G,32 m² Appartement ∙ 1 chambre ∙ 2 personnes,Loèche-les-Bains - Valais
20/09/2024,07/12/2024,14/12/2024,576.99,H0FJ36G,32 m² Appartement ∙ 1 chambre ∙ 2 personnes,Loèche-les-Bains - Valais
20/09/2024,14/12/2024,21/12/2024,576.99,H0FJ36G,32 m² Appartement ∙ 1 chambre ∙ 2 personnes,Loèche-les-Bains - Valais
20/09/2024,08/03/2025,15/03/2025,710.15,H0FJ36G,32 m² Appartement ∙ 1 chambre ∙ 2 personnes,Loèche-les-Bains - Valais
20/09/2024,15/03/2025,22/03/2025,710.15,H0FJ36G,32 m² Appartement ∙ 1 chambre ∙ 2 personnes,Loèche-les-Bains - Valais
20/09/2024,22/03/2025,29/03/2025,710.15,H0FJ36G,32 m² Appartement ∙ 1 chambre ∙ 2 personnes,Loèche-les-Bains - Valais
20/09/2024,29/03/2025,05/04/2025,710.15,H0FJ36G,32 m² Appartement ∙ 1 chambre ∙ 2 personnes,Loèche-les-Bains - Valais
20/09/2024,05/04/2025,12/04/2025,710.15,H0FJ36G,32 m² Appartement ∙ 1 chambre ∙ 2 personnes,Loèche-les-Bains - Valais
20/09/2024,12/04/2025,19/04/2025,710.15,H0FJ36G,32 m² Appartement ∙ 1 chambre ∙ 2 personnes,Loèche-les-Bains - Valais
20/09/2024,19/04/2025,26/04/2025,646.74,H0FJ36G,32 m² Appartement ∙ 1 chambre ∙ 2 personnes,Loèche-les-Bains - Valais
20/09/2024,26/04/2025,03/05/2025,621.38,H0FJ36G,32 m² Appartement ∙ 1 chambre ∙ 2 personnes,Loèche-les-Bains - Valais
20/09/2024,03/05/2025,10/05/2025,621.38,H0FJ36G,32 m² Appartement ∙ 1 chambre ∙ 2 personnes,Loèche-les-Bains - Valais
20/09/2024,10/05/2025,17/05/2025,621.38,H0FJ36G,32 m² Appartement ∙ 1 chambre ∙ 2 personnes,Loèche-les-Bains - Valais
20/09/2024,28/09/2024,05/10/2024,443.85,HG2HWVL,43 m² Appartement ∙ 1 chambre ∙ 5 personnes,Loèche-les-Bains - Valais
20/09/2024,26/10/2024,02/11/2024,443.85,HG2HWVL,43 m² Appartement ∙ 1 chambre ∙ 5 personnes,Loèche-les-Bains - Valais
20/09/2024,02/11/2024,09/11/2024,443.85,HG2HWVL,43 m² Appartement ∙ 1 chambre ∙ 5 personnes,Loèche-les-Bains - Valais
20/09/2024,09/11/2024,16/11/2024,443.85,HG2HWVL,43 m² Appartement ∙ 1 chambre ∙ 5 personnes,Loèche-les-Bains - Valais
20/09/2024,16/11/2024,23/11/2024,443.85,HG2HWVL,43 m² Appartement ∙ 1 chambre ∙ 5 personnes,Loèche-les-Bains - Valais
20/09/2024,23/11/2024,30/11/2024,443.85,HG2HWVL,43 m² Appartement ∙ 1 chambre ∙ 5 personnes,Loèche-les-Bains - Valais
20/09/2024,30/11/2024,07/12/2024,443.85,HG2HWVL,43 m² Appartement ∙ 1 chambre ∙ 5 personnes,Loèche-les-Bains - Valais
20/09/2024,07/12/2024,14/12/2024,494.57,HG2HWVL,43 m² Appartement ∙ 1 chambre ∙ 5 personnes,Loèche-les-Bains - Valais
20/09/2024,14/12/2024,21/12/2024,684.79,HG2HWVL,43 m² Appartement ∙ 1 chambre ∙ 5 personnes,Loèche-les-Bains - Valais
20/09/2024,18/01/2025,25/01/2025,710.15,HG2HWVL,43 m² Appartement ∙ 1 chambre ∙ 5 personnes,Loèche-les-Bains - Valais
20/09/2024,25/01/2025,01/02/2025,710.15,HG2HWVL,43 m² Appartement ∙ 1 chambre ∙ 5 personnes,Loèche-les-Bains - Valais
20/09/2024,15/03/2025,22/03/2025,443.85,HG2HWVL,43 m² Appartement ∙ 1 chambre ∙ 5 personnes,Loèche-les-Bains - Valais
20/09/2024,22/03/2025,29/03/2025,443.85,HG2HWVL,43 m² Appartement ∙ 1 chambre ∙ 5 personnes,Loèche-les-Bains - Valais
20/09/2024,05/10/2024,12/10/2024,1233.00,HCG6R0M,100 m² Maison de vacances ∙ 3 chambres ∙ 6 personnes,Chamoson - Valais
20/09/2024,12/10/2024,19/10/2024,1233.00,HCG6R0M,100 m² Maison de vacances ∙ 3 chambres ∙ 6 personnes,Chamoson - Valais
20/09/2024,02/11/2024,09/11/2024,1233.00,HCG6R0M,100 m² Maison de vacances ∙ 3 chambres ∙ 6 personnes,Chamoson - Valais
20/09/2024,09/11/2024,16/11/2024,1233.00,HCG6R0M,100 m² Maison de vacances ∙ 3 chambres ∙ 6 personnes,Chamoson - Valais
20/09/2024,16/11/2024,23/11/2024,1233.00,HCG6R0M,100 m² Maison de vacances ∙ 3 chambres ∙ 6 personnes,Chamoson - Valais
20/09/2024,23/11/2024,30/11/2024,1233.00,HCG6R0M,100 m² Maison de vacances ∙ 3 chambres ∙ 6 personnes,Chamoson - Valais
20/09/2024,30/11/2024,07/12/2024,1233.00,HCG6R0M,100 m² Maison de vacances ∙ 3 chambres ∙ 6 personnes,Chamoson - Valais
20/09/2024,07/12/2024,14/12/2024,1233.00,HCG6R0M,100 m² Maison de vacances ∙ 3 chambres ∙ 6 personnes,Chamoson - Valais
20/09/2024,14/12/2024,21/12/2024,1233.00,HCG6R0M,100 m² Maison de vacances ∙ 3 chambres ∙ 6 personnes,Chamoson - Valais
20/09/2024,21/12/2024,28/12/2024,2295.00,HCG6R0M,100 m² Maison de vacances ∙ 3 chambres ∙ 6 personnes,Chamoson - Valais
20/09/2024,28/12/2024,04/01/2025,2747.00,HCG6R0M,100 m² Maison de vacances ∙ 3 chambres ∙ 6 personnes,Chamoson - Valais
20/09/2024,04/01/2025,11/01/2025,1233.00,HCG6R0M,100 m² Maison de vacances ∙ 3 chambres ∙ 6 personnes,Chamoson - Valais
20/09/2024,11/01/2025,18/01/2025,1233.00,HCG6R0M,100 m² Maison de vacances ∙ 3 chambres ∙ 6 personnes,Chamoson - Valais
20/09/2024,18/01/2025,25/01/2025,1233.00,HCG6R0M,100 m² Maison de vacances ∙ 3 chambres ∙ 6 personnes,Chamoson - Valais
20/09/2024,25/01/2025,01/02/2025,1233.00,HCG6R0M,100 m² Maison de vacances ∙ 3 chambres ∙ 6 personnes,Chamoson - Valais
20/09/2024,01/02/2025,08/02/2025,1749.00,HCG6R0M,100 m² Maison de vacances ∙ 3 chambres ∙ 6 personnes,Chamoson - Valais
20/09/2024,08/02/2025,15/02/2025,1749.00,HCG6R0M,100 m² Maison de vacances ∙ 3 chambres ∙ 6 personnes,Chamoson - Valais
20/09/2024,15/02/2025,22/02/2025,2621.00,HCG6R0M,100 m² Maison de vacances ∙ 3 chambres ∙ 6 personnes,Chamoson - Valais
20/09/2024,22/02/2025,01/03/2025,2621.00,HCG6R0M,100 m² Maison de vacances ∙ 3 chambres ∙ 6 personnes,Chamoson - Valais
20/09/2024,01/03/2025,08/03/2025,2621.00,HCG6R0M,100 m² Maison de vacances ∙ 3 chambres ∙ 6 personnes,Chamoson - Valais
20/09/2024,08/03/2025,15/03/2025,1233.00,HCG6R0M,100 m² Maison de vacances ∙ 3 chambres ∙ 6 personnes,Chamoson - Valais
20/09/2024,15/03/2025,22/03/2025,1233.00,HCG6R0M,100 m² Maison de vacances ∙ 3 chambres ∙ 6 personnes,Chamoson - Valais
20/09/2024,22/03/2025,29/03/2025,1233.00,HCG6R0M,100 m² Maison de vacances ∙ 3 chambres ∙ 6 personnes,Chamoson - Valais
20/09/2024,29/03/2025,05/04/2025,1233.00,HCG6R0M,100 m² Maison de vacances ∙ 3 chambres ∙ 6 personnes,Chamoson - Valais
20/09/2024,05/04/2025,12/04/2025,1233.00,HCG6R0M,100 m² Maison de vacances ∙ 3 chambres ∙ 6 personnes,Chamoson - Valais
20/09/2024,12/04/2025,19/04/2025,1233.00,HCG6R0M,100 m² Maison de vacances ∙ 3 chambres ∙ 6 personnes,Chamoson - Valais
20/09/2024,19/04/2025,26/04/2025,1233.00,HCG6R0M,100 m² Maison de vacances ∙ 3 chambres ∙ 6 personnes,Chamoson - Valais
20/09/2024,26/04/2025,03/05/2025,1233.00,HCG6R0M,100 m² Maison de vacances ∙ 3 chambres ∙ 6 personnes,Chamoson - Valais
20/09/2024,03/05/2025,10/05/2025,1233.00,HCG6R0M,100 m² Maison de vacances ∙ 3 chambres ∙ 6 personnes,Chamoson - Valais
20/09/2024,10/05/2025,17/05/2025,1233.00,HCG6R0M,100 m² Maison de vacances ∙ 3 chambres ∙ 6 personnes,Chamoson - Valais
20/09/2024,05/10/2024,12/10/2024,704.00,HRUH9A2,52 m² Appartement ∙ 1 chambre ∙ 4 personnes,Ovronnaz - Leytron - Valais
20/09/2024,12/10/2024,19/10/2024,704.00,HRUH9A2,52 m² Appartement ∙ 1 chambre ∙ 4 personnes,Ovronnaz - Leytron - Valais
20/09/2024,19/10/2024,26/10/2024,704.00,HRUH9A2,52 m² Appartement ∙ 1 chambre ∙ 4 personnes,Ovronnaz - Leytron - Valais
20/09/2024,26/10/2024,02/11/2024,704.00,HRUH9A2,52 m² Appartement ∙ 1 chambre ∙ 4 personnes,Ovronnaz - Leytron - Valais
20/09/2024,02/11/2024,09/11/2024,704.00,HRUH9A2,52 m² Appartement ∙ 1 chambre ∙ 4 personnes,Ovronnaz - Leytron - Valais
20/09/2024,09/11/2024,16/11/2024,704.00,HRUH9A2,52 m² Appartement ∙ 1 chambre ∙ 4 personnes,Ovronnaz - Leytron - Valais
20/09/2024,16/11/2024,23/11/2024,704.00,HRUH9A2,52 m² Appartement ∙ 1 chambre ∙ 4 personnes,Ovronnaz - Leytron - Valais
20/09/2024,23/11/2024,30/11/2024,704.00,HRUH9A2,52 m² Appartement ∙ 1 chambre ∙ 4 personnes,Ovronnaz - Leytron - Valais
20/09/2024,30/11/2024,07/12/2024,704.00,HRUH9A2,52 m² Appartement ∙ 1 chambre ∙ 4 personnes,Ovronnaz - Leytron - Valais
20/09/2024,07/12/2024,14/12/2024,704.00,HRUH9A2,52 m² Appartement ∙ 1 chambre ∙ 4 personnes,Ovronnaz - Leytron - Valais
20/09/2024,14/12/2024,21/12/2024,704.00,HRUH9A2,52 m² Appartement ∙ 1 chambre ∙ 4 personnes,Ovronnaz - Leytron - Valais
20/09/2024,21/12/2024,28/12/2024,1197.00,HRUH9A2,52 m² Appartement ∙ 1 chambre ∙ 4 personnes,Ovronnaz - Leytron - Valais
20/09/2024,28/12/2024,04/01/2025,1390.00,HRUH9A2,52 m² Appartement ∙ 1 chambre ∙ 4 personnes,Ovronnaz - Leytron - Valais
20/09/2024,04/01/2025,11/01/2025,704.00,HRUH9A2,52 m² Appartement ∙ 1 chambre ∙ 4 personnes,Ovronnaz - Leytron - Valais
20/09/2024,11/01/2025,18/01/2025,704.00,HRUH9A2,52 m² Appartement ∙ 1 chambre ∙ 4 personnes,Ovronnaz - Leytron - Valais
20/09/2024,18/01/2025,25/01/2025,704.00,HRUH9A2,52 m² Appartement ∙ 1 chambre ∙ 4 personnes,Ovronnaz - Leytron - Valais
20/09/2024,25/01/2025,01/02/2025,704.00,HRUH9A2,52 m² Appartement ∙ 1 chambre ∙ 4 personnes,Ovronnaz - Leytron - Valais
20/09/2024,01/02/2025,08/02/2025,818.00,HRUH9A2,52 m² Appartement ∙ 1 chambre ∙ 4 personnes,Ovronnaz - Leytron - Valais
20/09/2024,08/02/2025,15/02/2025,818.00,HRUH9A2,52 m² Appartement ∙ 1 chambre ∙ 4 personnes,Ovronnaz - Leytron - Valais
20/09/2024,15/02/2025,22/02/2025,1326.00,HRUH9A2,52 m² Appartement ∙ 1 chambre ∙ 4 personnes,Ovronnaz - Leytron - Valais
20/09/2024,22/02/2025,01/03/2025,1326.00,HRUH9A2,52 m² Appartement ∙ 1 chambre ∙ 4 personnes,Ovronnaz - Leytron - Valais
20/09/2024,01/03/2025,08/03/2025,1326.00,HRUH9A2,52 m² Appartement ∙ 1 chambre ∙ 4 personnes,Ovronnaz - Leytron - Valais
20/09/2024,08/03/2025,15/03/2025,704.00,HRUH9A2,52 m² Appartement ∙ 1 chambre ∙ 4 personnes,Ovronnaz - Leytron - Valais
20/09/2024,15/03/2025,22/03/2025,704.00,HRUH9A2,52 m² Appartement ∙ 1 chambre ∙ 4 personnes,Ovronnaz - Leytron - Valais
20/09/2024,22/03/2025,29/03/2025,704.00,HRUH9A2,52 m² Appartement ∙ 1 chambre ∙ 4 personnes,Ovronnaz - Leytron - Valais
20/09/2024,29/03/2025,05/04/2025,704.00,HRUH9A2,52 m² Appartement ∙ 1 chambre ∙ 4 personnes,Ovronnaz - Leytron - Valais
20/09/2024,05/04/2025,12/04/2025,704.00,HRUH9A2,52 m² Appartement ∙ 1 chambre ∙ 4 personnes,Ovronnaz - Leytron - Valais
20/09/2024,12/04/2025,19/04/2025,704.00,HRUH9A2,52 m² Appartement ∙ 1 chambre ∙ 4 personnes,Ovronnaz - Leytron - Valais
20/09/2024,19/04/2025,26/04/2025,704.00,HRUH9A2,52 m² Appartement ∙ 1 chambre ∙ 4 personnes,Ovronnaz - Leytron - Valais
20/09/2024,26/04/2025,03/05/2025,704.00,HRUH9A2,52 m² Appartement ∙ 1 chambre ∙ 4 personnes,Ovronnaz - Leytron - Valais
20/09/2024,03/05/2025,10/05/2025,704.00,HRUH9A2,52 m² Appartement ∙ 1 chambre ∙ 4 personnes,Ovronnaz - Leytron - Valais
20/09/2024,10/05/2025,17/05/2025,704.00,HRUH9A2,52 m² Appartement ∙ 1 chambre ∙ 4 personnes,Ovronnaz - Leytron - Valais
20/09/2024,04/01/2025,11/01/2025,739.74,HGLJM32,Appartement ∙ 4 personnes,Grächen - Valais
20/09/2024,15/03/2025,22/03/2025,739.74,HGLJM32,Appartement ∙ 4 personnes,Grächen - Valais
20/09/2024,22/03/2025,29/03/2025,739.74,HGLJM32,Appartement ∙ 4 personnes,Grächen - Valais
20/09/2024,29/03/2025,05/04/2025,739.74,HGLJM32,Appartement ∙ 4 personnes,Grächen - Valais
20/09/2024,05/04/2025,12/04/2025,739.74,HGLJM32,Appartement ∙ 4 personnes,Grächen - Valais
20/09/2024,12/04/2025,19/04/2025,1257.56,HGLJM32,Appartement ∙ 4 personnes,Grächen - Valais
20/09/2024,05/10/2024,12/10/2024,621.02,H3HGK5B,50 m² Appartement ∙ 2 chambres ∙ 5 personnes,Veysonnaz - Valais
20/09/2024,12/10/2024,19/10/2024,621.02,H3HGK5B,50 m² Appartement ∙ 2 chambres ∙ 5 personnes,Veysonnaz - Valais
20/09/2024,19/10/2024,26/10/2024,621.02,H3HGK5B,50 m² Appartement ∙ 2 chambres ∙ 5 personnes,Veysonnaz - Valais
20/09/2024,26/10/2024,02/11/2024,621.02,H3HGK5B,50 m² Appartement ∙ 2 chambres ∙ 5 personnes,Veysonnaz - Valais
20/09/2024,02/11/2024,09/11/2024,621.02,H3HGK5B,50 m² Appartement ∙ 2 chambres ∙ 5 personnes,Veysonnaz - Valais
20/09/2024,09/11/2024,16/11/2024,621.02,H3HGK5B,50 m² Appartement ∙ 2 chambres ∙ 5 personnes,Veysonnaz - Valais
20/09/2024,16/11/2024,23/11/2024,621.02,H3HGK5B,50 m² Appartement ∙ 2 chambres ∙ 5 personnes,Veysonnaz - Valais
20/09/2024,23/11/2024,30/11/2024,1277.34,H3HGK5B,50 m² Appartement ∙ 2 chambres ∙ 5 personnes,Veysonnaz - Valais
20/09/2024,30/11/2024,07/12/2024,1277.34,H3HGK5B,50 m² Appartement ∙ 2 chambres ∙ 5 personnes,Veysonnaz - Valais
20/09/2024,07/12/2024,14/12/2024,1277.34,H3HGK5B,50 m² Appartement ∙ 2 chambres ∙ 5 personnes,Veysonnaz - Valais
20/09/2024,14/12/2024,21/12/2024,1277.34,H3HGK5B,50 m² Appartement ∙ 2 chambres ∙ 5 personnes,Veysonnaz - Valais
20/09/2024,21/12/2024,28/12/2024,1764.28,H3HGK5B,50 m² Appartement ∙ 2 chambres ∙ 5 personnes,Veysonnaz - Valais
20/09/2024,28/12/2024,04/01/2025,2477.83,H3HGK5B,50 m² Appartement ∙ 2 chambres ∙ 5 personnes,Veysonnaz - Valais
20/09/2024,04/01/2025,11/01/2025,1277.34,H3HGK5B,50 m² Appartement ∙ 2 chambres ∙ 5 personnes,Veysonnaz - Valais
20/09/2024,11/01/2025,18/01/2025,1277.34,H3HGK5B,50 m² Appartement ∙ 2 chambres ∙ 5 personnes,Veysonnaz - Valais
20/09/2024,18/01/2025,25/01/2025,1333.79,H3HGK5B,50 m² Appartement ∙ 2 chambres ∙ 5 personnes,Veysonnaz - Valais
20/09/2024,08/02/2025,15/02/2025,1764.28,H3HGK5B,50 m² Appartement ∙ 2 chambres ∙ 5 personnes,Veysonnaz - Valais
20/09/2024,15/02/2025,22/02/2025,2109.29,H3HGK5B,50 m² Appartement ∙ 2 chambres ∙ 5 personnes,Veysonnaz - Valais
20/09/2024,01/03/2025,08/03/2025,2477.83,H3HGK5B,50 m² Appartement ∙ 2 chambres ∙ 5 personnes,Veysonnaz - Valais
20/09/2024,08/03/2025,15/03/2025,2477.83,H3HGK5B,50 m² Appartement ∙ 2 chambres ∙ 5 personnes,Veysonnaz - Valais
20/09/2024,15/03/2025,22/03/2025,1277.34,H3HGK5B,50 m² Appartement ∙ 2 chambres ∙ 5 personnes,Veysonnaz - Valais
20/09/2024,22/03/2025,29/03/2025,1277.34,H3HGK5B,50 m² Appartement ∙ 2 chambres ∙ 5 personnes,Veysonnaz - Valais
20/09/2024,29/03/2025,05/04/2025,1277.34,H3HGK5B,50 m² Appartement ∙ 2 chambres ∙ 5 personnes,Veysonnaz - Valais
20/09/2024,05/04/2025,12/04/2025,1333.79,H3HGK5B,50 m² Appartement ∙ 2 chambres ∙ 5 personnes,Veysonnaz - Valais
20/09/2024,12/04/2025,19/04/2025,1333.79,H3HGK5B,50 m² Appartement ∙ 2 chambres ∙ 5 personnes,Veysonnaz - Valais
20/09/2024,19/04/2025,26/04/2025,1277.34,H3HGK5B,50 m² Appartement ∙ 2 chambres ∙ 5 personnes,Veysonnaz - Valais
20/09/2024,05/10/2024,12/10/2024,1179.37,HSM06WR,62 m² Appartement ∙ 2 chambres ∙ 5 personnes,Saas Fee - Valais
20/09/2024,12/10/2024,19/10/2024,1179.37,HSM06WR,62 m² Appartement ∙ 2 chambres ∙ 5 personnes,Saas Fee - Valais
20/09/2024,19/10/2024,26/10/2024,1179.37,HSM06WR,62 m² Appartement ∙ 2 chambres ∙ 5 personnes,Saas Fee - Valais
20/09/2024,26/10/2024,02/11/2024,1179.37,HSM06WR,62 m² Appartement ∙ 2 chambres ∙ 5 personnes,Saas Fee - Valais
20/09/2024,02/11/2024,09/11/2024,1179.37,HSM06WR,62 m² Appartement ∙ 2 chambres ∙ 5 personnes,Saas Fee - Valais
20/09/2024,09/11/2024,16/11/2024,1179.37,HSM06WR,62 m² Appartement ∙ 2 chambres ∙ 5 personnes,Saas Fee - Valais
20/09/2024,16/11/2024,23/11/2024,1179.37,HSM06WR,62 m² Appartement ∙ 2 chambres ∙ 5 personnes,Saas Fee - Valais
20/09/2024,23/11/2024,30/11/2024,1179.37,HSM06WR,62 m² Appartement ∙ 2 chambres ∙ 5 personnes,Saas Fee - Valais
20/09/2024,30/11/2024,07/12/2024,1250.61,HSM06WR,62 m² Appartement ∙ 2 chambres ∙ 5 personnes,Saas Fee - Valais
20/09/2024,14/12/2024,21/12/2024,1250.61,HSM06WR,62 m² Appartement ∙ 2 chambres ∙ 5 personnes,Saas Fee - Valais
20/09/2024,11/01/2025,18/01/2025,1274.35,HSM06WR,62 m² Appartement ∙ 2 chambres ∙ 5 personnes,Saas Fee - Valais
20/09/2024,18/01/2025,25/01/2025,1274.35,HSM06WR,62 m² Appartement ∙ 2 chambres ∙ 5 personnes,Saas Fee - Valais
20/09/2024,25/01/2025,01/02/2025,2319.16,HSM06WR,62 m² Appartement ∙ 2 chambres ∙ 5 personnes,Saas Fee - Valais
20/09/2024,08/03/2025,15/03/2025,1812.59,HSM06WR,62 m² Appartement ∙ 2 chambres ∙ 5 personnes,Saas Fee - Valais
20/09/2024,15/03/2025,22/03/2025,1812.59,HSM06WR,62 m² Appartement ∙ 2 chambres ∙ 5 personnes,Saas Fee - Valais
20/09/2024,22/03/2025,29/03/2025,1812.59,HSM06WR,62 m² Appartement ∙ 2 chambres ∙ 5 personnes,Saas Fee - Valais
20/09/2024,29/03/2025,05/04/2025,1812.59,HSM06WR,62 m² Appartement ∙ 2 chambres ∙ 5 personnes,Saas Fee - Valais
20/09/2024,05/04/2025,12/04/2025,1812.59,HSM06WR,62 m² Appartement ∙ 2 chambres ∙ 5 personnes,Saas Fee - Valais
20/09/2024,12/04/2025,19/04/2025,3023.62,HSM06WR,62 m² Appartement ∙ 2 chambres ∙ 5 personnes,Saas Fee - Valais
20/09/2024,19/04/2025,26/04/2025,1804.67,HSM06WR,62 m² Appartement ∙ 2 chambres ∙ 5 personnes,Saas Fee - Valais
20/09/2024,26/04/2025,03/05/2025,1221.21,HSM06WR,62 m² Appartement ∙ 2 chambres ∙ 5 personnes,Saas Fee - Valais
20/09/2024,03/05/2025,10/05/2025,1123.96,HSM06WR,62 m² Appartement ∙ 2 chambres ∙ 5 personnes,Saas Fee - Valais
20/09/2024,10/05/2025,17/05/2025,1123.96,HSM06WR,62 m² Appartement ∙ 2 chambres ∙ 5 personnes,Saas Fee - Valais
20/09/2024,07/12/2024,14/12/2024,1492.37,HAM7GTH,150 m² Chalet ∙ 4 chambres ∙ 8 personnes,Chamoson - Valais
20/09/2024,14/12/2024,21/12/2024,2013.73,HAM7GTH,150 m² Chalet ∙ 4 chambres ∙ 8 personnes,Chamoson - Valais
20/09/2024,04/01/2025,11/01/2025,3282.49,HAM7GTH,150 m² Chalet ∙ 4 chambres ∙ 8 personnes,Chamoson - Valais
20/09/2024,11/01/2025,18/01/2025,2302.97,HAM7GTH,150 m² Chalet ∙ 4 chambres ∙ 8 personnes,Chamoson - Valais
20/09/2024,18/01/2025,25/01/2025,2328.49,HAM7GTH,150 m² Chalet ∙ 4 chambres ∙ 8 personnes,Chamoson - Valais
20/09/2024,25/01/2025,01/02/2025,2687.00,HAM7GTH,150 m² Chalet ∙ 4 chambres ∙ 8 personnes,Chamoson - Valais
20/09/2024,01/02/2025,08/02/2025,3175.55,HAM7GTH,150 m² Chalet ∙ 4 chambres ∙ 8 personnes,Chamoson - Valais
20/09/2024,08/02/2025,15/02/2025,3875.55,HAM7GTH,150 m² Chalet ∙ 4 chambres ∙ 8 personnes,Chamoson - Valais
20/09/2024,15/02/2025,22/02/2025,5624.35,HAM7GTH,150 m² Chalet ∙ 4 chambres ∙ 8 personnes,Chamoson - Valais
20/09/2024,22/02/2025,01/03/2025,4982.68,HAM7GTH,150 m² Chalet ∙ 4 chambres ∙ 8 personnes,Chamoson - Valais
20/09/2024,08/03/2025,15/03/2025,2783.01,HAM7GTH,150 m² Chalet ∙ 4 chambres ∙ 8 personnes,Chamoson - Valais
20/09/2024,15/03/2025,22/03/2025,2007.66,HAM7GTH,150 m² Chalet ∙ 4 chambres ∙ 8 personnes,Chamoson - Valais
20/09/2024,22/03/2025,29/03/2025,1741.51,HAM7GTH,150 m² Chalet ∙ 4 chambres ∙ 8 personnes,Chamoson - Valais
20/09/2024,29/03/2025,05/04/2025,3486.66,HAM7GTH,150 m² Chalet ∙ 4 chambres ∙ 8 personnes,Chamoson - Valais
20/09/2024,05/04/2025,12/04/2025,2428.15,HAM7GTH,150 m² Chalet ∙ 4 chambres ∙ 8 personnes,Chamoson - Valais
20/09/2024,12/04/2025,19/04/2025,2460.96,HAM7GTH,150 m² Chalet ∙ 4 chambres ∙ 8 personnes,Chamoson - Valais
20/09/2024,19/04/2025,26/04/2025,2213.04,HAM7GTH,150 m² Chalet ∙ 4 chambres ∙ 8 personnes,Chamoson - Valais
20/09/2024,26/04/2025,03/05/2025,1624.84,HAM7GTH,150 m² Chalet ∙ 4 chambres ∙ 8 personnes,Chamoson - Valais
20/09/2024,03/05/2025,10/05/2025,1624.84,HAM7GTH,150 m² Chalet ∙ 4 chambres ∙ 8 personnes,Chamoson - Valais
20/09/2024,10/05/2025,17/05/2025,1624.84,HAM7GTH,150 m² Chalet ∙ 4 chambres ∙ 8 personnes,Chamoson - Valais
20/09/2024,04/01/2025,11/01/2025,1442.49,HY301T8,Appartement ∙ 2 chambres ∙ 4 personnes,Grächen - Valais
20/09/2024,11/01/2025,18/01/2025,1442.49,HY301T8,Appartement ∙ 2 chambres ∙ 4 personnes,Grächen - Valais
20/09/2024,15/03/2025,22/03/2025,1442.49,HY301T8,Appartement ∙ 2 chambres ∙ 4 personnes,Grächen - Valais
20/09/2024,22/03/2025,29/03/2025,1442.49,HY301T8,Appartement ∙ 2 chambres ∙ 4 personnes,Grächen - Valais
20/09/2024,29/03/2025,05/04/2025,1442.49,HY301T8,Appartement ∙ 2 chambres ∙ 4 personnes,Grächen - Valais
20/09/2024,21/09/2024,28/09/2024,791.53,H4DAL9C,40 m² Appartement ∙ 1 chambre ∙ 2 personnes,Saas Fee - Valais
20/09/2024,28/09/2024,05/10/2024,791.53,H4DAL9C,40 m² Appartement ∙ 1 chambre ∙ 2 personnes,Saas Fee - Valais
20/09/2024,19/10/2024,26/10/2024,621.92,H4DAL9C,40 m² Appartement ∙ 1 chambre ∙ 2 personnes,Saas Fee - Valais
20/09/2024,26/10/2024,02/11/2024,554.07,H4DAL9C,40 m² Appartement ∙ 1 chambre ∙ 2 personnes,Saas Fee - Valais
20/09/2024,02/11/2024,09/11/2024,554.07,H4DAL9C,40 m² Appartement ∙ 1 chambre ∙ 2 personnes,Saas Fee - Valais
20/09/2024,09/11/2024,16/11/2024,554.07,H4DAL9C,40 m² Appartement ∙ 1 chambre ∙ 2 personnes,Saas Fee - Valais
20/09/2024,30/11/2024,07/12/2024,791.53,H4DAL9C,40 m² Appartement ∙ 1 chambre ∙ 2 personnes,Saas Fee - Valais
20/09/2024,21/12/2024,28/12/2024,1147.71,H4DAL9C,40 m² Appartement ∙ 1 chambre ∙ 2 personnes,Saas Fee - Valais
20/09/2024,04/01/2025,11/01/2025,893.29,H4DAL9C,40 m² Appartement ∙ 1 chambre ∙ 2 personnes,Saas Fee - Valais
20/09/2024,11/01/2025,18/01/2025,791.53,H4DAL9C,40 m² Appartement ∙ 1 chambre ∙ 2 personnes,Saas Fee - Valais
20/09/2024,18/01/2025,25/01/2025,791.53,H4DAL9C,40 m² Appartement ∙ 1 chambre ∙ 2 personnes,Saas Fee - Valais
20/09/2024,25/01/2025,01/02/2025,1147.71,H4DAL9C,40 m² Appartement ∙ 1 chambre ∙ 2 personnes,Saas Fee - Valais
20/09/2024,01/02/2025,08/02/2025,1147.71,H4DAL9C,40 m² Appartement ∙ 1 chambre ∙ 2 personnes,Saas Fee - Valais
20/09/2024,08/02/2025,15/02/2025,1147.71,H4DAL9C,40 m² Appartement ∙ 1 chambre ∙ 2 personnes,Saas Fee - Valais
20/09/2024,22/02/2025,01/03/2025,1147.71,H4DAL9C,40 m² Appartement ∙ 1 chambre ∙ 2 personnes,Saas Fee - Valais
20/09/2024,01/03/2025,08/03/2025,1147.71,H4DAL9C,40 m² Appartement ∙ 1 chambre ∙ 2 personnes,Saas Fee - Valais
20/09/2024,08/03/2025,15/03/2025,893.29,H4DAL9C,40 m² Appartement ∙ 1 chambre ∙ 2 personnes,Saas Fee - Valais
20/09/2024,15/03/2025,22/03/2025,791.53,H4DAL9C,40 m² Appartement ∙ 1 chambre ∙ 2 personnes,Saas Fee - Valais
20/09/2024,22/03/2025,29/03/2025,791.53,H4DAL9C,40 m² Appartement ∙ 1 chambre ∙ 2 personnes,Saas Fee - Valais
20/09/2024,21/09/2024,28/09/2024,1031.93,H7PTRJ2,80 m² Appartement ∙ 2 chambres ∙ 4 personnes,Loèche-les-Bains - Valais
20/09/2024,26/10/2024,02/11/2024,878.81,H7PTRJ2,80 m² Appartement ∙ 2 chambres ∙ 4 personnes,Loèche-les-Bains - Valais
20/09/2024,02/11/2024,09/11/2024,878.81,H7PTRJ2,80 m² Appartement ∙ 2 chambres ∙ 4 personnes,Loèche-les-Bains - Valais
20/09/2024,09/11/2024,16/11/2024,878.81,H7PTRJ2,80 m² Appartement ∙ 2 chambres ∙ 4 personnes,Loèche-les-Bains - Valais
20/09/2024,16/11/2024,23/11/2024,878.81,H7PTRJ2,80 m² Appartement ∙ 2 chambres ∙ 4 personnes,Loèche-les-Bains - Valais
20/09/2024,23/11/2024,30/11/2024,878.81,H7PTRJ2,80 m² Appartement ∙ 2 chambres ∙ 4 personnes,Loèche-les-Bains - Valais
20/09/2024,30/11/2024,07/12/2024,878.81,H7PTRJ2,80 m² Appartement ∙ 2 chambres ∙ 4 personnes,Loèche-les-Bains - Valais
20/09/2024,07/12/2024,14/12/2024,878.81,H7PTRJ2,80 m² Appartement ∙ 2 chambres ∙ 4 personnes,Loèche-les-Bains - Valais
20/09/2024,14/12/2024,21/12/2024,878.81,H7PTRJ2,80 m² Appartement ∙ 2 chambres ∙ 4 personnes,Loèche-les-Bains - Valais
20/09/2024,11/01/2025,18/01/2025,1198.38,H7PTRJ2,80 m² Appartement ∙ 2 chambres ∙ 4 personnes,Loèche-les-Bains - Valais
20/09/2024,08/02/2025,15/02/2025,1597.84,H7PTRJ2,80 m² Appartement ∙ 2 chambres ∙ 4 personnes,Loèche-les-Bains - Valais
20/09/2024,08/03/2025,15/03/2025,1198.38,H7PTRJ2,80 m² Appartement ∙ 2 chambres ∙ 4 personnes,Loèche-les-Bains - Valais
20/09/2024,15/03/2025,22/03/2025,1198.38,H7PTRJ2,80 m² Appartement ∙ 2 chambres ∙ 4 personnes,Loèche-les-Bains - Valais
20/09/2024,22/03/2025,29/03/2025,1198.38,H7PTRJ2,80 m² Appartement ∙ 2 chambres ∙ 4 personnes,Loèche-les-Bains - Valais
20/09/2024,29/03/2025,05/04/2025,1198.38,H7PTRJ2,80 m² Appartement ∙ 2 chambres ∙ 4 personnes,Loèche-les-Bains - Valais
20/09/2024,05/04/2025,12/04/2025,1198.38,H7PTRJ2,80 m² Appartement ∙ 2 chambres ∙ 4 personnes,Loèche-les-Bains - Valais
20/09/2024,12/04/2025,19/04/2025,1597.84,H7PTRJ2,80 m² Appartement ∙ 2 chambres ∙ 4 personnes,Loèche-les-Bains - Valais
20/09/2024,19/04/2025,26/04/2025,1597.84,H7PTRJ2,80 m² Appartement ∙ 2 chambres ∙ 4 personnes,Loèche-les-Bains - Valais
20/09/2024,26/04/2025,03/05/2025,878.81,H7PTRJ2,80 m² Appartement ∙ 2 chambres ∙ 4 personnes,Loèche-les-Bains - Valais
20/09/2024,03/05/2025,10/05/2025,878.81,H7PTRJ2,80 m² Appartement ∙ 2 chambres ∙ 4 personnes,Loèche-les-Bains - Valais
20/09/2024,10/05/2025,17/05/2025,878.81,H7PTRJ2,80 m² Appartement ∙ 2 chambres ∙ 4 personnes,Loèche-les-Bains - Valais
20/09/2024,12/10/2024,19/10/2024,562.00,H6YAT9K,28 m² Appartement ∙ 1 chambre ∙ 2 personnes,Zinal - Ayer - Valais
20/09/2024,19/10/2024,26/10/2024,562.00,H6YAT9K,28 m² Appartement ∙ 1 chambre ∙ 2 personnes,Zinal - Ayer - Valais
20/09/2024,26/10/2024,02/11/2024,562.00,H6YAT9K,28 m² Appartement ∙ 1 chambre ∙ 2 personnes,Zinal - Ayer - Valais
20/09/2024,02/11/2024,09/11/2024,562.00,H6YAT9K,28 m² Appartement ∙ 1 chambre ∙ 2 personnes,Zinal - Ayer - Valais
20/09/2024,09/11/2024,16/11/2024,562.00,H6YAT9K,28 m² Appartement ∙ 1 chambre ∙ 2 personnes,Zinal - Ayer - Valais
20/09/2024,30/11/2024,07/12/2024,562.00,H6YAT9K,28 m² Appartement ∙ 1 chambre ∙ 2 personnes,Zinal - Ayer - Valais
20/09/2024,07/12/2024,14/12/2024,562.00,H6YAT9K,28 m² Appartement ∙ 1 chambre ∙ 2 personnes,Zinal - Ayer - Valais
20/09/2024,14/12/2024,21/12/2024,684.00,H6YAT9K,28 m² Appartement ∙ 1 chambre ∙ 2 personnes,Zinal - Ayer - Valais
20/09/2024,01/02/2025,08/02/2025,820.00,H6YAT9K,28 m² Appartement ∙ 1 chambre ∙ 2 personnes,Zinal - Ayer - Valais
20/09/2024,08/02/2025,15/02/2025,820.00,H6YAT9K,28 m² Appartement ∙ 1 chambre ∙ 2 personnes,Zinal - Ayer - Valais
20/09/2024,22/02/2025,01/03/2025,1010.00,H6YAT9K,28 m² Appartement ∙ 1 chambre ∙ 2 personnes,Zinal - Ayer - Valais
20/09/2024,08/03/2025,15/03/2025,820.00,H6YAT9K,28 m² Appartement ∙ 1 chambre ∙ 2 personnes,Zinal - Ayer - Valais
20/09/2024,15/03/2025,22/03/2025,684.00,H6YAT9K,28 m² Appartement ∙ 1 chambre ∙ 2 personnes,Zinal - Ayer - Valais
20/09/2024,12/04/2025,19/04/2025,562.00,H6YAT9K,28 m² Appartement ∙ 1 chambre ∙ 2 personnes,Zinal - Ayer - Valais
20/09/2024,19/04/2025,26/04/2025,562.00,H6YAT9K,28 m² Appartement ∙ 1 chambre ∙ 2 personnes,Zinal - Ayer - Valais
20/09/2024,26/04/2025,03/05/2025,562.00,H6YAT9K,28 m² Appartement ∙ 1 chambre ∙ 2 personnes,Zinal - Ayer - Valais
20/09/2024,03/05/2025,10/05/2025,562.00,H6YAT9K,28 m² Appartement ∙ 1 chambre ∙ 2 personnes,Zinal - Ayer - Valais
20/09/2024,10/05/2025,17/05/2025,562.00,H6YAT9K,28 m² Appartement ∙ 1 chambre ∙ 2 personnes,Zinal - Ayer - Valais
20/09/2024,21/09/2024,28/09/2024,1021.40,HGLV9FA,56 m² Appartement ∙ 2 chambres ∙ 6 personnes,Zinal - Ayer - Valais
20/09/2024,28/09/2024,05/10/2024,1021.40,HGLV9FA,56 m² Appartement ∙ 2 chambres ∙ 6 personnes,Zinal - Ayer - Valais
20/09/2024,05/10/2024,12/10/2024,1021.40,HGLV9FA,56 m² Appartement ∙ 2 chambres ∙ 6 personnes,Zinal - Ayer - Valais
20/09/2024,12/10/2024,19/10/2024,1021.40,HGLV9FA,56 m² Appartement ∙ 2 chambres ∙ 6 personnes,Zinal - Ayer - Valais
20/09/2024,19/10/2024,26/10/2024,1021.40,HGLV9FA,56 m² Appartement ∙ 2 chambres ∙ 6 personnes,Zinal - Ayer - Valais
20/09/2024,26/10/2024,02/11/2024,1021.40,HGLV9FA,56 m² Appartement ∙ 2 chambres ∙ 6 personnes,Zinal - Ayer - Valais
20/09/2024,02/11/2024,09/11/2024,1021.40,HGLV9FA,56 m² Appartement ∙ 2 chambres ∙ 6 personnes,Zinal - Ayer - Valais
20/09/2024,09/11/2024,16/11/2024,1021.40,HGLV9FA,56 m² Appartement ∙ 2 chambres ∙ 6 personnes,Zinal - Ayer - Valais
20/09/2024,16/11/2024,23/11/2024,1021.40,HGLV9FA,56 m² Appartement ∙ 2 chambres ∙ 6 personnes,Zinal - Ayer - Valais
20/09/2024,23/11/2024,30/11/2024,1182.90,HGLV9FA,56 m² Appartement ∙ 2 chambres ∙ 6 personnes,Zinal - Ayer - Valais
20/09/2024,30/11/2024,07/12/2024,1164.42,HGLV9FA,56 m² Appartement ∙ 2 chambres ∙ 6 personnes,Zinal - Ayer - Valais
20/09/2024,07/12/2024,14/12/2024,1164.42,HGLV9FA,56 m² Appartement ∙ 2 chambres ∙ 6 personnes,Zinal - Ayer - Valais
20/09/2024,14/12/2024,21/12/2024,1164.42,HGLV9FA,56 m² Appartement ∙ 2 chambres ∙ 6 personnes,Zinal - Ayer - Valais
20/09/2024,04/01/2025,11/01/2025,1164.42,HGLV9FA,56 m² Appartement ∙ 2 chambres ∙ 6 personnes,Zinal - Ayer - Valais
20/09/2024,08/02/2025,15/02/2025,1961.87,HGLV9FA,56 m² Appartement ∙ 2 chambres ∙ 6 personnes,Zinal - Ayer - Valais
20/09/2024,22/02/2025,01/03/2025,3826.53,HGLV9FA,56 m² Appartement ∙ 2 chambres ∙ 6 personnes,Zinal - Ayer - Valais
20/09/2024,01/03/2025,08/03/2025,3826.53,HGLV9FA,56 m² Appartement ∙ 2 chambres ∙ 6 personnes,Zinal - Ayer - Valais
20/09/2024,08/03/2025,15/03/2025,3826.53,HGLV9FA,56 m² Appartement ∙ 2 chambres ∙ 6 personnes,Zinal - Ayer - Valais
20/09/2024,15/03/2025,22/03/2025,1164.42,HGLV9FA,56 m² Appartement ∙ 2 chambres ∙ 6 personnes,Zinal - Ayer - Valais
20/09/2024,22/03/2025,29/03/2025,1164.42,HGLV9FA,56 m² Appartement ∙ 2 chambres ∙ 6 personnes,Zinal - Ayer - Valais
20/09/2024,29/03/2025,05/04/2025,1164.42,HGLV9FA,56 m² Appartement ∙ 2 chambres ∙ 6 personnes,Zinal - Ayer - Valais
20/09/2024,05/04/2025,12/04/2025,1298.51,HGLV9FA,56 m² Appartement ∙ 2 chambres ∙ 6 personnes,Zinal - Ayer - Valais
20/09/2024,12/04/2025,19/04/2025,1298.51,HGLV9FA,56 m² Appartement ∙ 2 chambres ∙ 6 personnes,Zinal - Ayer - Valais
20/09/2024,19/04/2025,26/04/2025,1164.42,HGLV9FA,56 m² Appartement ∙ 2 chambres ∙ 6 personnes,Zinal - Ayer - Valais
20/09/2024,28/09/2024,05/10/2024,730.06,HR8JGK7,25 m² Appartement ∙ 1 chambre ∙ 2 personnes,Zermatt - Valais
20/09/2024,12/10/2024,19/10/2024,727.17,HR8JGK7,25 m² Appartement ∙ 1 chambre ∙ 2 personnes,Zermatt - Valais
20/09/2024,19/10/2024,26/10/2024,727.17,HR8JGK7,25 m² Appartement ∙ 1 chambre ∙ 2 personnes,Zermatt - Valais
20/09/2024,26/10/2024,02/11/2024,729.04,HR8JGK7,25 m² Appartement ∙ 1 chambre ∙ 2 personnes,Zermatt - Valais
20/09/2024,02/11/2024,09/11/2024,727.17,HR8JGK7,25 m² Appartement ∙ 1 chambre ∙ 2 personnes,Zermatt - Valais
20/09/2024,09/11/2024,16/11/2024,728.00,HR8JGK7,25 m² Appartement ∙ 1 chambre ∙ 2 personnes,Zermatt - Valais
20/09/2024,16/11/2024,23/11/2024,746.21,HR8JGK7,25 m² Appartement ∙ 1 chambre ∙ 2 personnes,Zermatt - Valais
20/09/2024,23/11/2024,30/11/2024,768.55,HR8JGK7,25 m² Appartement ∙ 1 chambre ∙ 2 personnes,Zermatt - Valais
20/09/2024,30/11/2024,07/12/2024,848.10,HR8JGK7,25 m² Appartement ∙ 1 chambre ∙ 2 personnes,Zermatt - Valais
20/09/2024,07/12/2024,14/12/2024,1005.11,HR8JGK7,25 m² Appartement ∙ 1 chambre ∙ 2 personnes,Zermatt - Valais
20/09/2024,21/12/2024,28/12/2024,2455.44,HR8JGK7,25 m² Appartement ∙ 1 chambre ∙ 2 personnes,Zermatt - Valais
20/09/2024,04/01/2025,11/01/2025,2530.85,HR8JGK7,25 m² Appartement ∙ 1 chambre ∙ 2 personnes,Zermatt - Valais
20/09/2024,11/01/2025,18/01/2025,1253.03,HR8JGK7,25 m² Appartement ∙ 1 chambre ∙ 2 personnes,Zermatt - Valais
20/09/2024,18/01/2025,25/01/2025,1490.61,HR8JGK7,25 m² Appartement ∙ 1 chambre ∙ 2 personnes,Zermatt - Valais
20/09/2024,25/01/2025,01/02/2025,1507.14,HR8JGK7,25 m² Appartement ∙ 1 chambre ∙ 2 personnes,Zermatt - Valais
20/09/2024,01/02/2025,08/02/2025,1592.88,HR8JGK7,25 m² Appartement ∙ 1 chambre ∙ 2 personnes,Zermatt - Valais
20/09/2024,08/02/2025,15/02/2025,2344.90,HR8JGK7,25 m² Appartement ∙ 1 chambre ∙ 2 personnes,Zermatt - Valais
20/09/2024,15/02/2025,22/02/2025,2530.85,HR8JGK7,25 m² Appartement ∙ 1 chambre ∙ 2 personnes,Zermatt - Valais
20/09/2024,22/02/2025,01/03/2025,2530.85,HR8JGK7,25 m² Appartement ∙ 1 chambre ∙ 2 personnes,Zermatt - Valais
20/09/2024,01/03/2025,08/03/2025,2530.85,HR8JGK7,25 m² Appartement ∙ 1 chambre ∙ 2 personnes,Zermatt - Valais
20/09/2024,08/03/2025,15/03/2025,1692.04,HR8JGK7,25 m² Appartement ∙ 1 chambre ∙ 2 personnes,Zermatt - Valais
20/09/2024,12/10/2024,19/10/2024,723.89,HV8XRG3,85 m² Appartement ∙ 2 chambres ∙ 5 personnes,La Lenk - Berne
20/09/2024,19/10/2024,26/10/2024,723.89,HV8XRG3,85 m² Appartement ∙ 2 chambres ∙ 5 personnes,La Lenk - Berne
20/09/2024,26/10/2024,02/11/2024,723.89,HV8XRG3,85 m² Appartement ∙ 2 chambres ∙ 5 personnes,La Lenk - Berne
20/09/2024,02/11/2024,09/11/2024,723.89,HV8XRG3,85 m² Appartement ∙ 2 chambres ∙ 5 personnes,La Lenk - Berne
20/09/2024,23/11/2024,30/11/2024,723.89,HV8XRG3,85 m² Appartement ∙ 2 chambres ∙ 5 personnes,La Lenk - Berne
20/09/2024,30/11/2024,07/12/2024,799.98,HV8XRG3,85 m² Appartement ∙ 2 chambres ∙ 5 personnes,La Lenk - Berne
20/09/2024,07/12/2024,14/12/2024,799.98,HV8XRG3,85 m² Appartement ∙ 2 chambres ∙ 5 personnes,La Lenk - Berne
20/09/2024,14/12/2024,21/12/2024,799.98,HV8XRG3,85 m² Appartement ∙ 2 chambres ∙ 5 personnes,La Lenk - Berne
20/09/2024,15/03/2025,22/03/2025,914.11,HV8XRG3,85 m² Appartement ∙ 2 chambres ∙ 5 personnes,La Lenk - Berne
20/09/2024,22/03/2025,29/03/2025,914.11,HV8XRG3,85 m² Appartement ∙ 2 chambres ∙ 5 personnes,La Lenk - Berne
20/09/2024,29/03/2025,05/04/2025,723.89,HV8XRG3,85 m² Appartement ∙ 2 chambres ∙ 5 personnes,La Lenk - Berne
20/09/2024,05/04/2025,12/04/2025,723.89,HV8XRG3,85 m² Appartement ∙ 2 chambres ∙ 5 personnes,La Lenk - Berne
20/09/2024,12/04/2025,19/04/2025,723.89,HV8XRG3,85 m² Appartement ∙ 2 chambres ∙ 5 personnes,La Lenk - Berne
20/09/2024,19/04/2025,26/04/2025,723.89,HV8XRG3,85 m² Appartement ∙ 2 chambres ∙ 5 personnes,La Lenk - Berne
20/09/2024,26/04/2025,03/05/2025,723.89,HV8XRG3,85 m² Appartement ∙ 2 chambres ∙ 5 personnes,La Lenk - Berne
20/09/2024,03/05/2025,10/05/2025,723.89,HV8XRG3,85 m² Appartement ∙ 2 chambres ∙ 5 personnes,La Lenk - Berne
20/09/2024,10/05/2025,17/05/2025,723.89,HV8XRG3,85 m² Appartement ∙ 2 chambres ∙ 5 personnes,La Lenk - Berne
20/09/2024,12/10/2024,19/10/2024,571.71,H7S8M5J,61 m² Appartement ∙ 1 chambre ∙ 4 personnes,La Lenk - Berne
20/09/2024,19/10/2024,26/10/2024,571.71,H7S8M5J,61 m² Appartement ∙ 1 chambre ∙ 4 personnes,La Lenk - Berne
20/09/2024,26/10/2024,02/11/2024,571.71,H7S8M5J,61 m² Appartement ∙ 1 chambre ∙ 4 personnes,La Lenk - Berne
20/09/2024,02/11/2024,09/11/2024,571.71,H7S8M5J,61 m² Appartement ∙ 1 chambre ∙ 4 personnes,La Lenk - Berne
20/09/2024,09/11/2024,16/11/2024,571.71,H7S8M5J,61 m² Appartement ∙ 1 chambre ∙ 4 personnes,La Lenk - Berne
20/09/2024,30/11/2024,07/12/2024,571.71,H7S8M5J,61 m² Appartement ∙ 1 chambre ∙ 4 personnes,La Lenk - Berne
20/09/2024,15/03/2025,22/03/2025,914.11,H7S8M5J,61 m² Appartement ∙ 1 chambre ∙ 4 personnes,La Lenk - Berne
20/09/2024,22/03/2025,29/03/2025,914.11,H7S8M5J,61 m² Appartement ∙ 1 chambre ∙ 4 personnes,La Lenk - Berne
20/09/2024,29/03/2025,05/04/2025,571.71,H7S8M5J,61 m² Appartement ∙ 1 chambre ∙ 4 personnes,La Lenk - Berne
20/09/2024,05/04/2025,12/04/2025,571.71,H7S8M5J,61 m² Appartement ∙ 1 chambre ∙ 4 personnes,La Lenk - Berne
20/09/2024,12/04/2025,19/04/2025,571.71,H7S8M5J,61 m² Appartement ∙ 1 chambre ∙ 4 personnes,La Lenk - Berne
20/09/2024,19/04/2025,26/04/2025,571.71,H7S8M5J,61 m² Appartement ∙ 1 chambre ∙ 4 personnes,La Lenk - Berne
20/09/2024,26/04/2025,03/05/2025,571.71,H7S8M5J,61 m² Appartement ∙ 1 chambre ∙ 4 personnes,La Lenk - Berne
20/09/2024,03/05/2025,10/05/2025,571.71,H7S8M5J,61 m² Appartement ∙ 1 chambre ∙ 4 personnes,La Lenk - Berne
20/09/2024,10/05/2025,17/05/2025,571.71,H7S8M5J,61 m² Appartement ∙ 1 chambre ∙ 4 personnes,La Lenk - Berne
20/09/2024,19/10/2024,26/10/2024,952.15,HG8XZC7,98 m² Appartement ∙ 2 chambres ∙ 5 personnes,Adelboden - Berne
20/09/2024,26/10/2024,02/11/2024,952.15,HG8XZC7,98 m² Appartement ∙ 2 chambres ∙ 5 personnes,Adelboden - Berne
20/09/2024,02/11/2024,09/11/2024,952.15,HG8XZC7,98 m² Appartement ∙ 2 chambres ∙ 5 personnes,Adelboden - Berne
20/09/2024,23/11/2024,30/11/2024,952.15,HG8XZC7,98 m² Appartement ∙ 2 chambres ∙ 5 personnes,Adelboden - Berne
20/09/2024,30/11/2024,07/12/2024,952.15,HG8XZC7,98 m² Appartement ∙ 2 chambres ∙ 5 personnes,Adelboden - Berne
20/09/2024,07/12/2024,14/12/2024,952.15,HG8XZC7,98 m² Appartement ∙ 2 chambres ∙ 5 personnes,Adelboden - Berne
20/09/2024,14/12/2024,21/12/2024,952.15,HG8XZC7,98 m² Appartement ∙ 2 chambres ∙ 5 personnes,Adelboden - Berne
20/09/2024,18/01/2025,25/01/2025,1143.43,HG8XZC7,98 m² Appartement ∙ 2 chambres ∙ 5 personnes,Adelboden - Berne
20/09/2024,15/03/2025,22/03/2025,1219.52,HG8XZC7,98 m² Appartement ∙ 2 chambres ∙ 5 personnes,Adelboden - Berne
20/09/2024,22/03/2025,29/03/2025,1219.52,HG8XZC7,98 m² Appartement ∙ 2 chambres ∙ 5 personnes,Adelboden - Berne
20/09/2024,29/03/2025,05/04/2025,1219.52,HG8XZC7,98 m² Appartement ∙ 2 chambres ∙ 5 personnes,Adelboden - Berne
20/09/2024,05/04/2025,12/04/2025,952.15,HG8XZC7,98 m² Appartement ∙ 2 chambres ∙ 5 personnes,Adelboden - Berne
20/09/2024,12/04/2025,19/04/2025,952.15,HG8XZC7,98 m² Appartement ∙ 2 chambres ∙ 5 personnes,Adelboden - Berne
20/09/2024,19/04/2025,26/04/2025,952.15,HG8XZC7,98 m² Appartement ∙ 2 chambres ∙ 5 personnes,Adelboden - Berne
20/09/2024,26/04/2025,03/05/2025,952.15,HG8XZC7,98 m² Appartement ∙ 2 chambres ∙ 5 personnes,Adelboden - Berne
20/09/2024,03/05/2025,10/05/2025,952.15,HG8XZC7,98 m² Appartement ∙ 2 chambres ∙ 5 personnes,Adelboden - Berne
20/09/2024,10/05/2025,17/05/2025,952.15,HG8XZC7,98 m² Appartement ∙ 2 chambres ∙ 5 personnes,Adelboden - Berne
20/09/2024,12/10/2024,19/10/2024,602.36,HGVPCNL,Appartement ∙ 1 chambre ∙ 5 personnes,Kandersteg - Berne
20/09/2024,19/10/2024,26/10/2024,602.36,HGVPCNL,Appartement ∙ 1 chambre ∙ 5 personnes,Kandersteg - Berne
20/09/2024,26/10/2024,02/11/2024,602.36,HGVPCNL,Appartement ∙ 1 chambre ∙ 5 personnes,Kandersteg - Berne
20/09/2024,02/11/2024,09/11/2024,602.36,HGVPCNL,Appartement ∙ 1 chambre ∙ 5 personnes,Kandersteg - Berne
20/09/2024,09/11/2024,16/11/2024,602.36,HGVPCNL,Appartement ∙ 1 chambre ∙ 5 personnes,Kandersteg - Berne
20/09/2024,16/11/2024,23/11/2024,602.36,HGVPCNL,Appartement ∙ 1 chambre ∙ 5 personnes,Kandersteg - Berne
20/09/2024,23/11/2024,30/11/2024,602.36,HGVPCNL,Appartement ∙ 1 chambre ∙ 5 personnes,Kandersteg - Berne
20/09/2024,30/11/2024,07/12/2024,602.36,HGVPCNL,Appartement ∙ 1 chambre ∙ 5 personnes,Kandersteg - Berne
20/09/2024,07/12/2024,14/12/2024,602.36,HGVPCNL,Appartement ∙ 1 chambre ∙ 5 personnes,Kandersteg - Berne
20/09/2024,14/12/2024,21/12/2024,602.36,HGVPCNL,Appartement ∙ 1 chambre ∙ 5 personnes,Kandersteg - Berne
20/09/2024,14/12/2024,21/12/2024,803.25,HMHW8DV,34 m² Appartement ∙ 1 chambre ∙ 4 personnes,Zinal - Ayer - Valais
20/09/2024,21/12/2024,28/12/2024,1811.25,HMHW8DV,34 m² Appartement ∙ 1 chambre ∙ 4 personnes,Zinal - Ayer - Valais
20/09/2024,04/01/2025,11/01/2025,916.65,HMHW8DV,34 m² Appartement ∙ 1 chambre ∙ 4 personnes,Zinal - Ayer - Valais
20/09/2024,18/01/2025,25/01/2025,1053.15,HMHW8DV,34 m² Appartement ∙ 1 chambre ∙ 4 personnes,Zinal - Ayer - Valais
20/09/2024,25/01/2025,01/02/2025,1053.15,HMHW8DV,34 m² Appartement ∙ 1 chambre ∙ 4 personnes,Zinal - Ayer - Valais
20/09/2024,08/02/2025,15/02/2025,1811.25,HMHW8DV,34 m² Appartement ∙ 1 chambre ∙ 4 personnes,Zinal - Ayer - Valais
20/09/2024,22/02/2025,01/03/2025,2287.95,HMHW8DV,34 m² Appartement ∙ 1 chambre ∙ 4 personnes,Zinal - Ayer - Valais
20/09/2024,08/03/2025,15/03/2025,1053.15,HMHW8DV,34 m² Appartement ∙ 1 chambre ∙ 4 personnes,Zinal - Ayer - Valais
20/09/2024,15/03/2025,22/03/2025,916.65,HMHW8DV,34 m² Appartement ∙ 1 chambre ∙ 4 personnes,Zinal - Ayer - Valais
20/09/2024,22/03/2025,29/03/2025,916.65,HMHW8DV,34 m² Appartement ∙ 1 chambre ∙ 4 personnes,Zinal - Ayer - Valais
20/09/2024,29/03/2025,05/04/2025,803.25,HMHW8DV,34 m² Appartement ∙ 1 chambre ∙ 4 personnes,Zinal - Ayer - Valais
20/09/2024,05/04/2025,12/04/2025,1053.15,HMHW8DV,34 m² Appartement ∙ 1 chambre ∙ 4 personnes,Zinal - Ayer - Valais
20/09/2024,12/04/2025,19/04/2025,916.65,HMHW8DV,34 m² Appartement ∙ 1 chambre ∙ 4 personnes,Zinal - Ayer - Valais
20/09/2024,28/09/2024,05/10/2024,917.28,HAW3PSD,54 m² Appartement ∙ 2 chambres ∙ 5 personnes,Zinal - Ayer - Valais
20/09/2024,05/10/2024,12/10/2024,917.28,HAW3PSD,54 m² Appartement ∙ 2 chambres ∙ 5 personnes,Zinal - Ayer - Valais
20/09/2024,12/10/2024,19/10/2024,917.28,HAW3PSD,54 m² Appartement ∙ 2 chambres ∙ 5 personnes,Zinal - Ayer - Valais
20/09/2024,19/10/2024,26/10/2024,917.28,HAW3PSD,54 m² Appartement ∙ 2 chambres ∙ 5 personnes,Zinal - Ayer - Valais
20/09/2024,26/10/2024,02/11/2024,917.28,HAW3PSD,54 m² Appartement ∙ 2 chambres ∙ 5 personnes,Zinal - Ayer - Valais
20/09/2024,02/11/2024,09/11/2024,917.28,HAW3PSD,54 m² Appartement ∙ 2 chambres ∙ 5 personnes,Zinal - Ayer - Valais
20/09/2024,09/11/2024,16/11/2024,917.28,HAW3PSD,54 m² Appartement ∙ 2 chambres ∙ 5 personnes,Zinal - Ayer - Valais
20/09/2024,16/11/2024,23/11/2024,917.28,HAW3PSD,54 m² Appartement ∙ 2 chambres ∙ 5 personnes,Zinal - Ayer - Valais
20/09/2024,23/11/2024,30/11/2024,917.28,HAW3PSD,54 m² Appartement ∙ 2 chambres ∙ 5 personnes,Zinal - Ayer - Valais
20/09/2024,30/11/2024,07/12/2024,917.28,HAW3PSD,54 m² Appartement ∙ 2 chambres ∙ 5 personnes,Zinal - Ayer - Valais
20/09/2024,07/12/2024,14/12/2024,917.28,HAW3PSD,54 m² Appartement ∙ 2 chambres ∙ 5 personnes,Zinal - Ayer - Valais
20/09/2024,14/12/2024,21/12/2024,917.28,HAW3PSD,54 m² Appartement ∙ 2 chambres ∙ 5 personnes,Zinal - Ayer - Valais
20/09/2024,11/01/2025,18/01/2025,917.28,HAW3PSD,54 m² Appartement ∙ 2 chambres ∙ 5 personnes,Zinal - Ayer - Valais
20/09/2024,18/01/2025,25/01/2025,917.28,HAW3PSD,54 m² Appartement ∙ 2 chambres ∙ 5 personnes,Zinal - Ayer - Valais
20/09/2024,25/01/2025,01/02/2025,917.28,HAW3PSD,54 m² Appartement ∙ 2 chambres ∙ 5 personnes,Zinal - Ayer - Valais
20/09/2024,12/10/2024,19/10/2024,1192.65,HZDLK7H,74 m² Appartement ∙ 2 chambres ∙ 6 personnes,Zinal - Ayer - Valais
20/09/2024,02/11/2024,09/11/2024,1192.65,HZDLK7H,74 m² Appartement ∙ 2 chambres ∙ 6 personnes,Zinal - Ayer - Valais
20/09/2024,09/11/2024,16/11/2024,1192.65,HZDLK7H,74 m² Appartement ∙ 2 chambres ∙ 6 personnes,Zinal - Ayer - Valais
20/09/2024,16/11/2024,23/11/2024,1192.65,HZDLK7H,74 m² Appartement ∙ 2 chambres ∙ 6 personnes,Zinal - Ayer - Valais
20/09/2024,04/01/2025,11/01/2025,2173.59,HZDLK7H,74 m² Appartement ∙ 2 chambres ∙ 6 personnes,Zinal - Ayer - Valais
20/09/2024,11/01/2025,18/01/2025,2173.59,HZDLK7H,74 m² Appartement ∙ 2 chambres ∙ 6 personnes,Zinal - Ayer - Valais
20/09/2024,25/01/2025,01/02/2025,2187.71,HZDLK7H,74 m² Appartement ∙ 2 chambres ∙ 6 personnes,Zinal - Ayer - Valais
20/09/2024,08/03/2025,15/03/2025,4093.13,HZDLK7H,74 m² Appartement ∙ 2 chambres ∙ 6 personnes,Zinal - Ayer - Valais
20/09/2024,29/03/2025,05/04/2025,2173.59,HZDLK7H,74 m² Appartement ∙ 2 chambres ∙ 6 personnes,Zinal - Ayer - Valais
20/09/2024,21/09/2024,28/09/2024,1021.40,HGLV9FA,56 m² Appartement ∙ 2 chambres ∙ 6 personnes,Zinal - Ayer - Valais
20/09/2024,28/09/2024,05/10/2024,1021.40,HGLV9FA,56 m² Appartement ∙ 2 chambres ∙ 6 personnes,Zinal - Ayer - Valais
20/09/2024,05/10/2024,12/10/2024,1021.40,HGLV9FA,56 m² Appartement ∙ 2 chambres ∙ 6 personnes,Zinal - Ayer - Valais
20/09/2024,12/10/2024,19/10/2024,1021.40,HGLV9FA,56 m² Appartement ∙ 2 chambres ∙ 6 personnes,Zinal - Ayer - Valais
20/09/2024,19/10/2024,26/10/2024,1021.40,HGLV9FA,56 m² Appartement ∙ 2 chambres ∙ 6 personnes,Zinal - Ayer - Valais
20/09/2024,26/10/2024,02/11/2024,1021.40,HGLV9FA,56 m² Appartement ∙ 2 chambres ∙ 6 personnes,Zinal - Ayer - Valais
20/09/2024,02/11/2024,09/11/2024,1021.40,HGLV9FA,56 m² Appartement ∙ 2 chambres ∙ 6 personnes,Zinal - Ayer - Valais
20/09/2024,09/11/2024,16/11/2024,1021.40,HGLV9FA,56 m² Appartement ∙ 2 chambres ∙ 6 personnes,Zinal - Ayer - Valais
20/09/2024,16/11/2024,23/11/2024,1021.40,HGLV9FA,56 m² Appartement ∙ 2 chambres ∙ 6 personnes,Zinal - Ayer - Valais
20/09/2024,23/11/2024,30/11/2024,1182.90,HGLV9FA,56 m² Appartement ∙ 2 chambres ∙ 6 personnes,Zinal - Ayer - Valais
20/09/2024,30/11/2024,07/12/2024,1164.42,HGLV9FA,56 m² Appartement ∙ 2 chambres ∙ 6 personnes,Zinal - Ayer - Valais
20/09/2024,07/12/2024,14/12/2024,1164.42,HGLV9FA,56 m² Appartement ∙ 2 chambres ∙ 6 personnes,Zinal - Ayer - Valais
20/09/2024,14/12/2024,21/12/2024,1164.42,HGLV9FA,56 m² Appartement ∙ 2 chambres ∙ 6 personnes,Zinal - Ayer - Valais
20/09/2024,04/01/2025,11/01/2025,1164.42,HGLV9FA,56 m² Appartement ∙ 2 chambres ∙ 6 personnes,Zinal - Ayer - Valais
20/09/2024,08/02/2025,15/02/2025,1961.87,HGLV9FA,56 m² Appartement ∙ 2 chambres ∙ 6 personnes,Zinal - Ayer - Valais
20/09/2024,22/02/2025,01/03/2025,3826.53,HGLV9FA,56 m² Appartement ∙ 2 chambres ∙ 6 personnes,Zinal - Ayer - Valais
20/09/2024,01/03/2025,08/03/2025,3826.53,HGLV9FA,56 m² Appartement ∙ 2 chambres ∙ 6 personnes,Zinal - Ayer - Valais
20/09/2024,08/03/2025,15/03/2025,3826.53,HGLV9FA,56 m² Appartement ∙ 2 chambres ∙ 6 personnes,Zinal - Ayer - Valais
20/09/2024,15/03/2025,22/03/2025,1164.42,HGLV9FA,56 m² Appartement ∙ 2 chambres ∙ 6 personnes,Zinal - Ayer - Valais
20/09/2024,22/03/2025,29/03/2025,1164.42,HGLV9FA,56 m² Appartement ∙ 2 chambres ∙ 6 personnes,Zinal - Ayer - Valais
20/09/2024,29/03/2025,05/04/2025,1164.42,HGLV9FA,56 m² Appartement ∙ 2 chambres ∙ 6 personnes,Zinal - Ayer - Valais
20/09/2024,05/04/2025,12/04/2025,1298.51,HGLV9FA,56 m² Appartement ∙ 2 chambres ∙ 6 personnes,Zinal - Ayer - Valais
20/09/2024,12/04/2025,19/04/2025,1298.51,HGLV9FA,56 m² Appartement ∙ 2 chambres ∙ 6 personnes,Zinal - Ayer - Valais
20/09/2024,19/04/2025,26/04/2025,1164.42,HGLV9FA,56 m² Appartement ∙ 2 chambres ∙ 6 personnes,Zinal - Ayer - Valais
20/09/2024,28/09/2024,05/10/2024,473.00,HTJ0USD,2 room,2 roomZinal - Ayer - Valais
20/09/2024,05/10/2024,12/10/2024,679.00,HTJ0USD,2 room,2 roomZinal - Ayer - Valais
20/09/2024,12/10/2024,19/10/2024,679.00,HTJ0USD,2 room,2 roomZinal - Ayer - Valais
20/09/2024,19/10/2024,26/10/2024,473.00,HTJ0USD,2 room,2 roomZinal - Ayer - Valais
20/09/2024,14/12/2024,21/12/2024,804.00,HTJ0USD,2 room,2 roomZinal - Ayer - Valais
20/09/2024,21/12/2024,28/12/2024,1812.00,HTJ0USD,2 room,2 roomZinal - Ayer - Valais
20/09/2024,04/01/2025,11/01/2025,918.00,HTJ0USD,2 room,2 roomZinal - Ayer - Valais
20/09/2024,18/01/2025,25/01/2025,1054.00,HTJ0USD,2 room,2 roomZinal - Ayer - Valais
20/09/2024,25/01/2025,01/02/2025,1054.00,HTJ0USD,2 room,2 roomZinal - Ayer - Valais
20/09/2024,08/02/2025,15/02/2025,1812.00,HTJ0USD,2 room,2 roomZinal - Ayer - Valais
20/09/2024,22/02/2025,01/03/2025,2290.00,HTJ0USD,2 room,2 roomZinal - Ayer - Valais
20/09/2024,08/03/2025,15/03/2025,1054.00,HTJ0USD,2 room,2 roomZinal - Ayer - Valais
20/09/2024,15/03/2025,22/03/2025,918.00,HTJ0USD,2 room,2 roomZinal - Ayer - Valais
20/09/2024,22/03/2025,29/03/2025,918.00,HTJ0USD,2 room,2 roomZinal - Ayer - Valais
20/09/2024,29/03/2025,05/04/2025,804.00,HTJ0USD,2 room,2 roomZinal - Ayer - Valais
20/09/2024,05/04/2025,12/04/2025,1054.00,HTJ0USD,2 room,2 roomZinal - Ayer - Valais
20/09/2024,12/04/2025,19/04/2025,918.00,HTJ0USD,2 room,2 roomZinal - Ayer - Valais
20/09/2024,14/12/2024,21/12/2024,954.45,HMB9PYE,41 m² Appartement ∙ 1 chambre ∙ 4 personnes,Zinal - Ayer - Valais
20/09/2024,21/12/2024,28/12/2024,2159.85,HMB9PYE,41 m² Appartement ∙ 1 chambre ∙ 4 personnes,Zinal - Ayer - Valais
20/09/2024,28/12/2024,04/01/2025,2735.25,HMB9PYE,41 m² Appartement ∙ 1 chambre ∙ 4 personnes,Zinal - Ayer - Valais
20/09/2024,04/01/2025,11/01/2025,1090.95,HMB9PYE,41 m² Appartement ∙ 1 chambre ∙ 4 personnes,Zinal - Ayer - Valais
20/09/2024,11/01/2025,18/01/2025,954.45,HMB9PYE,41 m² Appartement ∙ 1 chambre ∙ 4 personnes,Zinal - Ayer - Valais
20/09/2024,18/01/2025,25/01/2025,1257.90,HMB9PYE,41 m² Appartement ∙ 1 chambre ∙ 4 personnes,Zinal - Ayer - Valais
20/09/2024,25/01/2025,01/02/2025,1257.90,HMB9PYE,41 m² Appartement ∙ 1 chambre ∙ 4 personnes,Zinal - Ayer - Valais
20/09/2024,08/02/2025,15/02/2025,2159.85,HMB9PYE,41 m² Appartement ∙ 1 chambre ∙ 4 personnes,Zinal - Ayer - Valais
20/09/2024,15/02/2025,22/02/2025,2735.25,HMB9PYE,41 m² Appartement ∙ 1 chambre ∙ 4 personnes,Zinal - Ayer - Valais
20/09/2024,22/02/2025,01/03/2025,2735.25,HMB9PYE,41 m² Appartement ∙ 1 chambre ∙ 4 personnes,Zinal - Ayer - Valais
20/09/2024,08/03/2025,15/03/2025,1257.90,HMB9PYE,41 m² Appartement ∙ 1 chambre ∙ 4 personnes,Zinal - Ayer - Valais
20/09/2024,15/03/2025,22/03/2025,1090.95,HMB9PYE,41 m² Appartement ∙ 1 chambre ∙ 4 personnes,Zinal - Ayer - Valais
20/09/2024,22/03/2025,29/03/2025,1090.95,HMB9PYE,41 m² Appartement ∙ 1 chambre ∙ 4 personnes,Zinal - Ayer - Valais
20/09/2024,29/03/2025,05/04/2025,954.45,HMB9PYE,41 m² Appartement ∙ 1 chambre ∙ 4 personnes,Zinal - Ayer - Valais
20/09/2024,05/04/2025,12/04/2025,1257.90,HMB9PYE,41 m² Appartement ∙ 1 chambre ∙ 4 personnes,Zinal - Ayer - Valais
20/09/2024,12/04/2025,19/04/2025,1090.95,HMB9PYE,41 m² Appartement ∙ 1 chambre ∙ 4 personnes,Zinal - Ayer - Valais
20/09/2024,28/09/2024,05/10/2024,1520.70,HXPKEVZ,74 m² Appartement ∙ 2 chambres ∙ 5 personnes,Zinal - Ayer - Valais
20/09/2024,05/10/2024,12/10/2024,1520.70,HXPKEVZ,74 m² Appartement ∙ 2 chambres ∙ 5 personnes,Zinal - Ayer - Valais
20/09/2024,12/10/2024,19/10/2024,1520.70,HXPKEVZ,74 m² Appartement ∙ 2 chambres ∙ 5 personnes,Zinal - Ayer - Valais
20/09/2024,19/10/2024,26/10/2024,1520.70,HXPKEVZ,74 m² Appartement ∙ 2 chambres ∙ 5 personnes,Zinal - Ayer - Valais
20/09/2024,26/10/2024,02/11/2024,1520.70,HXPKEVZ,74 m² Appartement ∙ 2 chambres ∙ 5 personnes,Zinal - Ayer - Valais
20/09/2024,02/11/2024,09/11/2024,1520.70,HXPKEVZ,74 m² Appartement ∙ 2 chambres ∙ 5 personnes,Zinal - Ayer - Valais
20/09/2024,09/11/2024,16/11/2024,1520.70,HXPKEVZ,74 m² Appartement ∙ 2 chambres ∙ 5 personnes,Zinal - Ayer - Valais
20/09/2024,16/11/2024,23/11/2024,1520.70,HXPKEVZ,74 m² Appartement ∙ 2 chambres ∙ 5 personnes,Zinal - Ayer - Valais
20/09/2024,23/11/2024,30/11/2024,1520.70,HXPKEVZ,74 m² Appartement ∙ 2 chambres ∙ 5 personnes,Zinal - Ayer - Valais
20/09/2024,28/09/2024,05/10/2024,1590.00,HGB6MA1,Maison de vacances ∙ 3 chambres ∙ 6 personnes,Zinal - Ayer - Valais
20/09/2024,05/10/2024,12/10/2024,1590.00,HGB6MA1,Maison de vacances ∙ 3 chambres ∙ 6 personnes,Zinal - Ayer - Valais
20/09/2024,12/10/2024,19/10/2024,1590.00,HGB6MA1,Maison de vacances ∙ 3 chambres ∙ 6 personnes,Zinal - Ayer - Valais
20/09/2024,19/10/2024,26/10/2024,1590.00,HGB6MA1,Maison de vacances ∙ 3 chambres ∙ 6 personnes,Zinal - Ayer - Valais
20/09/2024,26/10/2024,02/11/2024,1590.00,HGB6MA1,Maison de vacances ∙ 3 chambres ∙ 6 personnes,Zinal - Ayer - Valais
20/09/2024,02/11/2024,09/11/2024,1590.00,HGB6MA1,Maison de vacances ∙ 3 chambres ∙ 6 personnes,Zinal - Ayer - Valais
20/09/2024,09/11/2024,16/11/2024,1590.00,HGB6MA1,Maison de vacances ∙ 3 chambres ∙ 6 personnes,Zinal - Ayer - Valais
20/09/2024,30/11/2024,07/12/2024,1590.00,HGB6MA1,Maison de vacances ∙ 3 chambres ∙ 6 personnes,Zinal - Ayer - Valais
20/09/2024,07/12/2024,14/12/2024,1590.00,HGB6MA1,Maison de vacances ∙ 3 chambres ∙ 6 personnes,Zinal - Ayer - Valais
20/09/2024,14/12/2024,21/12/2024,1818.00,HGB6MA1,Maison de vacances ∙ 3 chambres ∙ 6 personnes,Zinal - Ayer - Valais
20/09/2024,11/01/2025,18/01/2025,1818.00,HGB6MA1,Maison de vacances ∙ 3 chambres ∙ 6 personnes,Zinal - Ayer - Valais
20/09/2024,18/01/2025,25/01/2025,1818.00,HGB6MA1,Maison de vacances ∙ 3 chambres ∙ 6 personnes,Zinal - Ayer - Valais
20/09/2024,01/02/2025,08/02/2025,1932.00,HGB6MA1,Maison de vacances ∙ 3 chambres ∙ 6 personnes,Zinal - Ayer - Valais
20/09/2024,15/03/2025,22/03/2025,1818.00,HGB6MA1,Maison de vacances ∙ 3 chambres ∙ 6 personnes,Zinal - Ayer - Valais
20/09/2024,22/03/2025,29/03/2025,1818.00,HGB6MA1,Maison de vacances ∙ 3 chambres ∙ 6 personnes,Zinal - Ayer - Valais
20/09/2024,29/03/2025,05/04/2025,1818.00,HGB6MA1,Maison de vacances ∙ 3 chambres ∙ 6 personnes,Zinal - Ayer - Valais
20/09/2024,05/04/2025,12/04/2025,1590.00,HGB6MA1,Maison de vacances ∙ 3 chambres ∙ 6 personnes,Zinal - Ayer - Valais
20/09/2024,12/04/2025,19/04/2025,1590.00,HGB6MA1,Maison de vacances ∙ 3 chambres ∙ 6 personnes,Zinal - Ayer - Valais
20/09/2024,19/04/2025,26/04/2025,1590.00,HGB6MA1,Maison de vacances ∙ 3 chambres ∙ 6 personnes,Zinal - Ayer - Valais
20/09/2024,26/04/2025,03/05/2025,1590.00,HGB6MA1,Maison de vacances ∙ 3 chambres ∙ 6 personnes,Zinal - Ayer - Valais
20/09/2024,03/05/2025,10/05/2025,1590.00,HGB6MA1,Maison de vacances ∙ 3 chambres ∙ 6 personnes,Zinal - Ayer - Valais
20/09/2024,10/05/2025,17/05/2025,1590.00,HGB6MA1,Maison de vacances ∙ 3 chambres ∙ 6 personnes,Zinal - Ayer - Valais
20/09/2024,28/09/2024,05/10/2024,1368.00,HFCVA6T,85 m² Appartement ∙ 3 chambres ∙ 6 personnes,Zinal - Ayer - Valais
20/09/2024,05/10/2024,12/10/2024,1368.00,HFCVA6T,85 m² Appartement ∙ 3 chambres ∙ 6 personnes,Zinal - Ayer - Valais
20/09/2024,12/10/2024,19/10/2024,1368.00,HFCVA6T,85 m² Appartement ∙ 3 chambres ∙ 6 personnes,Zinal - Ayer - Valais
20/09/2024,19/10/2024,26/10/2024,1368.00,HFCVA6T,85 m² Appartement ∙ 3 chambres ∙ 6 personnes,Zinal - Ayer - Valais
20/09/2024,26/10/2024,02/11/2024,1368.00,HFCVA6T,85 m² Appartement ∙ 3 chambres ∙ 6 personnes,Zinal - Ayer - Valais
20/09/2024,02/11/2024,09/11/2024,1368.00,HFCVA6T,85 m² Appartement ∙ 3 chambres ∙ 6 personnes,Zinal - Ayer - Valais
20/09/2024,09/11/2024,16/11/2024,1368.00,HFCVA6T,85 m² Appartement ∙ 3 chambres ∙ 6 personnes,Zinal - Ayer - Valais
20/09/2024,16/11/2024,23/11/2024,1368.00,HFCVA6T,85 m² Appartement ∙ 3 chambres ∙ 6 personnes,Zinal - Ayer - Valais
20/09/2024,23/11/2024,30/11/2024,1368.00,HFCVA6T,85 m² Appartement ∙ 3 chambres ∙ 6 personnes,Zinal - Ayer - Valais
20/09/2024,30/11/2024,07/12/2024,1368.00,HFCVA6T,85 m² Appartement ∙ 3 chambres ∙ 6 personnes,Zinal - Ayer - Valais
20/09/2024,07/12/2024,14/12/2024,1368.00,HFCVA6T,85 m² Appartement ∙ 3 chambres ∙ 6 personnes,Zinal - Ayer - Valais
20/09/2024,21/12/2024,28/12/2024,1891.00,HFCVA6T,85 m² Appartement ∙ 3 chambres ∙ 6 personnes,Zinal - Ayer - Valais
20/09/2024,04/01/2025,11/01/2025,1573.00,HFCVA6T,85 m² Appartement ∙ 3 chambres ∙ 6 personnes,Zinal - Ayer - Valais
20/09/2024,08/03/2025,15/03/2025,1717.00,HFCVA6T,85 m² Appartement ∙ 3 chambres ∙ 6 personnes,Zinal - Ayer - Valais
20/09/2024,15/03/2025,22/03/2025,1573.00,HFCVA6T,85 m² Appartement ∙ 3 chambres ∙ 6 personnes,Zinal - Ayer - Valais
20/09/2024,22/03/2025,29/03/2025,1573.00,HFCVA6T,85 m² Appartement ∙ 3 chambres ∙ 6 personnes,Zinal - Ayer - Valais
20/09/2024,29/03/2025,05/04/2025,1573.00,HFCVA6T,85 m² Appartement ∙ 3 chambres ∙ 6 personnes,Zinal - Ayer - Valais
20/09/2024,05/04/2025,12/04/2025,1368.00,HFCVA6T,85 m² Appartement ∙ 3 chambres ∙ 6 personnes,Zinal - Ayer - Valais
20/09/2024,26/04/2025,03/05/2025,1368.00,HFCVA6T,85 m² Appartement ∙ 3 chambres ∙ 6 personnes,Zinal - Ayer - Valais
20/09/2024,03/05/2025,10/05/2025,1368.00,HFCVA6T,85 m² Appartement ∙ 3 chambres ∙ 6 personnes,Zinal - Ayer - Valais
20/09/2024,10/05/2025,17/05/2025,1368.00,HFCVA6T,85 m² Appartement ∙ 3 chambres ∙ 6 personnes,Zinal - Ayer - Valais
20/09/2024,12/10/2024,19/10/2024,562.00,H6YAT9K,28 m² Appartement ∙ 1 chambre ∙ 2 personnes,Zinal - Ayer - Valais
20/09/2024,19/10/2024,26/10/2024,562.00,H6YAT9K,28 m² Appartement ∙ 1 chambre ∙ 2 personnes,Zinal - Ayer - Valais
20/09/2024,26/10/2024,02/11/2024,562.00,H6YAT9K,28 m² Appartement ∙ 1 chambre ∙ 2 personnes,Zinal - Ayer - Valais
20/09/2024,02/11/2024,09/11/2024,562.00,H6YAT9K,28 m² Appartement ∙ 1 chambre ∙ 2 personnes,Zinal - Ayer - Valais
20/09/2024,09/11/2024,16/11/2024,562.00,H6YAT9K,28 m² Appartement ∙ 1 chambre ∙ 2 personnes,Zinal - Ayer - Valais
20/09/2024,30/11/2024,07/12/2024,562.00,H6YAT9K,28 m² Appartement ∙ 1 chambre ∙ 2 personnes,Zinal - Ayer - Valais
20/09/2024,07/12/2024,14/12/2024,562.00,H6YAT9K,28 m² Appartement ∙ 1 chambre ∙ 2 personnes,Zinal - Ayer - Valais
20/09/2024,14/12/2024,21/12/2024,684.00,H6YAT9K,28 m² Appartement ∙ 1 chambre ∙ 2 personnes,Zinal - Ayer - Valais
20/09/2024,01/02/2025,08/02/2025,820.00,H6YAT9K,28 m² Appartement ∙ 1 chambre ∙ 2 personnes,Zinal - Ayer - Valais
20/09/2024,08/02/2025,15/02/2025,820.00,H6YAT9K,28 m² Appartement ∙ 1 chambre ∙ 2 personnes,Zinal - Ayer - Valais
20/09/2024,22/02/2025,01/03/2025,1010.00,H6YAT9K,28 m² Appartement ∙ 1 chambre ∙ 2 personnes,Zinal - Ayer - Valais
20/09/2024,08/03/2025,15/03/2025,820.00,H6YAT9K,28 m² Appartement ∙ 1 chambre ∙ 2 personnes,Zinal - Ayer - Valais
20/09/2024,15/03/2025,22/03/2025,684.00,H6YAT9K,28 m² Appartement ∙ 1 chambre ∙ 2 personnes,Zinal - Ayer - Valais
20/09/2024,12/04/2025,19/04/2025,562.00,H6YAT9K,28 m² Appartement ∙ 1 chambre ∙ 2 personnes,Zinal - Ayer - Valais
20/09/2024,19/04/2025,26/04/2025,562.00,H6YAT9K,28 m² Appartement ∙ 1 chambre ∙ 2 personnes,Zinal - Ayer - Valais
20/09/2024,26/04/2025,03/05/2025,562.00,H6YAT9K,28 m² Appartement ∙ 1 chambre ∙ 2 personnes,Zinal - Ayer - Valais
20/09/2024,03/05/2025,10/05/2025,562.00,H6YAT9K,28 m² Appartement ∙ 1 chambre ∙ 2 personnes,Zinal - Ayer - Valais
20/09/2024,10/05/2025,17/05/2025,562.00,H6YAT9K,28 m² Appartement ∙ 1 chambre ∙ 2 personnes,Zinal - Ayer - Valais
20/09/2024,28/09/2024,05/10/2024,1486.00,HDZV9EN,Maison de vacances ∙ 3 chambres ∙ 6 personnes,Zinal - Ayer - Valais
20/09/2024,05/10/2024,12/10/2024,1486.00,HDZV9EN,Maison de vacances ∙ 3 chambres ∙ 6 personnes,Zinal - Ayer - Valais
20/09/2024,26/10/2024,02/11/2024,1486.00,HDZV9EN,Maison de vacances ∙ 3 chambres ∙ 6 personnes,Zinal - Ayer - Valais
20/09/2024,02/11/2024,09/11/2024,1486.00,HDZV9EN,Maison de vacances ∙ 3 chambres ∙ 6 personnes,Zinal - Ayer - Valais
20/09/2024,09/11/2024,16/11/2024,1486.00,HDZV9EN,Maison de vacances ∙ 3 chambres ∙ 6 personnes,Zinal - Ayer - Valais
20/09/2024,16/11/2024,23/11/2024,1486.00,HDZV9EN,Maison de vacances ∙ 3 chambres ∙ 6 personnes,Zinal - Ayer - Valais
20/09/2024,23/11/2024,30/11/2024,1486.00,HDZV9EN,Maison de vacances ∙ 3 chambres ∙ 6 personnes,Zinal - Ayer - Valais
20/09/2024,30/11/2024,07/12/2024,1486.00,HDZV9EN,Maison de vacances ∙ 3 chambres ∙ 6 personnes,Zinal - Ayer - Valais
20/09/2024,07/12/2024,14/12/2024,1486.00,HDZV9EN,Maison de vacances ∙ 3 chambres ∙ 6 personnes,Zinal - Ayer - Valais
20/09/2024,14/12/2024,21/12/2024,1790.00,HDZV9EN,Maison de vacances ∙ 3 chambres ∙ 6 personnes,Zinal - Ayer - Valais
20/09/2024,21/12/2024,28/12/2024,1941.00,HDZV9EN,Maison de vacances ∙ 3 chambres ∙ 6 personnes,Zinal - Ayer - Valais
20/09/2024,04/01/2025,11/01/2025,1790.00,HDZV9EN,Maison de vacances ∙ 3 chambres ∙ 6 personnes,Zinal - Ayer - Valais
20/09/2024,11/01/2025,18/01/2025,1790.00,HDZV9EN,Maison de vacances ∙ 3 chambres ∙ 6 personnes,Zinal - Ayer - Valais
20/09/2024,18/01/2025,25/01/2025,1790.00,HDZV9EN,Maison de vacances ∙ 3 chambres ∙ 6 personnes,Zinal - Ayer - Valais
20/09/2024,22/02/2025,01/03/2025,2169.00,HDZV9EN,Maison de vacances ∙ 3 chambres ∙ 6 personnes,Zinal - Ayer - Valais
20/09/2024,22/03/2025,29/03/2025,1790.00,HDZV9EN,Maison de vacances ∙ 3 chambres ∙ 6 personnes,Zinal - Ayer - Valais
20/09/2024,29/03/2025,05/04/2025,1790.00,HDZV9EN,Maison de vacances ∙ 3 chambres ∙ 6 personnes,Zinal - Ayer - Valais
20/09/2024,05/04/2025,12/04/2025,1486.00,HDZV9EN,Maison de vacances ∙ 3 chambres ∙ 6 personnes,Zinal - Ayer - Valais
20/09/2024,26/04/2025,03/05/2025,1486.00,HDZV9EN,Maison de vacances ∙ 3 chambres ∙ 6 personnes,Zinal - Ayer - Valais
20/09/2024,03/05/2025,10/05/2025,1486.00,HDZV9EN,Maison de vacances ∙ 3 chambres ∙ 6 personnes,Zinal - Ayer - Valais
20/09/2024,10/05/2025,17/05/2025,1486.00,HDZV9EN,Maison de vacances ∙ 3 chambres ∙ 6 personnes,Zinal - Ayer - Valais
20/09/2024,28/09/2024,05/10/2024,530.00,HPXV46D,34 m² Maison de vacances ∙ 1 chambre ∙ 4 personnes,Zinal - Ayer - Valais
20/09/2024,05/10/2024,12/10/2024,761.00,HPXV46D,34 m² Maison de vacances ∙ 1 chambre ∙ 4 personnes,Zinal - Ayer - Valais
20/09/2024,12/10/2024,19/10/2024,761.00,HPXV46D,34 m² Maison de vacances ∙ 1 chambre ∙ 4 personnes,Zinal - Ayer - Valais
20/09/2024,19/10/2024,26/10/2024,530.00,HPXV46D,34 m² Maison de vacances ∙ 1 chambre ∙ 4 personnes,Zinal - Ayer - Valais
20/09/2024,14/12/2024,21/12/2024,901.00,HPXV46D,34 m² Maison de vacances ∙ 1 chambre ∙ 4 personnes,Zinal - Ayer - Valais
20/09/2024,21/12/2024,28/12/2024,2030.00,HPXV46D,34 m² Maison de vacances ∙ 1 chambre ∙ 4 personnes,Zinal - Ayer - Valais
20/09/2024,04/01/2025,11/01/2025,1029.00,HPXV46D,34 m² Maison de vacances ∙ 1 chambre ∙ 4 personnes,Zinal - Ayer - Valais
20/09/2024,18/01/2025,25/01/2025,1181.00,HPXV46D,34 m² Maison de vacances ∙ 1 chambre ∙ 4 personnes,Zinal - Ayer - Valais
20/09/2024,25/01/2025,01/02/2025,1181.00,HPXV46D,34 m² Maison de vacances ∙ 1 chambre ∙ 4 personnes,Zinal - Ayer - Valais
20/09/2024,08/02/2025,15/02/2025,2030.00,HPXV46D,34 m² Maison de vacances ∙ 1 chambre ∙ 4 personnes,Zinal - Ayer - Valais
20/09/2024,22/02/2025,01/03/2025,2565.00,HPXV46D,34 m² Maison de vacances ∙ 1 chambre ∙ 4 personnes,Zinal - Ayer - Valais
20/09/2024,08/03/2025,15/03/2025,1181.00,HPXV46D,34 m² Maison de vacances ∙ 1 chambre ∙ 4 personnes,Zinal - Ayer - Valais
20/09/2024,15/03/2025,22/03/2025,1029.00,HPXV46D,34 m² Maison de vacances ∙ 1 chambre ∙ 4 personnes,Zinal - Ayer - Valais
20/09/2024,22/03/2025,29/03/2025,1029.00,HPXV46D,34 m² Maison de vacances ∙ 1 chambre ∙ 4 personnes,Zinal - Ayer - Valais
20/09/2024,29/03/2025,05/04/2025,901.00,HPXV46D,34 m² Maison de vacances ∙ 1 chambre ∙ 4 personnes,Zinal - Ayer - Valais
20/09/2024,05/04/2025,12/04/2025,1181.00,HPXV46D,34 m² Maison de vacances ∙ 1 chambre ∙ 4 personnes,Zinal - Ayer - Valais
20/09/2024,12/04/2025,19/04/2025,1029.00,HPXV46D,34 m² Maison de vacances ∙ 1 chambre ∙ 4 personnes,Zinal - Ayer - Valais
20/09/2024,21/09/2024,28/09/2024,1346.73,H3WN8KM,72 m² Appartement ∙ 2 chambres ∙ 6 personnes,Zinal - Ayer - Valais
20/09/2024,05/10/2024,12/10/2024,1346.73,H3WN8KM,72 m² Appartement ∙ 2 chambres ∙ 6 personnes,Zinal - Ayer - Valais
20/09/2024,12/10/2024,19/10/2024,1346.73,H3WN8KM,72 m² Appartement ∙ 2 chambres ∙ 6 personnes,Zinal - Ayer - Valais
20/09/2024,19/10/2024,26/10/2024,1346.73,H3WN8KM,72 m² Appartement ∙ 2 chambres ∙ 6 personnes,Zinal - Ayer - Valais
20/09/2024,26/10/2024,02/11/2024,1346.73,H3WN8KM,72 m² Appartement ∙ 2 chambres ∙ 6 personnes,Zinal - Ayer - Valais
20/09/2024,02/11/2024,09/11/2024,1346.73,H3WN8KM,72 m² Appartement ∙ 2 chambres ∙ 6 personnes,Zinal - Ayer - Valais
20/09/2024,23/11/2024,30/11/2024,1548.53,H3WN8KM,72 m² Appartement ∙ 2 chambres ∙ 6 personnes,Zinal - Ayer - Valais
20/09/2024,30/11/2024,07/12/2024,1524.34,H3WN8KM,72 m² Appartement ∙ 2 chambres ∙ 6 personnes,Zinal - Ayer - Valais
20/09/2024,07/12/2024,14/12/2024,1524.34,H3WN8KM,72 m² Appartement ∙ 2 chambres ∙ 6 personnes,Zinal - Ayer - Valais
20/09/2024,04/01/2025,11/01/2025,1524.34,H3WN8KM,72 m² Appartement ∙ 2 chambres ∙ 6 personnes,Zinal - Ayer - Valais
20/09/2024,11/01/2025,18/01/2025,1524.34,H3WN8KM,72 m² Appartement ∙ 2 chambres ∙ 6 personnes,Zinal - Ayer - Valais
20/09/2024,08/02/2025,15/02/2025,2335.91,H3WN8KM,72 m² Appartement ∙ 2 chambres ∙ 6 personnes,Zinal - Ayer - Valais
20/09/2024,08/03/2025,15/03/2025,4242.12,H3WN8KM,72 m² Appartement ∙ 2 chambres ∙ 6 personnes,Zinal - Ayer - Valais
20/09/2024,15/03/2025,22/03/2025,1524.34,H3WN8KM,72 m² Appartement ∙ 2 chambres ∙ 6 personnes,Zinal - Ayer - Valais
20/09/2024,22/03/2025,29/03/2025,1524.34,H3WN8KM,72 m² Appartement ∙ 2 chambres ∙ 6 personnes,Zinal - Ayer - Valais
20/09/2024,29/03/2025,05/04/2025,1524.34,H3WN8KM,72 m² Appartement ∙ 2 chambres ∙ 6 personnes,Zinal - Ayer - Valais
20/09/2024,05/04/2025,12/04/2025,1665.48,H3WN8KM,72 m² Appartement ∙ 2 chambres ∙ 6 personnes,Zinal - Ayer - Valais
20/09/2024,12/04/2025,19/04/2025,1665.48,H3WN8KM,72 m² Appartement ∙ 2 chambres ∙ 6 personnes,Zinal - Ayer - Valais
20/09/2024,19/04/2025,26/04/2025,1524.34,H3WN8KM,72 m² Appartement ∙ 2 chambres ∙ 6 personnes,Zinal - Ayer - Valais
20/09/2024,28/09/2024,05/10/2024,807.00,HMWPBN5,54 m² Maison de vacances ∙ 2 chambres ∙ 6 personnes,Zinal - Ayer - Valais
20/09/2024,05/10/2024,12/10/2024,1152.00,HMWPBN5,54 m² Maison de vacances ∙ 2 chambres ∙ 6 personnes,Zinal - Ayer - Valais
20/09/2024,12/10/2024,19/10/2024,1152.00,HMWPBN5,54 m² Maison de vacances ∙ 2 chambres ∙ 6 personnes,Zinal - Ayer - Valais
20/09/2024,19/10/2024,26/10/2024,807.00,HMWPBN5,54 m² Maison de vacances ∙ 2 chambres ∙ 6 personnes,Zinal - Ayer - Valais
20/09/2024,14/12/2024,21/12/2024,1385.00,HMWPBN5,54 m² Maison de vacances ∙ 2 chambres ∙ 6 personnes,Zinal - Ayer - Valais
20/09/2024,21/12/2024,28/12/2024,3134.00,HMWPBN5,54 m² Maison de vacances ∙ 2 chambres ∙ 6 personnes,Zinal - Ayer - Valais
20/09/2024,18/01/2025,25/01/2025,1826.00,HMWPBN5,54 m² Maison de vacances ∙ 2 chambres ∙ 6 personnes,Zinal - Ayer - Valais
20/09/2024,25/01/2025,01/02/2025,1826.00,HMWPBN5,54 m² Maison de vacances ∙ 2 chambres ∙ 6 personnes,Zinal - Ayer - Valais
20/09/2024,08/02/2025,15/02/2025,3134.00,HMWPBN5,54 m² Maison de vacances ∙ 2 chambres ∙ 6 personnes,Zinal - Ayer - Valais
20/09/2024,22/02/2025,01/03/2025,3966.00,HMWPBN5,54 m² Maison de vacances ∙ 2 chambres ∙ 6 personnes,Zinal - Ayer - Valais
20/09/2024,08/03/2025,15/03/2025,1826.00,HMWPBN5,54 m² Maison de vacances ∙ 2 chambres ∙ 6 personnes,Zinal - Ayer - Valais
20/09/2024,15/03/2025,22/03/2025,1589.00,HMWPBN5,54 m² Maison de vacances ∙ 2 chambres ∙ 6 personnes,Zinal - Ayer - Valais
20/09/2024,22/03/2025,29/03/2025,1589.00,HMWPBN5,54 m² Maison de vacances ∙ 2 chambres ∙ 6 personnes,Zinal - Ayer - Valais
20/09/2024,29/03/2025,05/04/2025,1385.00,HMWPBN5,54 m² Maison de vacances ∙ 2 chambres ∙ 6 personnes,Zinal - Ayer - Valais
20/09/2024,05/04/2025,12/04/2025,1826.00,HMWPBN5,54 m² Maison de vacances ∙ 2 chambres ∙ 6 personnes,Zinal - Ayer - Valais
20/09/2024,12/04/2025,19/04/2025,1589.00,HMWPBN5,54 m² Maison de vacances ∙ 2 chambres ∙ 6 personnes,Zinal - Ayer - Valais
20/09/2024,14/12/2024,21/12/2024,1121.40,HHW649T,57 m² Appartement ∙ 2 chambres ∙ 6 personnes,Zinal - Ayer - Valais
20/09/2024,21/12/2024,28/12/2024,2530.50,HHW649T,57 m² Appartement ∙ 2 chambres ∙ 6 personnes,Zinal - Ayer - Valais
20/09/2024,18/01/2025,25/01/2025,1477.35,HHW649T,57 m² Appartement ∙ 2 chambres ∙ 6 personnes,Zinal - Ayer - Valais
20/09/2024,08/02/2025,15/02/2025,2530.50,HHW649T,57 m² Appartement ∙ 2 chambres ∙ 6 personnes,Zinal - Ayer - Valais
20/09/2024,08/03/2025,15/03/2025,1477.35,HHW649T,57 m² Appartement ∙ 2 chambres ∙ 6 personnes,Zinal - Ayer - Valais
20/09/2024,22/03/2025,29/03/2025,1281.00,HHW649T,57 m² Appartement ∙ 2 chambres ∙ 6 personnes,Zinal - Ayer - Valais
20/09/2024,29/03/2025,05/04/2025,1121.40,HHW649T,57 m² Appartement ∙ 2 chambres ∙ 6 personnes,Zinal - Ayer - Valais
20/09/2024,05/04/2025,12/04/2025,1477.35,HHW649T,57 m² Appartement ∙ 2 chambres ∙ 6 personnes,Zinal - Ayer - Valais
20/09/2024,12/04/2025,19/04/2025,1281.00,HHW649T,57 m² Appartement ∙ 2 chambres ∙ 6 personnes,Zinal - Ayer - Valais
20/09/2024,28/09/2024,05/10/2024,1976.00,HS43VP0,150 m² Maison de vacances ∙ 4 chambres ∙ 10 personnes,Zinal - Ayer - Valais
20/09/2024,05/10/2024,12/10/2024,1976.00,HS43VP0,150 m² Maison de vacances ∙ 4 chambres ∙ 10 personnes,Zinal - Ayer - Valais
20/09/2024,12/10/2024,19/10/2024,1976.00,HS43VP0,150 m² Maison de vacances ∙ 4 chambres ∙ 10 personnes,Zinal - Ayer - Valais
20/09/2024,19/10/2024,26/10/2024,1976.00,HS43VP0,150 m² Maison de vacances ∙ 4 chambres ∙ 10 personnes,Zinal - Ayer - Valais
20/09/2024,26/10/2024,02/11/2024,1976.00,HS43VP0,150 m² Maison de vacances ∙ 4 chambres ∙ 10 personnes,Zinal - Ayer - Valais
20/09/2024,02/11/2024,09/11/2024,1976.00,HS43VP0,150 m² Maison de vacances ∙ 4 chambres ∙ 10 personnes,Zinal - Ayer - Valais
20/09/2024,09/11/2024,16/11/2024,1976.00,HS43VP0,150 m² Maison de vacances ∙ 4 chambres ∙ 10 personnes,Zinal - Ayer - Valais
20/09/2024,16/11/2024,23/11/2024,1976.00,HS43VP0,150 m² Maison de vacances ∙ 4 chambres ∙ 10 personnes,Zinal - Ayer - Valais
20/09/2024,23/11/2024,30/11/2024,1976.00,HS43VP0,150 m² Maison de vacances ∙ 4 chambres ∙ 10 personnes,Zinal - Ayer - Valais
20/09/2024,30/11/2024,07/12/2024,1976.00,HS43VP0,150 m² Maison de vacances ∙ 4 chambres ∙ 10 personnes,Zinal - Ayer - Valais
20/09/2024,07/12/2024,14/12/2024,1976.00,HS43VP0,150 m² Maison de vacances ∙ 4 chambres ∙ 10 personnes,Zinal - Ayer - Valais
20/09/2024,14/12/2024,21/12/2024,2279.00,HS43VP0,150 m² Maison de vacances ∙ 4 chambres ∙ 10 personnes,Zinal - Ayer - Valais
20/09/2024,04/01/2025,11/01/2025,2279.00,HS43VP0,150 m² Maison de vacances ∙ 4 chambres ∙ 10 personnes,Zinal - Ayer - Valais
20/09/2024,05/04/2025,12/04/2025,1976.00,HS43VP0,150 m² Maison de vacances ∙ 4 chambres ∙ 10 personnes,Zinal - Ayer - Valais
20/09/2024,12/04/2025,19/04/2025,1976.00,HS43VP0,150 m² Maison de vacances ∙ 4 chambres ∙ 10 personnes,Zinal - Ayer - Valais
20/09/2024,19/04/2025,26/04/2025,1976.00,HS43VP0,150 m² Maison de vacances ∙ 4 chambres ∙ 10 personnes,Zinal - Ayer - Valais
20/09/2024,26/04/2025,03/05/2025,1976.00,HS43VP0,150 m² Maison de vacances ∙ 4 chambres ∙ 10 personnes,Zinal - Ayer - Valais
20/09/2024,03/05/2025,10/05/2025,1976.00,HS43VP0,150 m² Maison de vacances ∙ 4 chambres ∙ 10 personnes,Zinal - Ayer - Valais
20/09/2024,10/05/2025,17/05/2025,1976.00,HS43VP0,150 m² Maison de vacances ∙ 4 chambres ∙ 10 personnes,Zinal - Ayer - Valais
20/09/2024,12/10/2024,19/10/2024,630.00,HPKN8VZ,28 m² Maison de vacances ∙ 1 chambre ∙ 2 personnes,Zinal - Ayer - Valais
20/09/2024,19/10/2024,26/10/2024,630.00,HPKN8VZ,28 m² Maison de vacances ∙ 1 chambre ∙ 2 personnes,Zinal - Ayer - Valais
20/09/2024,26/10/2024,02/11/2024,630.00,HPKN8VZ,28 m² Maison de vacances ∙ 1 chambre ∙ 2 personnes,Zinal - Ayer - Valais
20/09/2024,02/11/2024,09/11/2024,630.00,HPKN8VZ,28 m² Maison de vacances ∙ 1 chambre ∙ 2 personnes,Zinal - Ayer - Valais
20/09/2024,09/11/2024,16/11/2024,630.00,HPKN8VZ,28 m² Maison de vacances ∙ 1 chambre ∙ 2 personnes,Zinal - Ayer - Valais
20/09/2024,30/11/2024,07/12/2024,630.00,HPKN8VZ,28 m² Maison de vacances ∙ 1 chambre ∙ 2 personnes,Zinal - Ayer - Valais
20/09/2024,07/12/2024,14/12/2024,630.00,HPKN8VZ,28 m² Maison de vacances ∙ 1 chambre ∙ 2 personnes,Zinal - Ayer - Valais
20/09/2024,14/12/2024,21/12/2024,767.00,HPKN8VZ,28 m² Maison de vacances ∙ 1 chambre ∙ 2 personnes,Zinal - Ayer - Valais
20/09/2024,01/02/2025,08/02/2025,919.00,HPKN8VZ,28 m² Maison de vacances ∙ 1 chambre ∙ 2 personnes,Zinal - Ayer - Valais
20/09/2024,08/02/2025,15/02/2025,919.00,HPKN8VZ,28 m² Maison de vacances ∙ 1 chambre ∙ 2 personnes,Zinal - Ayer - Valais
20/09/2024,22/02/2025,01/03/2025,1132.00,HPKN8VZ,28 m² Maison de vacances ∙ 1 chambre ∙ 2 personnes,Zinal - Ayer - Valais
20/09/2024,08/03/2025,15/03/2025,919.00,HPKN8VZ,28 m² Maison de vacances ∙ 1 chambre ∙ 2 personnes,Zinal - Ayer - Valais
20/09/2024,15/03/2025,22/03/2025,767.00,HPKN8VZ,28 m² Maison de vacances ∙ 1 chambre ∙ 2 personnes,Zinal - Ayer - Valais
20/09/2024,12/04/2025,19/04/2025,630.00,HPKN8VZ,28 m² Maison de vacances ∙ 1 chambre ∙ 2 personnes,Zinal - Ayer - Valais
20/09/2024,19/04/2025,26/04/2025,630.00,HPKN8VZ,28 m² Maison de vacances ∙ 1 chambre ∙ 2 personnes,Zinal - Ayer - Valais
20/09/2024,26/04/2025,03/05/2025,630.00,HPKN8VZ,28 m² Maison de vacances ∙ 1 chambre ∙ 2 personnes,Zinal - Ayer - Valais
20/09/2024,03/05/2025,10/05/2025,630.00,HPKN8VZ,28 m² Maison de vacances ∙ 1 chambre ∙ 2 personnes,Zinal - Ayer - Valais
20/09/2024,10/05/2025,17/05/2025,630.00,HPKN8VZ,28 m² Maison de vacances ∙ 1 chambre ∙ 2 personnes,Zinal - Ayer - Valais
20/09/2024,28/09/2024,05/10/2024,1665.00,HJV2ZK9,Villa ∙ 3 chambres ∙ 6 personnes,Zinal - Ayer - Valais
20/09/2024,05/10/2024,12/10/2024,1665.00,HJV2ZK9,Villa ∙ 3 chambres ∙ 6 personnes,Zinal - Ayer - Valais
20/09/2024,26/10/2024,02/11/2024,1665.00,HJV2ZK9,Villa ∙ 3 chambres ∙ 6 personnes,Zinal - Ayer - Valais
20/09/2024,02/11/2024,09/11/2024,1665.00,HJV2ZK9,Villa ∙ 3 chambres ∙ 6 personnes,Zinal - Ayer - Valais
20/09/2024,09/11/2024,16/11/2024,1665.00,HJV2ZK9,Villa ∙ 3 chambres ∙ 6 personnes,Zinal - Ayer - Valais
20/09/2024,16/11/2024,23/11/2024,1665.00,HJV2ZK9,Villa ∙ 3 chambres ∙ 6 personnes,Zinal - Ayer - Valais
20/09/2024,23/11/2024,30/11/2024,1665.00,HJV2ZK9,Villa ∙ 3 chambres ∙ 6 personnes,Zinal - Ayer - Valais
20/09/2024,30/11/2024,07/12/2024,1665.00,HJV2ZK9,Villa ∙ 3 chambres ∙ 6 personnes,Zinal - Ayer - Valais
20/09/2024,07/12/2024,14/12/2024,1665.00,HJV2ZK9,Villa ∙ 3 chambres ∙ 6 personnes,Zinal - Ayer - Valais
20/09/2024,14/12/2024,21/12/2024,2005.00,HJV2ZK9,Villa ∙ 3 chambres ∙ 6 personnes,Zinal - Ayer - Valais
20/09/2024,21/12/2024,28/12/2024,2174.00,HJV2ZK9,Villa ∙ 3 chambres ∙ 6 personnes,Zinal - Ayer - Valais
20/09/2024,04/01/2025,11/01/2025,2005.00,HJV2ZK9,Villa ∙ 3 chambres ∙ 6 personnes,Zinal - Ayer - Valais
20/09/2024,11/01/2025,18/01/2025,2005.00,HJV2ZK9,Villa ∙ 3 chambres ∙ 6 personnes,Zinal - Ayer - Valais
20/09/2024,18/01/2025,25/01/2025,2005.00,HJV2ZK9,Villa ∙ 3 chambres ∙ 6 personnes,Zinal - Ayer - Valais
20/09/2024,22/02/2025,01/03/2025,2430.00,HJV2ZK9,Villa ∙ 3 chambres ∙ 6 personnes,Zinal - Ayer - Valais
20/09/2024,22/03/2025,29/03/2025,2005.00,HJV2ZK9,Villa ∙ 3 chambres ∙ 6 personnes,Zinal - Ayer - Valais
20/09/2024,29/03/2025,05/04/2025,2005.00,HJV2ZK9,Villa ∙ 3 chambres ∙ 6 personnes,Zinal - Ayer - Valais
20/09/2024,05/04/2025,12/04/2025,1665.00,HJV2ZK9,Villa ∙ 3 chambres ∙ 6 personnes,Zinal - Ayer - Valais
20/09/2024,26/04/2025,03/05/2025,1665.00,HJV2ZK9,Villa ∙ 3 chambres ∙ 6 personnes,Zinal - Ayer - Valais
20/09/2024,03/05/2025,10/05/2025,1665.00,HJV2ZK9,Villa ∙ 3 chambres ∙ 6 personnes,Zinal - Ayer - Valais
20/09/2024,10/05/2025,17/05/2025,1665.00,HJV2ZK9,Villa ∙ 3 chambres ∙ 6 personnes,Zinal - Ayer - Valais
20/09/2024,28/09/2024,05/10/2024,638.00,HJSXPGV,34 m² Maison de vacances ∙ 1 chambre ∙ 4 personnes,Zinal - Ayer - Valais
20/09/2024,05/10/2024,12/10/2024,899.00,HJSXPGV,34 m² Maison de vacances ∙ 1 chambre ∙ 4 personnes,Zinal - Ayer - Valais
20/09/2024,12/10/2024,19/10/2024,899.00,HJSXPGV,34 m² Maison de vacances ∙ 1 chambre ∙ 4 personnes,Zinal - Ayer - Valais
20/09/2024,19/10/2024,26/10/2024,638.00,HJSXPGV,34 m² Maison de vacances ∙ 1 chambre ∙ 4 personnes,Zinal - Ayer - Valais
20/09/2024,14/12/2024,21/12/2024,1071.00,HJSXPGV,34 m² Maison de vacances ∙ 1 chambre ∙ 4 personnes,Zinal - Ayer - Valais
20/09/2024,21/12/2024,28/12/2024,2421.00,HJSXPGV,34 m² Maison de vacances ∙ 1 chambre ∙ 4 personnes,Zinal - Ayer - Valais
20/09/2024,04/01/2025,11/01/2025,1224.00,HJSXPGV,34 m² Maison de vacances ∙ 1 chambre ∙ 4 personnes,Zinal - Ayer - Valais
20/09/2024,11/01/2025,18/01/2025,1071.00,HJSXPGV,34 m² Maison de vacances ∙ 1 chambre ∙ 4 personnes,Zinal - Ayer - Valais
20/09/2024,18/01/2025,25/01/2025,1411.00,HJSXPGV,34 m² Maison de vacances ∙ 1 chambre ∙ 4 personnes,Zinal - Ayer - Valais
20/09/2024,08/02/2025,15/02/2025,2421.00,HJSXPGV,34 m² Maison de vacances ∙ 1 chambre ∙ 4 personnes,Zinal - Ayer - Valais
20/09/2024,15/02/2025,22/02/2025,3067.00,HJSXPGV,34 m² Maison de vacances ∙ 1 chambre ∙ 4 personnes,Zinal - Ayer - Valais
20/09/2024,22/02/2025,01/03/2025,3067.00,HJSXPGV,34 m² Maison de vacances ∙ 1 chambre ∙ 4 personnes,Zinal - Ayer - Valais
20/09/2024,08/03/2025,15/03/2025,1411.00,HJSXPGV,34 m² Maison de vacances ∙ 1 chambre ∙ 4 personnes,Zinal - Ayer - Valais
20/09/2024,15/03/2025,22/03/2025,1224.00,HJSXPGV,34 m² Maison de vacances ∙ 1 chambre ∙ 4 personnes,Zinal - Ayer - Valais
20/09/2024,22/03/2025,29/03/2025,1224.00,HJSXPGV,34 m² Maison de vacances ∙ 1 chambre ∙ 4 personnes,Zinal - Ayer - Valais
20/09/2024,29/03/2025,05/04/2025,1071.00,HJSXPGV,34 m² Maison de vacances ∙ 1 chambre ∙ 4 personnes,Zinal - Ayer - Valais
20/09/2024,05/04/2025,12/04/2025,1411.00,HJSXPGV,34 m² Maison de vacances ∙ 1 chambre ∙ 4 personnes,Zinal - Ayer - Valais
20/09/2024,12/04/2025,19/04/2025,1224.00,HJSXPGV,34 m² Maison de vacances ∙ 1 chambre ∙ 4 personnes,Zinal - Ayer - Valais
20/09/2024,28/09/2024,05/10/2024,1781.00,H6EW24U,Villa ∙ 1 chambre ∙ 6 personnes,Zinal - Ayer - Valais
20/09/2024,05/10/2024,12/10/2024,1781.00,H6EW24U,Villa ∙ 1 chambre ∙ 6 personnes,Zinal - Ayer - Valais
20/09/2024,12/10/2024,19/10/2024,1781.00,H6EW24U,Villa ∙ 1 chambre ∙ 6 personnes,Zinal - Ayer - Valais
20/09/2024,19/10/2024,26/10/2024,1781.00,H6EW24U,Villa ∙ 1 chambre ∙ 6 personnes,Zinal - Ayer - Valais
20/09/2024,26/10/2024,02/11/2024,1781.00,H6EW24U,Villa ∙ 1 chambre ∙ 6 personnes,Zinal - Ayer - Valais
20/09/2024,02/11/2024,09/11/2024,1781.00,H6EW24U,Villa ∙ 1 chambre ∙ 6 personnes,Zinal - Ayer - Valais
20/09/2024,09/11/2024,16/11/2024,1781.00,H6EW24U,Villa ∙ 1 chambre ∙ 6 personnes,Zinal - Ayer - Valais
20/09/2024,30/11/2024,07/12/2024,1781.00,H6EW24U,Villa ∙ 1 chambre ∙ 6 personnes,Zinal - Ayer - Valais
20/09/2024,07/12/2024,14/12/2024,1781.00,H6EW24U,Villa ∙ 1 chambre ∙ 6 personnes,Zinal - Ayer - Valais
20/09/2024,14/12/2024,21/12/2024,2037.00,H6EW24U,Villa ∙ 1 chambre ∙ 6 personnes,Zinal - Ayer - Valais
20/09/2024,18/01/2025,25/01/2025,2037.00,H6EW24U,Villa ∙ 1 chambre ∙ 6 personnes,Zinal - Ayer - Valais
20/09/2024,01/02/2025,08/02/2025,2164.00,H6EW24U,Villa ∙ 1 chambre ∙ 6 personnes,Zinal - Ayer - Valais
20/09/2024,15/03/2025,22/03/2025,2037.00,H6EW24U,Villa ∙ 1 chambre ∙ 6 personnes,Zinal - Ayer - Valais
20/09/2024,22/03/2025,29/03/2025,2037.00,H6EW24U,Villa ∙ 1 chambre ∙ 6 personnes,Zinal - Ayer - Valais
20/09/2024,29/03/2025,05/04/2025,2037.00,H6EW24U,Villa ∙ 1 chambre ∙ 6 personnes,Zinal - Ayer - Valais
20/09/2024,05/04/2025,12/04/2025,1781.00,H6EW24U,Villa ∙ 1 chambre ∙ 6 personnes,Zinal - Ayer - Valais
20/09/2024,12/04/2025,19/04/2025,1781.00,H6EW24U,Villa ∙ 1 chambre ∙ 6 personnes,Zinal - Ayer - Valais
20/09/2024,19/04/2025,26/04/2025,1781.00,H6EW24U,Villa ∙ 1 chambre ∙ 6 personnes,Zinal - Ayer - Valais
20/09/2024,26/04/2025,03/05/2025,1781.00,H6EW24U,Villa ∙ 1 chambre ∙ 6 personnes,Zinal - Ayer - Valais
20/09/2024,03/05/2025,10/05/2025,1781.00,H6EW24U,Villa ∙ 1 chambre ∙ 6 personnes,Zinal - Ayer - Valais
20/09/2024,10/05/2025,17/05/2025,1781.00,H6EW24U,Villa ∙ 1 chambre ∙ 6 personnes,Zinal - Ayer - Valais
20/09/2024,28/09/2024,05/10/2024,730.00,H6UMWRH,54 m² Maison de vacances ∙ 1 chambre ∙ 6 personnes,Zinal - Ayer - Valais
20/09/2024,05/10/2024,12/10/2024,1036.00,H6UMWRH,54 m² Maison de vacances ∙ 1 chambre ∙ 6 personnes,Zinal - Ayer - Valais
20/09/2024,12/10/2024,19/10/2024,1036.00,H6UMWRH,54 m² Maison de vacances ∙ 1 chambre ∙ 6 personnes,Zinal - Ayer - Valais
20/09/2024,19/10/2024,26/10/2024,730.00,H6UMWRH,54 m² Maison de vacances ∙ 1 chambre ∙ 6 personnes,Zinal - Ayer - Valais
20/09/2024,14/12/2024,21/12/2024,1257.00,H6UMWRH,54 m² Maison de vacances ∙ 1 chambre ∙ 6 personnes,Zinal - Ayer - Valais
20/09/2024,21/12/2024,28/12/2024,2837.00,H6UMWRH,54 m² Maison de vacances ∙ 1 chambre ∙ 6 personnes,Zinal - Ayer - Valais
20/09/2024,18/01/2025,25/01/2025,1657.00,H6UMWRH,54 m² Maison de vacances ∙ 1 chambre ∙ 6 personnes,Zinal - Ayer - Valais
20/09/2024,08/03/2025,15/03/2025,1657.00,H6UMWRH,54 m² Maison de vacances ∙ 1 chambre ∙ 6 personnes,Zinal - Ayer - Valais
20/09/2024,22/03/2025,29/03/2025,1436.00,H6UMWRH,54 m² Maison de vacances ∙ 1 chambre ∙ 6 personnes,Zinal - Ayer - Valais
20/09/2024,29/03/2025,05/04/2025,1257.00,H6UMWRH,54 m² Maison de vacances ∙ 1 chambre ∙ 6 personnes,Zinal - Ayer - Valais
20/09/2024,05/04/2025,12/04/2025,1657.00,H6UMWRH,54 m² Maison de vacances ∙ 1 chambre ∙ 6 personnes,Zinal - Ayer - Valais
20/09/2024,12/04/2025,19/04/2025,1436.00,H6UMWRH,54 m² Maison de vacances ∙ 1 chambre ∙ 6 personnes,Zinal - Ayer - Valais
20/09/2024,28/09/2024,05/10/2024,2214.00,HUDBMSA,150 m² Villa ∙ 4 chambres ∙ 10 personnes,Zinal - Ayer - Valais
20/09/2024,05/10/2024,12/10/2024,2214.00,HUDBMSA,150 m² Villa ∙ 4 chambres ∙ 10 personnes,Zinal - Ayer - Valais
20/09/2024,12/10/2024,19/10/2024,2214.00,HUDBMSA,150 m² Villa ∙ 4 chambres ∙ 10 personnes,Zinal - Ayer - Valais
20/09/2024,19/10/2024,26/10/2024,2214.00,HUDBMSA,150 m² Villa ∙ 4 chambres ∙ 10 personnes,Zinal - Ayer - Valais
20/09/2024,26/10/2024,02/11/2024,2214.00,HUDBMSA,150 m² Villa ∙ 4 chambres ∙ 10 personnes,Zinal - Ayer - Valais
20/09/2024,02/11/2024,09/11/2024,2214.00,HUDBMSA,150 m² Villa ∙ 4 chambres ∙ 10 personnes,Zinal - Ayer - Valais
20/09/2024,09/11/2024,16/11/2024,2214.00,HUDBMSA,150 m² Villa ∙ 4 chambres ∙ 10 personnes,Zinal - Ayer - Valais
20/09/2024,16/11/2024,23/11/2024,2214.00,HUDBMSA,150 m² Villa ∙ 4 chambres ∙ 10 personnes,Zinal - Ayer - Valais
20/09/2024,23/11/2024,30/11/2024,2214.00,HUDBMSA,150 m² Villa ∙ 4 chambres ∙ 10 personnes,Zinal - Ayer - Valais
20/09/2024,30/11/2024,07/12/2024,2214.00,HUDBMSA,150 m² Villa ∙ 4 chambres ∙ 10 personnes,Zinal - Ayer - Valais
20/09/2024,07/12/2024,14/12/2024,2214.00,HUDBMSA,150 m² Villa ∙ 4 chambres ∙ 10 personnes,Zinal - Ayer - Valais
20/09/2024,14/12/2024,21/12/2024,2553.00,HUDBMSA,150 m² Villa ∙ 4 chambres ∙ 10 personnes,Zinal - Ayer - Valais
20/09/2024,04/01/2025,11/01/2025,2553.00,HUDBMSA,150 m² Villa ∙ 4 chambres ∙ 10 personnes,Zinal - Ayer - Valais
20/09/2024,05/04/2025,12/04/2025,2214.00,HUDBMSA,150 m² Villa ∙ 4 chambres ∙ 10 personnes,Zinal - Ayer - Valais
20/09/2024,12/04/2025,19/04/2025,2214.00,HUDBMSA,150 m² Villa ∙ 4 chambres ∙ 10 personnes,Zinal - Ayer - Valais
20/09/2024,19/04/2025,26/04/2025,2214.00,HUDBMSA,150 m² Villa ∙ 4 chambres ∙ 10 personnes,Zinal - Ayer - Valais
20/09/2024,26/04/2025,03/05/2025,2214.00,HUDBMSA,150 m² Villa ∙ 4 chambres ∙ 10 personnes,Zinal - Ayer - Valais
20/09/2024,03/05/2025,10/05/2025,2214.00,HUDBMSA,150 m² Villa ∙ 4 chambres ∙ 10 personnes,Zinal - Ayer - Valais
20/09/2024,10/05/2025,17/05/2025,2214.00,HUDBMSA,150 m² Villa ∙ 4 chambres ∙ 10 personnes,Zinal - Ayer - Valais
20/09/2024,05/10/2024,12/10/2024,1267.00,HNBD1US,52 m² Maison de vacances ∙ 2 chambres ∙ 6 personnes,Zinal - Ayer - Valais
20/09/2024,12/10/2024,19/10/2024,1267.00,HNBD1US,52 m² Maison de vacances ∙ 2 chambres ∙ 6 personnes,Zinal - Ayer - Valais
20/09/2024,19/10/2024,26/10/2024,891.00,HNBD1US,52 m² Maison de vacances ∙ 2 chambres ∙ 6 personnes,Zinal - Ayer - Valais
20/09/2024,14/12/2024,21/12/2024,1529.00,HNBD1US,52 m² Maison de vacances ∙ 2 chambres ∙ 6 personnes,Zinal - Ayer - Valais
20/09/2024,21/12/2024,28/12/2024,3440.00,HNBD1US,52 m² Maison de vacances ∙ 2 chambres ∙ 6 personnes,Zinal - Ayer - Valais
20/09/2024,04/01/2025,11/01/2025,1742.00,HNBD1US,52 m² Maison de vacances ∙ 2 chambres ∙ 6 personnes,Zinal - Ayer - Valais
20/09/2024,11/01/2025,18/01/2025,1529.00,HNBD1US,52 m² Maison de vacances ∙ 2 chambres ∙ 6 personnes,Zinal - Ayer - Valais
20/09/2024,18/01/2025,25/01/2025,2005.00,HNBD1US,52 m² Maison de vacances ∙ 2 chambres ∙ 6 personnes,Zinal - Ayer - Valais
20/09/2024,08/02/2025,15/02/2025,3440.00,HNBD1US,52 m² Maison de vacances ∙ 2 chambres ∙ 6 personnes,Zinal - Ayer - Valais
20/09/2024,15/02/2025,22/02/2025,4357.00,HNBD1US,52 m² Maison de vacances ∙ 2 chambres ∙ 6 personnes,Zinal - Ayer - Valais
20/09/2024,22/02/2025,01/03/2025,4357.00,HNBD1US,52 m² Maison de vacances ∙ 2 chambres ∙ 6 personnes,Zinal - Ayer - Valais
20/09/2024,08/03/2025,15/03/2025,2005.00,HNBD1US,52 m² Maison de vacances ∙ 2 chambres ∙ 6 personnes,Zinal - Ayer - Valais
20/09/2024,15/03/2025,22/03/2025,1742.00,HNBD1US,52 m² Maison de vacances ∙ 2 chambres ∙ 6 personnes,Zinal - Ayer - Valais
20/09/2024,22/03/2025,29/03/2025,1742.00,HNBD1US,52 m² Maison de vacances ∙ 2 chambres ∙ 6 personnes,Zinal - Ayer - Valais
20/09/2024,29/03/2025,05/04/2025,1529.00,HNBD1US,52 m² Maison de vacances ∙ 2 chambres ∙ 6 personnes,Zinal - Ayer - Valais
20/09/2024,05/04/2025,12/04/2025,2005.00,HNBD1US,52 m² Maison de vacances ∙ 2 chambres ∙ 6 personnes,Zinal - Ayer - Valais
20/09/2024,12/04/2025,19/04/2025,1742.00,HNBD1US,52 m² Maison de vacances ∙ 2 chambres ∙ 6 personnes,Zinal - Ayer - Valais
20/09/2024,28/09/2024,05/10/2024,1533.00,H5B9ET1,85 m² Appartement ∙ 1 chambre ∙ 6 personnes,Zinal - Ayer - Valais
20/09/2024,05/10/2024,12/10/2024,1533.00,H5B9ET1,85 m² Appartement ∙ 1 chambre ∙ 6 personnes,Zinal - Ayer - Valais
20/09/2024,12/10/2024,19/10/2024,1533.00,H5B9ET1,85 m² Appartement ∙ 1 chambre ∙ 6 personnes,Zinal - Ayer - Valais
20/09/2024,19/10/2024,26/10/2024,1533.00,H5B9ET1,85 m² Appartement ∙ 1 chambre ∙ 6 personnes,Zinal - Ayer - Valais
20/09/2024,26/10/2024,02/11/2024,1533.00,H5B9ET1,85 m² Appartement ∙ 1 chambre ∙ 6 personnes,Zinal - Ayer - Valais
20/09/2024,02/11/2024,09/11/2024,1533.00,H5B9ET1,85 m² Appartement ∙ 1 chambre ∙ 6 personnes,Zinal - Ayer - Valais
20/09/2024,09/11/2024,16/11/2024,1533.00,H5B9ET1,85 m² Appartement ∙ 1 chambre ∙ 6 personnes,Zinal - Ayer - Valais
20/09/2024,07/12/2024,14/12/2024,1533.00,H5B9ET1,85 m² Appartement ∙ 1 chambre ∙ 6 personnes,Zinal - Ayer - Valais
20/09/2024,21/12/2024,28/12/2024,2118.00,H5B9ET1,85 m² Appartement ∙ 1 chambre ∙ 6 personnes,Zinal - Ayer - Valais
20/09/2024,04/01/2025,11/01/2025,1762.00,H5B9ET1,85 m² Appartement ∙ 1 chambre ∙ 6 personnes,Zinal - Ayer - Valais
20/09/2024,08/03/2025,15/03/2025,1924.00,H5B9ET1,85 m² Appartement ∙ 1 chambre ∙ 6 personnes,Zinal - Ayer - Valais
20/09/2024,15/03/2025,22/03/2025,1762.00,H5B9ET1,85 m² Appartement ∙ 1 chambre ∙ 6 personnes,Zinal - Ayer - Valais
20/09/2024,22/03/2025,29/03/2025,1762.00,H5B9ET1,85 m² Appartement ∙ 1 chambre ∙ 6 personnes,Zinal - Ayer - Valais
20/09/2024,29/03/2025,05/04/2025,1762.00,H5B9ET1,85 m² Appartement ∙ 1 chambre ∙ 6 personnes,Zinal - Ayer - Valais
20/09/2024,05/04/2025,12/04/2025,1533.00,H5B9ET1,85 m² Appartement ∙ 1 chambre ∙ 6 personnes,Zinal - Ayer - Valais
20/09/2024,26/04/2025,03/05/2025,1533.00,H5B9ET1,85 m² Appartement ∙ 1 chambre ∙ 6 personnes,Zinal - Ayer - Valais
20/09/2024,03/05/2025,10/05/2025,1533.00,H5B9ET1,85 m² Appartement ∙ 1 chambre ∙ 6 personnes,Zinal - Ayer - Valais
20/09/2024,10/05/2025,17/05/2025,1533.00,H5B9ET1,85 m² Appartement ∙ 1 chambre ∙ 6 personnes,Zinal - Ayer - Valais
20/09/2024,28/09/2024,05/10/2024,1128.78,HMJCS2Y,80 m² Chalet ∙ 3 chambres ∙ 6 personnes,Mission - Ayer - Valais
20/09/2024,05/10/2024,12/10/2024,1147.93,HMJCS2Y,80 m² Chalet ∙ 3 chambres ∙ 6 personnes,Mission - Ayer - Valais
20/09/2024,12/10/2024,19/10/2024,1147.93,HMJCS2Y,80 m² Chalet ∙ 3 chambres ∙ 6 personnes,Mission - Ayer - Valais
20/09/2024,19/10/2024,26/10/2024,1147.93,HMJCS2Y,80 m² Chalet ∙ 3 chambres ∙ 6 personnes,Mission - Ayer - Valais
20/09/2024,26/10/2024,02/11/2024,1147.93,HMJCS2Y,80 m² Chalet ∙ 3 chambres ∙ 6 personnes,Mission - Ayer - Valais
20/09/2024,02/11/2024,09/11/2024,1147.93,HMJCS2Y,80 m² Chalet ∙ 3 chambres ∙ 6 personnes,Mission - Ayer - Valais
20/09/2024,09/11/2024,16/11/2024,1147.93,HMJCS2Y,80 m² Chalet ∙ 3 chambres ∙ 6 personnes,Mission - Ayer - Valais
20/09/2024,16/11/2024,23/11/2024,1147.93,HMJCS2Y,80 m² Chalet ∙ 3 chambres ∙ 6 personnes,Mission - Ayer - Valais
20/09/2024,23/11/2024,30/11/2024,1147.93,HMJCS2Y,80 m² Chalet ∙ 3 chambres ∙ 6 personnes,Mission - Ayer - Valais
20/09/2024,30/11/2024,07/12/2024,1160.89,HMJCS2Y,80 m² Chalet ∙ 3 chambres ∙ 6 personnes,Mission - Ayer - Valais
20/09/2024,07/12/2024,14/12/2024,1190.95,HMJCS2Y,80 m² Chalet ∙ 3 chambres ∙ 6 personnes,Mission - Ayer - Valais
20/09/2024,14/12/2024,21/12/2024,1646.60,HMJCS2Y,80 m² Chalet ∙ 3 chambres ∙ 6 personnes,Mission - Ayer - Valais
20/09/2024,21/12/2024,28/12/2024,2892.39,HMJCS2Y,80 m² Chalet ∙ 3 chambres ∙ 6 personnes,Mission - Ayer - Valais
20/09/2024,15/02/2025,22/02/2025,2892.39,HMJCS2Y,80 m² Chalet ∙ 3 chambres ∙ 6 personnes,Mission - Ayer - Valais
20/09/2024,22/02/2025,01/03/2025,2892.39,HMJCS2Y,80 m² Chalet ∙ 3 chambres ∙ 6 personnes,Mission - Ayer - Valais
20/09/2024,01/03/2025,08/03/2025,2892.39,HMJCS2Y,80 m² Chalet ∙ 3 chambres ∙ 6 personnes,Mission - Ayer - Valais
20/09/2024,08/03/2025,15/03/2025,2162.07,HMJCS2Y,80 m² Chalet ∙ 3 chambres ∙ 6 personnes,Mission - Ayer - Valais
20/09/2024,15/03/2025,22/03/2025,2078.39,HMJCS2Y,80 m² Chalet ∙ 3 chambres ∙ 6 personnes,Mission - Ayer - Valais
20/09/2024,22/03/2025,29/03/2025,1809.81,HMJCS2Y,80 m² Chalet ∙ 3 chambres ∙ 6 personnes,Mission - Ayer - Valais
20/09/2024,29/03/2025,05/04/2025,1995.75,HMJCS2Y,80 m² Chalet ∙ 3 chambres ∙ 6 personnes,Mission - Ayer - Valais
20/09/2024,05/04/2025,12/04/2025,2522.58,HMJCS2Y,80 m² Chalet ∙ 3 chambres ∙ 6 personnes,Mission - Ayer - Valais
20/09/2024,12/04/2025,19/04/2025,2325.27,HMJCS2Y,80 m² Chalet ∙ 3 chambres ∙ 6 personnes,Mission - Ayer - Valais
20/09/2024,19/04/2025,26/04/2025,1697.21,HMJCS2Y,80 m² Chalet ∙ 3 chambres ∙ 6 personnes,Mission - Ayer - Valais
20/09/2024,26/04/2025,03/05/2025,1576.35,HMJCS2Y,80 m² Chalet ∙ 3 chambres ∙ 6 personnes,Mission - Ayer - Valais
20/09/2024,03/05/2025,10/05/2025,1448.27,HMJCS2Y,80 m² Chalet ∙ 3 chambres ∙ 6 personnes,Mission - Ayer - Valais
20/09/2024,10/05/2025,17/05/2025,1572.23,HMJCS2Y,80 m² Chalet ∙ 3 chambres ∙ 6 personnes,Mission - Ayer - Valais
20/09/2024,21/09/2024,28/09/2024,1468,HWYX7N4,Maison de vacances ∙ 4 chambres ∙ 7 personnes,Ayer - Valais
20/09/2024,28/09/2024,05/10/2024,1468,HWYX7N4,Maison de vacances ∙ 4 chambres ∙ 7 personnes,Ayer - Valais
20/09/2024,05/10/2024,12/10/2024,1468,HWYX7N4,Maison de vacances ∙ 4 chambres ∙ 7 personnes,Ayer - Valais
20/09/2024,12/10/2024,19/10/2024,1468,HWYX7N4,Maison de vacances ∙ 4 chambres ∙ 7 personnes,Ayer - Valais
20/09/2024,19/10/2024,26/10/2024,1468,HWYX7N4,Maison de vacances ∙ 4 chambres ∙ 7 personnes,Ayer - Valais
20/09/2024,26/10/2024,02/11/2024,1468,HWYX7N4,Maison de vacances ∙ 4 chambres ∙ 7 personnes,Ayer - Valais
20/09/2024,02/11/2024,09/11/2024,1468,HWYX7N4,Maison de vacances ∙ 4 chambres ∙ 7 personnes,Ayer - Valais
20/09/2024,09/11/2024,16/11/2024,1468,HWYX7N4,Maison de vacances ∙ 4 chambres ∙ 7 personnes,Ayer - Valais
20/09/2024,16/11/2024,23/11/2024,1468,HWYX7N4,Maison de vacances ∙ 4 chambres ∙ 7 personnes,Ayer - Valais
20/09/2024,23/11/2024,30/11/2024,1468,HWYX7N4,Maison de vacances ∙ 4 chambres ∙ 7 personnes,Ayer - Valais
20/09/2024,30/11/2024,07/12/2024,1579,HWYX7N4,Maison de vacances ∙ 4 chambres ∙ 7 personnes,Ayer - Valais
20/09/2024,07/12/2024,14/12/2024,1579,HWYX7N4,Maison de vacances ∙ 4 chambres ∙ 7 personnes,Ayer - Valais
20/09/2024,14/12/2024,21/12/2024,1579,HWYX7N4,Maison de vacances ∙ 4 chambres ∙ 7 personnes,Ayer - Valais
20/09/2024,21/12/2024,28/12/2024,1579,HWYX7N4,Maison de vacances ∙ 4 chambres ∙ 7 personnes,Ayer - Valais
20/09/2024,04/01/2025,11/01/2025,1579,HWYX7N4,Maison de vacances ∙ 4 chambres ∙ 7 personnes,Ayer - Valais
20/09/2024,11/01/2025,18/01/2025,1579,HWYX7N4,Maison de vacances ∙ 4 chambres ∙ 7 personnes,Ayer - Valais
20/09/2024,18/01/2025,25/01/2025,1579,HWYX7N4,Maison de vacances ∙ 4 chambres ∙ 7 personnes,Ayer - Valais
20/09/2024,25/01/2025,01/02/2025,1579,HWYX7N4,Maison de vacances ∙ 4 chambres ∙ 7 personnes,Ayer - Valais
20/09/2024,01/02/2025,08/02/2025,1579,HWYX7N4,Maison de vacances ∙ 4 chambres ∙ 7 personnes,Ayer - Valais
20/09/2024,15/02/2025,22/02/2025,1579,HWYX7N4,Maison de vacances ∙ 4 chambres ∙ 7 personnes,Ayer - Valais
20/09/2024,01/03/2025,08/03/2025,1468,HWYX7N4,Maison de vacances ∙ 4 chambres ∙ 7 personnes,Ayer - Valais
20/09/2024,08/03/2025,15/03/2025,1468,HWYX7N4,Maison de vacances ∙ 4 chambres ∙ 7 personnes,Ayer - Valais
20/09/2024,15/03/2025,22/03/2025,1468,HWYX7N4,Maison de vacances ∙ 4 chambres ∙ 7 personnes,Ayer - Valais
20/09/2024,22/03/2025,29/03/2025,1468,HWYX7N4,Maison de vacances ∙ 4 chambres ∙ 7 personnes,Ayer - Valais
20/09/2024,29/03/2025,05/04/2025,1468,HWYX7N4,Maison de vacances ∙ 4 chambres ∙ 7 personnes,Ayer - Valais
20/09/2024,05/04/2025,12/04/2025,1468,HWYX7N4,Maison de vacances ∙ 4 chambres ∙ 7 personnes,Ayer - Valais
20/09/2024,12/04/2025,19/04/2025,1468,HWYX7N4,Maison de vacances ∙ 4 chambres ∙ 7 personnes,Ayer - Valais
20/09/2024,19/04/2025,26/04/2025,1468,HWYX7N4,Maison de vacances ∙ 4 chambres ∙ 7 personnes,Ayer - Valais
20/09/2024,26/04/2025,03/05/2025,1320,HWYX7N4,Maison de vacances ∙ 4 chambres ∙ 7 personnes,Ayer - Valais
20/09/2024,03/05/2025,10/05/2025,1320,HWYX7N4,Maison de vacances ∙ 4 chambres ∙ 7 personnes,Ayer - Valais
20/09/2024,10/05/2025,17/05/2025,1320,HWYX7N4,Maison de vacances ∙ 4 chambres ∙ 7 personnes,Ayer - Valais
20/09/2024,28/09/2024,05/10/2024,2101.92,HK1XFSW,65 m² Maison de vacances ∙ 2 chambres ∙ 5 personnes,Grimentz - Valais
20/09/2024,05/10/2024,12/10/2024,2112.49,HK1XFSW,65 m² Maison de vacances ∙ 2 chambres ∙ 5 personnes,Grimentz - Valais
20/09/2024,12/10/2024,19/10/2024,2112.49,HK1XFSW,65 m² Maison de vacances ∙ 2 chambres ∙ 5 personnes,Grimentz - Valais
20/09/2024,19/10/2024,26/10/2024,2112.49,HK1XFSW,65 m² Maison de vacances ∙ 2 chambres ∙ 5 personnes,Grimentz - Valais
20/09/2024,26/10/2024,02/11/2024,2112.49,HK1XFSW,65 m² Maison de vacances ∙ 2 chambres ∙ 5 personnes,Grimentz - Valais
20/09/2024,02/11/2024,09/11/2024,2112.49,HK1XFSW,65 m² Maison de vacances ∙ 2 chambres ∙ 5 personnes,Grimentz - Valais
20/09/2024,09/11/2024,16/11/2024,2112.49,HK1XFSW,65 m² Maison de vacances ∙ 2 chambres ∙ 5 personnes,Grimentz - Valais
20/09/2024,16/11/2024,23/11/2024,2112.49,HK1XFSW,65 m² Maison de vacances ∙ 2 chambres ∙ 5 personnes,Grimentz - Valais
20/09/2024,23/11/2024,30/11/2024,2112.49,HK1XFSW,65 m² Maison de vacances ∙ 2 chambres ∙ 5 personnes,Grimentz - Valais
20/09/2024,30/11/2024,07/12/2024,2112.49,HK1XFSW,65 m² Maison de vacances ∙ 2 chambres ∙ 5 personnes,Grimentz - Valais
20/09/2024,07/12/2024,14/12/2024,2112.49,HK1XFSW,65 m² Maison de vacances ∙ 2 chambres ∙ 5 personnes,Grimentz - Valais
20/09/2024,14/12/2024,21/12/2024,2112.49,HK1XFSW,65 m² Maison de vacances ∙ 2 chambres ∙ 5 personnes,Grimentz - Valais
20/09/2024,21/12/2024,28/12/2024,2482.36,HK1XFSW,65 m² Maison de vacances ∙ 2 chambres ∙ 5 personnes,Grimentz - Valais
20/09/2024,04/01/2025,11/01/2025,2112.49,HK1XFSW,65 m² Maison de vacances ∙ 2 chambres ∙ 5 personnes,Grimentz - Valais
20/09/2024,11/01/2025,18/01/2025,2112.49,HK1XFSW,65 m² Maison de vacances ∙ 2 chambres ∙ 5 personnes,Grimentz - Valais
20/09/2024,18/01/2025,25/01/2025,2112.49,HK1XFSW,65 m² Maison de vacances ∙ 2 chambres ∙ 5 personnes,Grimentz - Valais
20/09/2024,25/01/2025,01/02/2025,2112.49,HK1XFSW,65 m² Maison de vacances ∙ 2 chambres ∙ 5 personnes,Grimentz - Valais
20/09/2024,15/03/2025,22/03/2025,2482.36,HK1XFSW,65 m² Maison de vacances ∙ 2 chambres ∙ 5 personnes,Grimentz - Valais
20/09/2024,22/03/2025,29/03/2025,2482.36,HK1XFSW,65 m² Maison de vacances ∙ 2 chambres ∙ 5 personnes,Grimentz - Valais
20/09/2024,29/03/2025,05/04/2025,2482.36,HK1XFSW,65 m² Maison de vacances ∙ 2 chambres ∙ 5 personnes,Grimentz - Valais
20/09/2024,05/04/2025,12/04/2025,2482.36,HK1XFSW,65 m² Maison de vacances ∙ 2 chambres ∙ 5 personnes,Grimentz - Valais
20/09/2024,21/09/2024,28/09/2024,3740,H9EH13K,Maison de vacances ∙ 5 chambres ∙ 10 personnes,Grimentz - Valais
20/09/2024,28/09/2024,05/10/2024,3740,H9EH13K,Maison de vacances ∙ 5 chambres ∙ 10 personnes,Grimentz - Valais
20/09/2024,05/10/2024,12/10/2024,3740,H9EH13K,Maison de vacances ∙ 5 chambres ∙ 10 personnes,Grimentz - Valais
20/09/2024,12/10/2024,19/10/2024,3740,H9EH13K,Maison de vacances ∙ 5 chambres ∙ 10 personnes,Grimentz - Valais
20/09/2024,19/10/2024,26/10/2024,3740,H9EH13K,Maison de vacances ∙ 5 chambres ∙ 10 personnes,Grimentz - Valais
20/09/2024,26/10/2024,02/11/2024,3740,H9EH13K,Maison de vacances ∙ 5 chambres ∙ 10 personnes,Grimentz - Valais
20/09/2024,02/11/2024,09/11/2024,3740,H9EH13K,Maison de vacances ∙ 5 chambres ∙ 10 personnes,Grimentz - Valais
20/09/2024,09/11/2024,16/11/2024,3740,H9EH13K,Maison de vacances ∙ 5 chambres ∙ 10 personnes,Grimentz - Valais
20/09/2024,16/11/2024,23/11/2024,3740,H9EH13K,Maison de vacances ∙ 5 chambres ∙ 10 personnes,Grimentz - Valais
20/09/2024,23/11/2024,30/11/2024,3740,H9EH13K,Maison de vacances ∙ 5 chambres ∙ 10 personnes,Grimentz - Valais
20/09/2024,30/11/2024,07/12/2024,3740,H9EH13K,Maison de vacances ∙ 5 chambres ∙ 10 personnes,Grimentz - Valais
20/09/2024,07/12/2024,14/12/2024,3951,H9EH13K,Maison de vacances ∙ 5 chambres ∙ 10 personnes,Grimentz - Valais
20/09/2024,14/12/2024,21/12/2024,5214,H9EH13K,Maison de vacances ∙ 5 chambres ∙ 10 personnes,Grimentz - Valais
20/09/2024,21/12/2024,28/12/2024,8384,H9EH13K,Maison de vacances ∙ 5 chambres ∙ 10 personnes,Grimentz - Valais
20/09/2024,28/12/2024,04/01/2025,8865,H9EH13K,Maison de vacances ∙ 5 chambres ∙ 10 personnes,Grimentz - Valais
20/09/2024,04/01/2025,11/01/2025,4400,H9EH13K,Maison de vacances ∙ 5 chambres ∙ 10 personnes,Grimentz - Valais
20/09/2024,22/02/2025,01/03/2025,7571,H9EH13K,Maison de vacances ∙ 5 chambres ∙ 10 personnes,Grimentz - Valais
20/09/2024,01/03/2025,08/03/2025,7571,H9EH13K,Maison de vacances ∙ 5 chambres ∙ 10 personnes,Grimentz - Valais
20/09/2024,16/11/2024,23/11/2024,1668.64,HLT4XN9,75 m² Maison de vacances ∙ 1 chambre ∙ 4 personnes,Evolène - Valais
20/09/2024,23/11/2024,30/11/2024,1668.64,HLT4XN9,75 m² Maison de vacances ∙ 1 chambre ∙ 4 personnes,Evolène - Valais
20/09/2024,30/11/2024,07/12/2024,1668.64,HLT4XN9,75 m² Maison de vacances ∙ 1 chambre ∙ 4 personnes,Evolène - Valais
20/09/2024,07/12/2024,14/12/2024,1668.64,HLT4XN9,75 m² Maison de vacances ∙ 1 chambre ∙ 4 personnes,Evolène - Valais
20/09/2024,14/12/2024,21/12/2024,1668.64,HLT4XN9,75 m² Maison de vacances ∙ 1 chambre ∙ 4 personnes,Evolène - Valais
20/09/2024,04/01/2025,11/01/2025,1668.64,HLT4XN9,75 m² Maison de vacances ∙ 1 chambre ∙ 4 personnes,Evolène - Valais
20/09/2024,11/01/2025,18/01/2025,1668.64,HLT4XN9,75 m² Maison de vacances ∙ 1 chambre ∙ 4 personnes,Evolène - Valais
20/09/2024,18/01/2025,25/01/2025,1668.64,HLT4XN9,75 m² Maison de vacances ∙ 1 chambre ∙ 4 personnes,Evolène - Valais
20/09/2024,08/02/2025,15/02/2025,1853.58,HLT4XN9,75 m² Maison de vacances ∙ 1 chambre ∙ 4 personnes,Evolène - Valais
20/09/2024,15/02/2025,22/02/2025,1853.58,HLT4XN9,75 m² Maison de vacances ∙ 1 chambre ∙ 4 personnes,Evolène - Valais
20/09/2024,22/02/2025,01/03/2025,1668.64,HLT4XN9,75 m² Maison de vacances ∙ 1 chambre ∙ 4 personnes,Evolène - Valais
20/09/2024,01/03/2025,08/03/2025,1668.64,HLT4XN9,75 m² Maison de vacances ∙ 1 chambre ∙ 4 personnes,Evolène - Valais
20/09/2024,08/03/2025,15/03/2025,1668.64,HLT4XN9,75 m² Maison de vacances ∙ 1 chambre ∙ 4 personnes,Evolène - Valais
20/09/2024,15/03/2025,22/03/2025,1668.64,HLT4XN9,75 m² Maison de vacances ∙ 1 chambre ∙ 4 personnes,Evolène - Valais
20/09/2024,22/03/2025,29/03/2025,1668.64,HLT4XN9,75 m² Maison de vacances ∙ 1 chambre ∙ 4 personnes,Evolène - Valais
20/09/2024,29/03/2025,05/04/2025,1668.64,HLT4XN9,75 m² Maison de vacances ∙ 1 chambre ∙ 4 personnes,Evolène - Valais
20/09/2024,05/04/2025,12/04/2025,1668.64,HLT4XN9,75 m² Maison de vacances ∙ 1 chambre ∙ 4 personnes,Evolène - Valais
20/09/2024,12/04/2025,19/04/2025,1668.64,HLT4XN9,75 m² Maison de vacances ∙ 1 chambre ∙ 4 personnes,Evolène - Valais
20/09/2024,19/04/2025,26/04/2025,1668.64,HLT4XN9,75 m² Maison de vacances ∙ 1 chambre ∙ 4 personnes,Evolène - Valais
20/09/2024,26/04/2025,03/05/2025,1668.64,HLT4XN9,75 m² Maison de vacances ∙ 1 chambre ∙ 4 personnes,Evolène - Valais
20/09/2024,03/05/2025,10/05/2025,1668.64,HLT4XN9,75 m² Maison de vacances ∙ 1 chambre ∙ 4 personnes,Evolène - Valais
20/09/2024,10/05/2025,17/05/2025,1668.64,HLT4XN9,75 m² Maison de vacances ∙ 1 chambre ∙ 4 personnes,Evolène - Valais
20/09/2024,19/10/2024,26/10/2024,1072.62,HNRH8DZ,125 m² Maison de vacances ∙ 3 chambres ∙ 6 personnes,Saint-Luc - Valais
20/09/2024,26/10/2024,02/11/2024,1072.62,HNRH8DZ,125 m² Maison de vacances ∙ 3 chambres ∙ 6 personnes,Saint-Luc - Valais
20/09/2024,02/11/2024,09/11/2024,1072.62,HNRH8DZ,125 m² Maison de vacances ∙ 3 chambres ∙ 6 personnes,Saint-Luc - Valais
20/09/2024,09/11/2024,16/11/2024,1072.62,HNRH8DZ,125 m² Maison de vacances ∙ 3 chambres ∙ 6 personnes,Saint-Luc - Valais
20/09/2024,16/11/2024,23/11/2024,1072.62,HNRH8DZ,125 m² Maison de vacances ∙ 3 chambres ∙ 6 personnes,Saint-Luc - Valais
20/09/2024,23/11/2024,30/11/2024,1072.62,HNRH8DZ,125 m² Maison de vacances ∙ 3 chambres ∙ 6 personnes,Saint-Luc - Valais
20/09/2024,30/11/2024,07/12/2024,1072.62,HNRH8DZ,125 m² Maison de vacances ∙ 3 chambres ∙ 6 personnes,Saint-Luc - Valais
20/09/2024,07/12/2024,14/12/2024,1072.62,HNRH8DZ,125 m² Maison de vacances ∙ 3 chambres ∙ 6 personnes,Saint-Luc - Valais
20/09/2024,14/12/2024,21/12/2024,1298.77,HNRH8DZ,125 m² Maison de vacances ∙ 3 chambres ∙ 6 personnes,Saint-Luc - Valais
20/09/2024,21/12/2024,28/12/2024,2630.31,HNRH8DZ,125 m² Maison de vacances ∙ 3 chambres ∙ 6 personnes,Saint-Luc - Valais
20/09/2024,03/05/2025,10/05/2025,1072.62,HNRH8DZ,125 m² Maison de vacances ∙ 3 chambres ∙ 6 personnes,Saint-Luc - Valais
20/09/2024,10/05/2025,17/05/2025,1072.62,HNRH8DZ,125 m² Maison de vacances ∙ 3 chambres ∙ 6 personnes,Saint-Luc - Valais
20/09/2024,28/09/2024,05/10/2024,1594.67,H34UG7X,Appartement ∙ 4 chambres ∙ 8 personnes,Grimentz - Valais
20/09/2024,05/10/2024,12/10/2024,1594.67,H34UG7X,Appartement ∙ 4 chambres ∙ 8 personnes,Grimentz - Valais
20/09/2024,12/10/2024,19/10/2024,1594.67,H34UG7X,Appartement ∙ 4 chambres ∙ 8 personnes,Grimentz - Valais
20/09/2024,19/10/2024,26/10/2024,1594.67,H34UG7X,Appartement ∙ 4 chambres ∙ 8 personnes,Grimentz - Valais
20/09/2024,26/10/2024,02/11/2024,1594.67,H34UG7X,Appartement ∙ 4 chambres ∙ 8 personnes,Grimentz - Valais
20/09/2024,02/11/2024,09/11/2024,1594.67,H34UG7X,Appartement ∙ 4 chambres ∙ 8 personnes,Grimentz - Valais
20/09/2024,09/11/2024,16/11/2024,1594.67,H34UG7X,Appartement ∙ 4 chambres ∙ 8 personnes,Grimentz - Valais
20/09/2024,16/11/2024,23/11/2024,1594.67,H34UG7X,Appartement ∙ 4 chambres ∙ 8 personnes,Grimentz - Valais
20/09/2024,23/11/2024,30/11/2024,1594.67,H34UG7X,Appartement ∙ 4 chambres ∙ 8 personnes,Grimentz - Valais
20/09/2024,30/11/2024,07/12/2024,1594.67,H34UG7X,Appartement ∙ 4 chambres ∙ 8 personnes,Grimentz - Valais
20/09/2024,07/12/2024,14/12/2024,1636.94,H34UG7X,Appartement ∙ 4 chambres ∙ 8 personnes,Grimentz - Valais
20/09/2024,28/09/2024,05/10/2024,526.83,H9TGUXN,40 m² Appartement ∙ 1 chambre ∙ 2 personnes,Grimentz - Valais
20/09/2024,05/10/2024,12/10/2024,526.83,H9TGUXN,40 m² Appartement ∙ 1 chambre ∙ 2 personnes,Grimentz - Valais
20/09/2024,12/10/2024,19/10/2024,526.83,H9TGUXN,40 m² Appartement ∙ 1 chambre ∙ 2 personnes,Grimentz - Valais
20/09/2024,19/10/2024,26/10/2024,526.83,H9TGUXN,40 m² Appartement ∙ 1 chambre ∙ 2 personnes,Grimentz - Valais
20/09/2024,26/10/2024,02/11/2024,526.83,H9TGUXN,40 m² Appartement ∙ 1 chambre ∙ 2 personnes,Grimentz - Valais
20/09/2024,02/11/2024,09/11/2024,526.83,H9TGUXN,40 m² Appartement ∙ 1 chambre ∙ 2 personnes,Grimentz - Valais
20/09/2024,09/11/2024,16/11/2024,526.83,H9TGUXN,40 m² Appartement ∙ 1 chambre ∙ 2 personnes,Grimentz - Valais
20/09/2024,16/11/2024,23/11/2024,526.83,H9TGUXN,40 m² Appartement ∙ 1 chambre ∙ 2 personnes,Grimentz - Valais
20/09/2024,23/11/2024,30/11/2024,526.83,H9TGUXN,40 m² Appartement ∙ 1 chambre ∙ 2 personnes,Grimentz - Valais
20/09/2024,30/11/2024,07/12/2024,526.83,H9TGUXN,40 m² Appartement ∙ 1 chambre ∙ 2 personnes,Grimentz - Valais
20/09/2024,07/12/2024,14/12/2024,535.09,H9TGUXN,40 m² Appartement ∙ 1 chambre ∙ 2 personnes,Grimentz - Valais
20/09/2024,14/12/2024,21/12/2024,692.11,H9TGUXN,40 m² Appartement ∙ 1 chambre ∙ 2 personnes,Grimentz - Valais
20/09/2024,04/01/2025,11/01/2025,1446.20,H9TGUXN,40 m² Appartement ∙ 1 chambre ∙ 2 personnes,Grimentz - Valais
20/09/2024,25/01/2025,01/02/2025,1026.81,H9TGUXN,40 m² Appartement ∙ 1 chambre ∙ 2 personnes,Grimentz - Valais
20/09/2024,22/02/2025,01/03/2025,1446.20,H9TGUXN,40 m² Appartement ∙ 1 chambre ∙ 2 personnes,Grimentz - Valais
20/09/2024,01/03/2025,08/03/2025,1446.20,H9TGUXN,40 m² Appartement ∙ 1 chambre ∙ 2 personnes,Grimentz - Valais
20/09/2024,15/03/2025,22/03/2025,886.32,H9TGUXN,40 m² Appartement ∙ 1 chambre ∙ 2 personnes,Grimentz - Valais
20/09/2024,22/03/2025,29/03/2025,783.01,H9TGUXN,40 m² Appartement ∙ 1 chambre ∙ 2 personnes,Grimentz - Valais
20/09/2024,29/03/2025,05/04/2025,805.74,H9TGUXN,40 m² Appartement ∙ 1 chambre ∙ 2 personnes,Grimentz - Valais
20/09/2024,05/04/2025,12/04/2025,854.29,H9TGUXN,40 m² Appartement ∙ 1 chambre ∙ 2 personnes,Grimentz - Valais
20/09/2024,12/04/2025,19/04/2025,834.67,H9TGUXN,40 m² Appartement ∙ 1 chambre ∙ 2 personnes,Grimentz - Valais
20/09/2024,19/04/2025,26/04/2025,740.67,H9TGUXN,40 m² Appartement ∙ 1 chambre ∙ 2 personnes,Grimentz - Valais
20/09/2024,26/04/2025,03/05/2025,671.46,H9TGUXN,40 m² Appartement ∙ 1 chambre ∙ 2 personnes,Grimentz - Valais
20/09/2024,03/05/2025,10/05/2025,654.93,H9TGUXN,40 m² Appartement ∙ 1 chambre ∙ 2 personnes,Grimentz - Valais
20/09/2024,10/05/2025,17/05/2025,598.11,H9TGUXN,40 m² Appartement ∙ 1 chambre ∙ 2 personnes,Grimentz - Valais
20/09/2024,19/10/2024,26/10/2024,1346.00,H098YCP,100 m² Maison de vacances ∙ 3 chambres ∙ 6 personnes,Grimentz - Valais
20/09/2024,26/10/2024,02/11/2024,1346.00,H098YCP,100 m² Maison de vacances ∙ 3 chambres ∙ 6 personnes,Grimentz - Valais
20/09/2024,02/11/2024,09/11/2024,1346.00,H098YCP,100 m² Maison de vacances ∙ 3 chambres ∙ 6 personnes,Grimentz - Valais
20/09/2024,09/11/2024,16/11/2024,1346.00,H098YCP,100 m² Maison de vacances ∙ 3 chambres ∙ 6 personnes,Grimentz - Valais
20/09/2024,16/11/2024,23/11/2024,1346.00,H098YCP,100 m² Maison de vacances ∙ 3 chambres ∙ 6 personnes,Grimentz - Valais
20/09/2024,23/11/2024,30/11/2024,1346.00,H098YCP,100 m² Maison de vacances ∙ 3 chambres ∙ 6 personnes,Grimentz - Valais
20/09/2024,30/11/2024,07/12/2024,1346.00,H098YCP,100 m² Maison de vacances ∙ 3 chambres ∙ 6 personnes,Grimentz - Valais
20/09/2024,07/12/2024,14/12/2024,1346.00,H098YCP,100 m² Maison de vacances ∙ 3 chambres ∙ 6 personnes,Grimentz - Valais
20/09/2024,14/12/2024,21/12/2024,1573.00,H098YCP,100 m² Maison de vacances ∙ 3 chambres ∙ 6 personnes,Grimentz - Valais
20/09/2024,04/01/2025,11/01/2025,1573.00,H098YCP,100 m² Maison de vacances ∙ 3 chambres ∙ 6 personnes,Grimentz - Valais
20/09/2024,11/01/2025,18/01/2025,1573.00,H098YCP,100 m² Maison de vacances ∙ 3 chambres ∙ 6 personnes,Grimentz - Valais
20/09/2024,18/01/2025,25/01/2025,1573.00,H098YCP,100 m² Maison de vacances ∙ 3 chambres ∙ 6 personnes,Grimentz - Valais
20/09/2024,15/03/2025,22/03/2025,1573.00,H098YCP,100 m² Maison de vacances ∙ 3 chambres ∙ 6 personnes,Grimentz - Valais
20/09/2024,22/03/2025,29/03/2025,1573.00,H098YCP,100 m² Maison de vacances ∙ 3 chambres ∙ 6 personnes,Grimentz - Valais
20/09/2024,29/03/2025,05/04/2025,1573.00,H098YCP,100 m² Maison de vacances ∙ 3 chambres ∙ 6 personnes,Grimentz - Valais
20/09/2024,05/04/2025,12/04/2025,1346.00,H098YCP,100 m² Maison de vacances ∙ 3 chambres ∙ 6 personnes,Grimentz - Valais
20/09/2024,19/04/2025,26/04/2025,1346.00,H098YCP,100 m² Maison de vacances ∙ 3 chambres ∙ 6 personnes,Grimentz - Valais
20/09/2024,28/09/2024,05/10/2024,881.00,HRKZ0B1,40 m² Appartement ∙ 1 chambre ∙ 4 personnes,Grimentz - Valais
20/09/2024,05/10/2024,12/10/2024,881.00,HRKZ0B1,40 m² Appartement ∙ 1 chambre ∙ 4 personnes,Grimentz - Valais
20/09/2024,12/10/2024,19/10/2024,881.00,HRKZ0B1,40 m² Appartement ∙ 1 chambre ∙ 4 personnes,Grimentz - Valais
20/09/2024,19/10/2024,26/10/2024,881.00,HRKZ0B1,40 m² Appartement ∙ 1 chambre ∙ 4 personnes,Grimentz - Valais
20/09/2024,26/10/2024,02/11/2024,881.00,HRKZ0B1,40 m² Appartement ∙ 1 chambre ∙ 4 personnes,Grimentz - Valais
20/09/2024,02/11/2024,09/11/2024,881.00,HRKZ0B1,40 m² Appartement ∙ 1 chambre ∙ 4 personnes,Grimentz - Valais
20/09/2024,09/11/2024,16/11/2024,881.00,HRKZ0B1,40 m² Appartement ∙ 1 chambre ∙ 4 personnes,Grimentz - Valais
20/09/2024,16/11/2024,23/11/2024,881.00,HRKZ0B1,40 m² Appartement ∙ 1 chambre ∙ 4 personnes,Grimentz - Valais
20/09/2024,23/11/2024,30/11/2024,881.00,HRKZ0B1,40 m² Appartement ∙ 1 chambre ∙ 4 personnes,Grimentz - Valais
20/09/2024,30/11/2024,07/12/2024,881.00,HRKZ0B1,40 m² Appartement ∙ 1 chambre ∙ 4 personnes,Grimentz - Valais
20/09/2024,07/12/2024,14/12/2024,881.00,HRKZ0B1,40 m² Appartement ∙ 1 chambre ∙ 4 personnes,Grimentz - Valais
20/09/2024,14/12/2024,21/12/2024,1499.00,HRKZ0B1,40 m² Appartement ∙ 1 chambre ∙ 4 personnes,Grimentz - Valais
20/09/2024,04/01/2025,11/01/2025,1499.00,HRKZ0B1,40 m² Appartement ∙ 1 chambre ∙ 4 personnes,Grimentz - Valais
20/09/2024,11/01/2025,18/01/2025,1499.00,HRKZ0B1,40 m² Appartement ∙ 1 chambre ∙ 4 personnes,Grimentz - Valais
20/09/2024,18/01/2025,25/01/2025,1499.00,HRKZ0B1,40 m² Appartement ∙ 1 chambre ∙ 4 personnes,Grimentz - Valais
20/09/2024,08/03/2025,15/03/2025,1499.00,HRKZ0B1,40 m² Appartement ∙ 1 chambre ∙ 4 personnes,Grimentz - Valais
20/09/2024,15/03/2025,22/03/2025,1499.00,HRKZ0B1,40 m² Appartement ∙ 1 chambre ∙ 4 personnes,Grimentz - Valais
20/09/2024,22/03/2025,29/03/2025,1499.00,HRKZ0B1,40 m² Appartement ∙ 1 chambre ∙ 4 personnes,Grimentz - Valais
20/09/2024,29/03/2025,05/04/2025,1499.00,HRKZ0B1,40 m² Appartement ∙ 1 chambre ∙ 4 personnes,Grimentz - Valais
20/09/2024,05/04/2025,12/04/2025,881.00,HRKZ0B1,40 m² Appartement ∙ 1 chambre ∙ 4 personnes,Grimentz - Valais
20/09/2024,12/04/2025,19/04/2025,881.00,HRKZ0B1,40 m² Appartement ∙ 1 chambre ∙ 4 personnes,Grimentz - Valais
20/09/2024,19/04/2025,26/04/2025,881.00,HRKZ0B1,40 m² Appartement ∙ 1 chambre ∙ 4 personnes,Grimentz - Valais
20/09/2024,26/04/2025,03/05/2025,881.00,HRKZ0B1,40 m² Appartement ∙ 1 chambre ∙ 4 personnes,Grimentz - Valais
20/09/2024,03/05/2025,10/05/2025,881.00,HRKZ0B1,40 m² Appartement ∙ 1 chambre ∙ 4 personnes,Grimentz - Valais
20/09/2024,10/05/2025,17/05/2025,881.00,HRKZ0B1,40 m² Appartement ∙ 1 chambre ∙ 4 personnes,Grimentz - Valais
20/09/2024,28/09/2024,05/10/2024,612.78,H5KF3BZ,Studio ∙ 1 chambre ∙ 2 personnes,Saint-Luc - Valais
20/09/2024,05/10/2024,12/10/2024,612.78,H5KF3BZ,Studio ∙ 1 chambre ∙ 2 personnes,Saint-Luc - Valais
20/09/2024,12/10/2024,19/10/2024,612.78,H5KF3BZ,Studio ∙ 1 chambre ∙ 2 personnes,Saint-Luc - Valais
20/09/2024,19/10/2024,26/10/2024,612.78,H5KF3BZ,Studio ∙ 1 chambre ∙ 2 personnes,Saint-Luc - Valais
20/09/2024,26/10/2024,02/11/2024,612.78,H5KF3BZ,Studio ∙ 1 chambre ∙ 2 personnes,Saint-Luc - Valais
20/09/2024,02/11/2024,09/11/2024,612.78,H5KF3BZ,Studio ∙ 1 chambre ∙ 2 personnes,Saint-Luc - Valais
20/09/2024,09/11/2024,16/11/2024,612.78,H5KF3BZ,Studio ∙ 1 chambre ∙ 2 personnes,Saint-Luc - Valais
20/09/2024,16/11/2024,23/11/2024,612.78,H5KF3BZ,Studio ∙ 1 chambre ∙ 2 personnes,Saint-Luc - Valais
20/09/2024,23/11/2024,30/11/2024,612.78,H5KF3BZ,Studio ∙ 1 chambre ∙ 2 personnes,Saint-Luc - Valais
20/09/2024,30/11/2024,07/12/2024,620.01,H5KF3BZ,Studio ∙ 1 chambre ∙ 2 personnes,Saint-Luc - Valais
20/09/2024,07/12/2024,14/12/2024,627.41,H5KF3BZ,Studio ∙ 1 chambre ∙ 2 personnes,Saint-Luc - Valais
20/09/2024,14/12/2024,21/12/2024,826.40,H5KF3BZ,Studio ∙ 1 chambre ∙ 2 personnes,Saint-Luc - Valais
20/09/2024,04/01/2025,11/01/2025,1590.81,H5KF3BZ,Studio ∙ 1 chambre ∙ 2 personnes,Saint-Luc - Valais
20/09/2024,11/01/2025,18/01/2025,925.56,H5KF3BZ,Studio ∙ 1 chambre ∙ 2 personnes,Saint-Luc - Valais
20/09/2024,18/01/2025,25/01/2025,1009.24,H5KF3BZ,Studio ∙ 1 chambre ∙ 2 personnes,Saint-Luc - Valais
20/09/2024,25/01/2025,01/02/2025,1232.37,H5KF3BZ,Studio ∙ 1 chambre ∙ 2 personnes,Saint-Luc - Valais
20/09/2024,01/02/2025,08/02/2025,1581.51,H5KF3BZ,Studio ∙ 1 chambre ∙ 2 personnes,Saint-Luc - Valais
20/09/2024,08/02/2025,15/02/2025,1581.51,H5KF3BZ,Studio ∙ 1 chambre ∙ 2 personnes,Saint-Luc - Valais
20/09/2024,15/02/2025,22/02/2025,1590.81,H5KF3BZ,Studio ∙ 1 chambre ∙ 2 personnes,Saint-Luc - Valais
20/09/2024,22/02/2025,01/03/2025,1590.81,H5KF3BZ,Studio ∙ 1 chambre ∙ 2 personnes,Saint-Luc - Valais
20/09/2024,01/03/2025,08/03/2025,1590.81,H5KF3BZ,Studio ∙ 1 chambre ∙ 2 personnes,Saint-Luc - Valais
20/09/2024,08/03/2025,15/03/2025,1172.45,H5KF3BZ,Studio ∙ 1 chambre ∙ 2 personnes,Saint-Luc - Valais
20/09/2024,15/03/2025,22/03/2025,1142.50,H5KF3BZ,Studio ∙ 1 chambre ∙ 2 personnes,Saint-Luc - Valais
20/09/2024,22/03/2025,29/03/2025,933.83,H5KF3BZ,Studio ∙ 1 chambre ∙ 2 personnes,Saint-Luc - Valais
20/09/2024,29/03/2025,05/04/2025,1019.56,H5KF3BZ,Studio ∙ 1 chambre ∙ 2 personnes,Saint-Luc - Valais
20/09/2024,05/04/2025,12/04/2025,1092.91,H5KF3BZ,Studio ∙ 1 chambre ∙ 2 personnes,Saint-Luc - Valais
20/09/2024,12/04/2025,19/04/2025,1134.23,H5KF3BZ,Studio ∙ 1 chambre ∙ 2 personnes,Saint-Luc - Valais
20/09/2024,19/04/2025,26/04/2025,947.26,H5KF3BZ,Studio ∙ 1 chambre ∙ 2 personnes,Saint-Luc - Valais
20/09/2024,26/04/2025,03/05/2025,877.02,H5KF3BZ,Studio ∙ 1 chambre ∙ 2 personnes,Saint-Luc - Valais
20/09/2024,03/05/2025,10/05/2025,872.88,H5KF3BZ,Studio ∙ 1 chambre ∙ 2 personnes,Saint-Luc - Valais
20/09/2024,10/05/2025,17/05/2025,766.48,H5KF3BZ,Studio ∙ 1 chambre ∙ 2 personnes,Saint-Luc - Valais
20/09/2024,28/09/2024,05/10/2024,1029.00,HHDFCVZ,180 m² Maison de vacances ∙ 3 chambres ∙ 8 personnes,Grimentz - Valais
20/09/2024,05/10/2024,12/10/2024,1390.00,HHDFCVZ,180 m² Maison de vacances ∙ 3 chambres ∙ 8 personnes,Grimentz - Valais
20/09/2024,12/10/2024,19/10/2024,1390.00,HHDFCVZ,180 m² Maison de vacances ∙ 3 chambres ∙ 8 personnes,Grimentz - Valais
20/09/2024,19/10/2024,26/10/2024,1390.00,HHDFCVZ,180 m² Maison de vacances ∙ 3 chambres ∙ 8 personnes,Grimentz - Valais
20/09/2024,26/10/2024,02/11/2024,1390.00,HHDFCVZ,180 m² Maison de vacances ∙ 3 chambres ∙ 8 personnes,Grimentz - Valais
20/09/2024,02/11/2024,09/11/2024,1390.00,HHDFCVZ,180 m² Maison de vacances ∙ 3 chambres ∙ 8 personnes,Grimentz - Valais
20/09/2024,09/11/2024,16/11/2024,1390.00,HHDFCVZ,180 m² Maison de vacances ∙ 3 chambres ∙ 8 personnes,Grimentz - Valais
20/09/2024,16/11/2024,23/11/2024,1390.00,HHDFCVZ,180 m² Maison de vacances ∙ 3 chambres ∙ 8 personnes,Grimentz - Valais
20/09/2024,23/11/2024,30/11/2024,1390.00,HHDFCVZ,180 m² Maison de vacances ∙ 3 chambres ∙ 8 personnes,Grimentz - Valais
20/09/2024,30/11/2024,07/12/2024,1390.00,HHDFCVZ,180 m² Maison de vacances ∙ 3 chambres ∙ 8 personnes,Grimentz - Valais
20/09/2024,07/12/2024,14/12/2024,1390.00,HHDFCVZ,180 m² Maison de vacances ∙ 3 chambres ∙ 8 personnes,Grimentz - Valais
20/09/2024,14/12/2024,21/12/2024,1845.00,HHDFCVZ,180 m² Maison de vacances ∙ 3 chambres ∙ 8 personnes,Grimentz - Valais
20/09/2024,22/03/2025,29/03/2025,1845.00,HHDFCVZ,180 m² Maison de vacances ∙ 3 chambres ∙ 8 personnes,Grimentz - Valais
20/09/2024,29/03/2025,05/04/2025,1845.00,HHDFCVZ,180 m² Maison de vacances ∙ 3 chambres ∙ 8 personnes,Grimentz - Valais
20/09/2024,26/04/2025,03/05/2025,1390.00,HHDFCVZ,180 m² Maison de vacances ∙ 3 chambres ∙ 8 personnes,Grimentz - Valais
20/09/2024,03/05/2025,10/05/2025,1390.00,HHDFCVZ,180 m² Maison de vacances ∙ 3 chambres ∙ 8 personnes,Grimentz - Valais
20/09/2024,10/05/2025,17/05/2025,1390.00,HHDFCVZ,180 m² Maison de vacances ∙ 3 chambres ∙ 8 personnes,Grimentz - Valais
20/09/2024,28/09/2024,05/10/2024,1153.00,H5VC3WM,180 m² Villa ∙ 1 chambre ∙ 8 personnes,Grimentz - Valais
20/09/2024,05/10/2024,12/10/2024,1557.00,H5VC3WM,180 m² Villa ∙ 1 chambre ∙ 8 personnes,Grimentz - Valais
20/09/2024,12/10/2024,19/10/2024,1557.00,H5VC3WM,180 m² Villa ∙ 1 chambre ∙ 8 personnes,Grimentz - Valais
20/09/2024,19/10/2024,26/10/2024,1557.00,H5VC3WM,180 m² Villa ∙ 1 chambre ∙ 8 personnes,Grimentz - Valais
20/09/2024,26/10/2024,02/11/2024,1557.00,H5VC3WM,180 m² Villa ∙ 1 chambre ∙ 8 personnes,Grimentz - Valais
20/09/2024,02/11/2024,09/11/2024,1557.00,H5VC3WM,180 m² Villa ∙ 1 chambre ∙ 8 personnes,Grimentz - Valais
20/09/2024,09/11/2024,16/11/2024,1557.00,H5VC3WM,180 m² Villa ∙ 1 chambre ∙ 8 personnes,Grimentz - Valais
20/09/2024,16/11/2024,23/11/2024,1557.00,H5VC3WM,180 m² Villa ∙ 1 chambre ∙ 8 personnes,Grimentz - Valais
20/09/2024,23/11/2024,30/11/2024,1557.00,H5VC3WM,180 m² Villa ∙ 1 chambre ∙ 8 personnes,Grimentz - Valais
20/09/2024,30/11/2024,07/12/2024,1557.00,H5VC3WM,180 m² Villa ∙ 1 chambre ∙ 8 personnes,Grimentz - Valais
20/09/2024,07/12/2024,14/12/2024,1557.00,H5VC3WM,180 m² Villa ∙ 1 chambre ∙ 8 personnes,Grimentz - Valais
20/09/2024,14/12/2024,21/12/2024,2067.00,H5VC3WM,180 m² Villa ∙ 1 chambre ∙ 8 personnes,Grimentz - Valais
20/09/2024,22/03/2025,29/03/2025,2067.00,H5VC3WM,180 m² Villa ∙ 1 chambre ∙ 8 personnes,Grimentz - Valais
20/09/2024,29/03/2025,05/04/2025,2067.00,H5VC3WM,180 m² Villa ∙ 1 chambre ∙ 8 personnes,Grimentz - Valais
20/09/2024,26/04/2025,03/05/2025,1557.00,H5VC3WM,180 m² Villa ∙ 1 chambre ∙ 8 personnes,Grimentz - Valais
20/09/2024,03/05/2025,10/05/2025,1557.00,H5VC3WM,180 m² Villa ∙ 1 chambre ∙ 8 personnes,Grimentz - Valais
20/09/2024,10/05/2025,17/05/2025,1557.00,H5VC3WM,180 m² Villa ∙ 1 chambre ∙ 8 personnes,Grimentz - Valais
20/09/2024,28/09/2024,05/10/2024,2367.05,H2YBTCH,113 m² Chalet ∙ 2 chambres ∙ 5 personnes,Grimentz - Valais
20/09/2024,05/10/2024,12/10/2024,2367.05,H2YBTCH,113 m² Chalet ∙ 2 chambres ∙ 5 personnes,Grimentz - Valais
20/09/2024,12/10/2024,19/10/2024,2367.05,H2YBTCH,113 m² Chalet ∙ 2 chambres ∙ 5 personnes,Grimentz - Valais
20/09/2024,02/11/2024,09/11/2024,3210.02,H2YBTCH,113 m² Chalet ∙ 2 chambres ∙ 5 personnes,Grimentz - Valais
20/09/2024,09/11/2024,16/11/2024,3210.02,H2YBTCH,113 m² Chalet ∙ 2 chambres ∙ 5 personnes,Grimentz - Valais
20/09/2024,16/11/2024,23/11/2024,3210.02,H2YBTCH,113 m² Chalet ∙ 2 chambres ∙ 5 personnes,Grimentz - Valais
20/09/2024,23/11/2024,30/11/2024,3210.02,H2YBTCH,113 m² Chalet ∙ 2 chambres ∙ 5 personnes,Grimentz - Valais
20/09/2024,30/11/2024,07/12/2024,3210.02,H2YBTCH,113 m² Chalet ∙ 2 chambres ∙ 5 personnes,Grimentz - Valais
20/09/2024,07/12/2024,14/12/2024,3210.02,H2YBTCH,113 m² Chalet ∙ 2 chambres ∙ 5 personnes,Grimentz - Valais
20/09/2024,04/01/2025,11/01/2025,4101.87,H2YBTCH,113 m² Chalet ∙ 2 chambres ∙ 5 personnes,Grimentz - Valais
20/09/2024,08/02/2025,15/02/2025,5944.59,H2YBTCH,113 m² Chalet ∙ 2 chambres ∙ 5 personnes,Grimentz - Valais
20/09/2024,29/03/2025,05/04/2025,4193.50,H2YBTCH,113 m² Chalet ∙ 2 chambres ∙ 5 personnes,Grimentz - Valais
20/09/2024,05/04/2025,12/04/2025,4193.50,H2YBTCH,113 m² Chalet ∙ 2 chambres ∙ 5 personnes,Grimentz - Valais
20/09/2024,12/04/2025,19/04/2025,4193.50,H2YBTCH,113 m² Chalet ∙ 2 chambres ∙ 5 personnes,Grimentz - Valais
20/09/2024,19/04/2025,26/04/2025,4636.35,H2YBTCH,113 m² Chalet ∙ 2 chambres ∙ 5 personnes,Grimentz - Valais
20/09/2024,28/09/2024,05/10/2024,1912.98,HF3GKWL,47 m² Appartement ∙ 1 chambre ∙ 2 personnes,Grimentz - Valais
20/09/2024,05/10/2024,12/10/2024,1912.98,HF3GKWL,47 m² Appartement ∙ 1 chambre ∙ 2 personnes,Grimentz - Valais
20/09/2024,12/10/2024,19/10/2024,1912.98,HF3GKWL,47 m² Appartement ∙ 1 chambre ∙ 2 personnes,Grimentz - Valais
20/09/2024,19/10/2024,26/10/2024,1912.98,HF3GKWL,47 m² Appartement ∙ 1 chambre ∙ 2 personnes,Grimentz - Valais
20/09/2024,26/10/2024,02/11/2024,1912.98,HF3GKWL,47 m² Appartement ∙ 1 chambre ∙ 2 personnes,Grimentz - Valais
20/09/2024,02/11/2024,09/11/2024,2231.64,HF3GKWL,47 m² Appartement ∙ 1 chambre ∙ 2 personnes,Grimentz - Valais
20/09/2024,09/11/2024,16/11/2024,2231.64,HF3GKWL,47 m² Appartement ∙ 1 chambre ∙ 2 personnes,Grimentz - Valais
20/09/2024,16/11/2024,23/11/2024,2231.64,HF3GKWL,47 m² Appartement ∙ 1 chambre ∙ 2 personnes,Grimentz - Valais
20/09/2024,23/11/2024,30/11/2024,2231.64,HF3GKWL,47 m² Appartement ∙ 1 chambre ∙ 2 personnes,Grimentz - Valais
20/09/2024,30/11/2024,07/12/2024,2231.64,HF3GKWL,47 m² Appartement ∙ 1 chambre ∙ 2 personnes,Grimentz - Valais
20/09/2024,07/12/2024,14/12/2024,2231.64,HF3GKWL,47 m² Appartement ∙ 1 chambre ∙ 2 personnes,Grimentz - Valais
20/09/2024,14/12/2024,21/12/2024,2741.70,HF3GKWL,47 m² Appartement ∙ 1 chambre ∙ 2 personnes,Grimentz - Valais
20/09/2024,21/12/2024,28/12/2024,2741.70,HF3GKWL,47 m² Appartement ∙ 1 chambre ∙ 2 personnes,Grimentz - Valais
20/09/2024,04/01/2025,11/01/2025,2568.64,HF3GKWL,47 m² Appartement ∙ 1 chambre ∙ 2 personnes,Grimentz - Valais
20/09/2024,11/01/2025,18/01/2025,2568.64,HF3GKWL,47 m² Appartement ∙ 1 chambre ∙ 2 personnes,Grimentz - Valais
20/09/2024,08/02/2025,15/02/2025,2741.70,HF3GKWL,47 m² Appartement ∙ 1 chambre ∙ 2 personnes,Grimentz - Valais
20/09/2024,15/02/2025,22/02/2025,2741.70,HF3GKWL,47 m² Appartement ∙ 1 chambre ∙ 2 personnes,Grimentz - Valais
20/09/2024,22/02/2025,01/03/2025,2741.70,HF3GKWL,47 m² Appartement ∙ 1 chambre ∙ 2 personnes,Grimentz - Valais
20/09/2024,01/03/2025,08/03/2025,2741.70,HF3GKWL,47 m² Appartement ∙ 1 chambre ∙ 2 personnes,Grimentz - Valais
20/09/2024,22/03/2025,29/03/2025,2388.43,HF3GKWL,47 m² Appartement ∙ 1 chambre ∙ 2 personnes,Grimentz - Valais
20/09/2024,29/03/2025,05/04/2025,2388.43,HF3GKWL,47 m² Appartement ∙ 1 chambre ∙ 2 personnes,Grimentz - Valais
20/09/2024,05/04/2025,12/04/2025,2388.43,HF3GKWL,47 m² Appartement ∙ 1 chambre ∙ 2 personnes,Grimentz - Valais
20/09/2024,12/04/2025,19/04/2025,2388.43,HF3GKWL,47 m² Appartement ∙ 1 chambre ∙ 2 personnes,Grimentz - Valais
20/09/2024,19/04/2025,26/04/2025,2741.70,HF3GKWL,47 m² Appartement ∙ 1 chambre ∙ 2 personnes,Grimentz - Valais
20/09/2024,05/10/2024,12/10/2024,5089.41,H57SDUL,246 m² Appartement ∙ 4 chambres ∙ 11 personnes,Grimentz - Valais
20/09/2024,12/10/2024,19/10/2024,5089.41,H57SDUL,246 m² Appartement ∙ 4 chambres ∙ 11 personnes,Grimentz - Valais
20/09/2024,19/10/2024,26/10/2024,5089.41,H57SDUL,246 m² Appartement ∙ 4 chambres ∙ 11 personnes,Grimentz - Valais
20/09/2024,09/11/2024,16/11/2024,5737.93,H57SDUL,246 m² Appartement ∙ 4 chambres ∙ 11 personnes,Grimentz - Valais
20/09/2024,30/11/2024,07/12/2024,5736.53,H57SDUL,246 m² Appartement ∙ 4 chambres ∙ 11 personnes,Grimentz - Valais
20/09/2024,07/12/2024,14/12/2024,5736.53,H57SDUL,246 m² Appartement ∙ 4 chambres ∙ 11 personnes,Grimentz - Valais
20/09/2024,14/12/2024,21/12/2024,9562.87,H57SDUL,246 m² Appartement ∙ 4 chambres ∙ 11 personnes,Grimentz - Valais
20/09/2024,21/12/2024,28/12/2024,13387.82,H57SDUL,246 m² Appartement ∙ 4 chambres ∙ 11 personnes,Grimentz - Valais
20/09/2024,08/02/2025,15/02/2025,13387.82,H57SDUL,246 m² Appartement ∙ 4 chambres ∙ 11 personnes,Grimentz - Valais
20/09/2024,15/02/2025,22/02/2025,13387.82,H57SDUL,246 m² Appartement ∙ 4 chambres ∙ 11 personnes,Grimentz - Valais
20/09/2024,01/03/2025,08/03/2025,13387.82,H57SDUL,246 m² Appartement ∙ 4 chambres ∙ 11 personnes,Grimentz - Valais
20/09/2024,29/03/2025,05/04/2025,8183.37,H57SDUL,246 m² Appartement ∙ 4 chambres ∙ 11 personnes,Grimentz - Valais
20/09/2024,05/04/2025,12/04/2025,8181.38,H57SDUL,246 m² Appartement ∙ 4 chambres ∙ 11 personnes,Grimentz - Valais
20/09/2024,08/02/2025,15/02/2025,13547.42,HB795XG,244 m² Chalet ∙ 5 chambres ∙ 10 personnes,Grimentz - Valais
20/09/2024,15/02/2025,22/02/2025,13547.42,HB795XG,244 m² Chalet ∙ 5 chambres ∙ 10 personnes,Grimentz - Valais
20/09/2024,22/02/2025,01/03/2025,13547.42,HB795XG,244 m² Chalet ∙ 5 chambres ∙ 10 personnes,Grimentz - Valais
20/09/2024,28/09/2024,05/10/2024,2538.49,H4RNLKH,116 m² Appartement ∙ 2 chambres ∙ 5 personnes,Grimentz - Valais
20/09/2024,19/10/2024,26/10/2024,2538.49,H4RNLKH,116 m² Appartement ∙ 2 chambres ∙ 5 personnes,Grimentz - Valais
20/09/2024,26/10/2024,02/11/2024,2538.49,H4RNLKH,116 m² Appartement ∙ 2 chambres ∙ 5 personnes,Grimentz - Valais
20/09/2024,02/11/2024,09/11/2024,3442.33,H4RNLKH,116 m² Appartement ∙ 2 chambres ∙ 5 personnes,Grimentz - Valais
20/09/2024,09/11/2024,16/11/2024,3442.33,H4RNLKH,116 m² Appartement ∙ 2 chambres ∙ 5 personnes,Grimentz - Valais
20/09/2024,16/11/2024,23/11/2024,3442.33,H4RNLKH,116 m² Appartement ∙ 2 chambres ∙ 5 personnes,Grimentz - Valais
20/09/2024,23/11/2024,30/11/2024,3442.33,H4RNLKH,116 m² Appartement ∙ 2 chambres ∙ 5 personnes,Grimentz - Valais
20/09/2024,14/12/2024,21/12/2024,4971.12,H4RNLKH,116 m² Appartement ∙ 2 chambres ∙ 5 personnes,Grimentz - Valais
20/09/2024,21/12/2024,28/12/2024,6374.72,H4RNLKH,116 m² Appartement ∙ 2 chambres ∙ 5 personnes,Grimentz - Valais
20/09/2024,08/02/2025,15/02/2025,6374.72,H4RNLKH,116 m² Appartement ∙ 2 chambres ∙ 5 personnes,Grimentz - Valais
20/09/2024,15/03/2025,22/03/2025,4496.81,H4RNLKH,116 m² Appartement ∙ 2 chambres ∙ 5 personnes,Grimentz - Valais
20/09/2024,05/04/2025,12/04/2025,4496.81,H4RNLKH,116 m² Appartement ∙ 2 chambres ∙ 5 personnes,Grimentz - Valais
20/09/2024,12/04/2025,19/04/2025,4496.81,H4RNLKH,116 m² Appartement ∙ 2 chambres ∙ 5 personnes,Grimentz - Valais
20/09/2024,19/04/2025,26/04/2025,4971.12,H4RNLKH,116 m² Appartement ∙ 2 chambres ∙ 5 personnes,Grimentz - Valais
20/09/2024,28/09/2024,05/10/2024,3157.33,HYKL9UG,126 m² Appartement ∙ 3 chambres ∙ 8 personnes,Grimentz - Valais
20/09/2024,05/10/2024,12/10/2024,3157.33,HYKL9UG,126 m² Appartement ∙ 3 chambres ∙ 8 personnes,Grimentz - Valais
20/09/2024,12/10/2024,19/10/2024,3157.33,HYKL9UG,126 m² Appartement ∙ 3 chambres ∙ 8 personnes,Grimentz - Valais
20/09/2024,19/10/2024,26/10/2024,3157.33,HYKL9UG,126 m² Appartement ∙ 3 chambres ∙ 8 personnes,Grimentz - Valais
20/09/2024,26/10/2024,02/11/2024,3157.33,HYKL9UG,126 m² Appartement ∙ 3 chambres ∙ 8 personnes,Grimentz - Valais
20/09/2024,02/11/2024,09/11/2024,4064.23,HYKL9UG,126 m² Appartement ∙ 3 chambres ∙ 8 personnes,Grimentz - Valais
20/09/2024,09/11/2024,16/11/2024,4064.23,HYKL9UG,126 m² Appartement ∙ 3 chambres ∙ 8 personnes,Grimentz - Valais
20/09/2024,16/11/2024,23/11/2024,4064.23,HYKL9UG,126 m² Appartement ∙ 3 chambres ∙ 8 personnes,Grimentz - Valais
20/09/2024,23/11/2024,30/11/2024,4064.23,HYKL9UG,126 m² Appartement ∙ 3 chambres ∙ 8 personnes,Grimentz - Valais
20/09/2024,30/11/2024,07/12/2024,4064.23,HYKL9UG,126 m² Appartement ∙ 3 chambres ∙ 8 personnes,Grimentz - Valais
20/09/2024,07/12/2024,14/12/2024,4064.23,HYKL9UG,126 m² Appartement ∙ 3 chambres ∙ 8 personnes,Grimentz - Valais
20/09/2024,14/12/2024,21/12/2024,6157.92,HYKL9UG,126 m² Appartement ∙ 3 chambres ∙ 8 personnes,Grimentz - Valais
20/09/2024,21/12/2024,28/12/2024,8005.29,HYKL9UG,126 m² Appartement ∙ 3 chambres ∙ 8 personnes,Grimentz - Valais
20/09/2024,28/12/2024,04/01/2025,8005.29,HYKL9UG,126 m² Appartement ∙ 3 chambres ∙ 8 personnes,Grimentz - Valais
20/09/2024,01/02/2025,08/02/2025,5519.73,HYKL9UG,126 m² Appartement ∙ 3 chambres ∙ 8 personnes,Grimentz - Valais
20/09/2024,08/02/2025,15/02/2025,8005.29,HYKL9UG,126 m² Appartement ∙ 3 chambres ∙ 8 personnes,Grimentz - Valais
20/09/2024,08/03/2025,15/03/2025,5933.99,HYKL9UG,126 m² Appartement ∙ 3 chambres ∙ 8 personnes,Grimentz - Valais
20/09/2024,15/03/2025,22/03/2025,5933.99,HYKL9UG,126 m² Appartement ∙ 3 chambres ∙ 8 personnes,Grimentz - Valais
20/09/2024,22/03/2025,29/03/2025,5933.99,HYKL9UG,126 m² Appartement ∙ 3 chambres ∙ 8 personnes,Grimentz - Valais
20/09/2024,29/03/2025,05/04/2025,5937.59,HYKL9UG,126 m² Appartement ∙ 3 chambres ∙ 8 personnes,Grimentz - Valais
20/09/2024,05/04/2025,12/04/2025,5937.59,HYKL9UG,126 m² Appartement ∙ 3 chambres ∙ 8 personnes,Grimentz - Valais
20/09/2024,12/04/2025,19/04/2025,5937.59,HYKL9UG,126 m² Appartement ∙ 3 chambres ∙ 8 personnes,Grimentz - Valais
20/09/2024,19/04/2025,26/04/2025,6161.65,HYKL9UG,126 m² Appartement ∙ 3 chambres ∙ 8 personnes,Grimentz - Valais
20/09/2024,26/04/2025,03/05/2025,123.24,HYKL9UG,126 m² Appartement ∙ 3 chambres ∙ 8 personnes,Grimentz - Valais
20/09/2024,28/09/2024,05/10/2024,4746.00,H41PXJD,207 m² Chalet ∙ 5 chambres ∙ 11 personnes,Grimentz - Valais
20/09/2024,05/10/2024,12/10/2024,4746.00,H41PXJD,207 m² Chalet ∙ 5 chambres ∙ 11 personnes,Grimentz - Valais
20/09/2024,12/10/2024,19/10/2024,4746.00,H41PXJD,207 m² Chalet ∙ 5 chambres ∙ 11 personnes,Grimentz - Valais
20/09/2024,19/10/2024,26/10/2024,4746.00,H41PXJD,207 m² Chalet ∙ 5 chambres ∙ 11 personnes,Grimentz - Valais
20/09/2024,26/10/2024,02/11/2024,4746.00,H41PXJD,207 m² Chalet ∙ 5 chambres ∙ 11 personnes,Grimentz - Valais
20/09/2024,02/11/2024,09/11/2024,5351.97,H41PXJD,207 m² Chalet ∙ 5 chambres ∙ 11 personnes,Grimentz - Valais
20/09/2024,09/11/2024,16/11/2024,5351.97,H41PXJD,207 m² Chalet ∙ 5 chambres ∙ 11 personnes,Grimentz - Valais
20/09/2024,16/11/2024,23/11/2024,5351.97,H41PXJD,207 m² Chalet ∙ 5 chambres ∙ 11 personnes,Grimentz - Valais
20/09/2024,23/11/2024,30/11/2024,5351.97,H41PXJD,207 m² Chalet ∙ 5 chambres ∙ 11 personnes,Grimentz - Valais
20/09/2024,30/11/2024,07/12/2024,5351.97,H41PXJD,207 m² Chalet ∙ 5 chambres ∙ 11 personnes,Grimentz - Valais
20/09/2024,07/12/2024,14/12/2024,5351.97,H41PXJD,207 m² Chalet ∙ 5 chambres ∙ 11 personnes,Grimentz - Valais
20/09/2024,14/12/2024,21/12/2024,8919.62,H41PXJD,207 m² Chalet ∙ 5 chambres ∙ 11 personnes,Grimentz - Valais
20/09/2024,15/02/2025,22/02/2025,12487.28,H41PXJD,207 m² Chalet ∙ 5 chambres ∙ 11 personnes,Grimentz - Valais
20/09/2024,22/02/2025,01/03/2025,12487.28,H41PXJD,207 m² Chalet ∙ 5 chambres ∙ 11 personnes,Grimentz - Valais
20/09/2024,12/04/2025,19/04/2025,7633.32,H41PXJD,207 m² Chalet ∙ 5 chambres ∙ 11 personnes,Grimentz - Valais
20/09/2024,19/04/2025,26/04/2025,8919.62,H41PXJD,207 m² Chalet ∙ 5 chambres ∙ 11 personnes,Grimentz - Valais
20/09/2024,28/09/2024,05/10/2024,2453.46,H9ECB2X,105 m² Appartement ∙ 2 chambres ∙ 5 personnes,Grimentz - Valais
20/09/2024,05/10/2024,12/10/2024,2453.46,H9ECB2X,105 m² Appartement ∙ 2 chambres ∙ 5 personnes,Grimentz - Valais
20/09/2024,12/10/2024,19/10/2024,2453.46,H9ECB2X,105 m² Appartement ∙ 2 chambres ∙ 5 personnes,Grimentz - Valais
20/09/2024,19/10/2024,26/10/2024,2453.46,H9ECB2X,105 m² Appartement ∙ 2 chambres ∙ 5 personnes,Grimentz - Valais
20/09/2024,02/11/2024,09/11/2024,3327.29,H9ECB2X,105 m² Appartement ∙ 2 chambres ∙ 5 personnes,Grimentz - Valais
20/09/2024,30/11/2024,07/12/2024,3327.29,H9ECB2X,105 m² Appartement ∙ 2 chambres ∙ 5 personnes,Grimentz - Valais
20/09/2024,07/12/2024,14/12/2024,3327.29,H9ECB2X,105 m² Appartement ∙ 2 chambres ∙ 5 personnes,Grimentz - Valais
20/09/2024,14/12/2024,21/12/2024,4806.09,H9ECB2X,105 m² Appartement ∙ 2 chambres ∙ 5 personnes,Grimentz - Valais
20/09/2024,21/12/2024,28/12/2024,6161.65,H9ECB2X,105 m² Appartement ∙ 2 chambres ∙ 5 personnes,Grimentz - Valais
20/09/2024,04/01/2025,11/01/2025,4252.05,H9ECB2X,105 m² Appartement ∙ 2 chambres ∙ 5 personnes,Grimentz - Valais
20/09/2024,11/01/2025,18/01/2025,4252.05,H9ECB2X,105 m² Appartement ∙ 2 chambres ∙ 5 personnes,Grimentz - Valais
20/09/2024,18/01/2025,25/01/2025,4252.05,H9ECB2X,105 m² Appartement ∙ 2 chambres ∙ 5 personnes,Grimentz - Valais
20/09/2024,25/01/2025,01/02/2025,4252.05,H9ECB2X,105 m² Appartement ∙ 2 chambres ∙ 5 personnes,Grimentz - Valais
20/09/2024,01/02/2025,08/02/2025,4252.05,H9ECB2X,105 m² Appartement ∙ 2 chambres ∙ 5 personnes,Grimentz - Valais
20/09/2024,08/02/2025,15/02/2025,6161.65,H9ECB2X,105 m² Appartement ∙ 2 chambres ∙ 5 personnes,Grimentz - Valais
20/09/2024,22/02/2025,01/03/2025,6161.65,H9ECB2X,105 m² Appartement ∙ 2 chambres ∙ 5 personnes,Grimentz - Valais
20/09/2024,01/03/2025,08/03/2025,6161.65,H9ECB2X,105 m² Appartement ∙ 2 chambres ∙ 5 personnes,Grimentz - Valais
20/09/2024,08/03/2025,15/03/2025,4346.76,H9ECB2X,105 m² Appartement ∙ 2 chambres ∙ 5 personnes,Grimentz - Valais
20/09/2024,15/03/2025,22/03/2025,4346.76,H9ECB2X,105 m² Appartement ∙ 2 chambres ∙ 5 personnes,Grimentz - Valais
20/09/2024,22/03/2025,29/03/2025,4346.76,H9ECB2X,105 m² Appartement ∙ 2 chambres ∙ 5 personnes,Grimentz - Valais
20/09/2024,29/03/2025,05/04/2025,4346.76,H9ECB2X,105 m² Appartement ∙ 2 chambres ∙ 5 personnes,Grimentz - Valais
20/09/2024,05/04/2025,12/04/2025,4346.76,H9ECB2X,105 m² Appartement ∙ 2 chambres ∙ 5 personnes,Grimentz - Valais
20/09/2024,12/04/2025,19/04/2025,4346.76,H9ECB2X,105 m² Appartement ∙ 2 chambres ∙ 5 personnes,Grimentz - Valais
20/09/2024,19/04/2025,26/04/2025,4806.09,H9ECB2X,105 m² Appartement ∙ 2 chambres ∙ 5 personnes,Grimentz - Valais
20/09/2024,28/09/2024,05/10/2024,2367.90,HPASMER,114 m² Chalet ∙ 2 chambres ∙ 6 personnes,Grimentz - Valais
20/09/2024,05/10/2024,12/10/2024,2367.90,HPASMER,114 m² Chalet ∙ 2 chambres ∙ 6 personnes,Grimentz - Valais
20/09/2024,12/10/2024,19/10/2024,2367.90,HPASMER,114 m² Chalet ∙ 2 chambres ∙ 6 personnes,Grimentz - Valais
20/09/2024,19/10/2024,26/10/2024,2367.90,HPASMER,114 m² Chalet ∙ 2 chambres ∙ 6 personnes,Grimentz - Valais
20/09/2024,26/10/2024,02/11/2024,2367.90,HPASMER,114 m² Chalet ∙ 2 chambres ∙ 6 personnes,Grimentz - Valais
20/09/2024,02/11/2024,09/11/2024,3211.18,HPASMER,114 m² Chalet ∙ 2 chambres ∙ 6 personnes,Grimentz - Valais
20/09/2024,09/11/2024,16/11/2024,3211.18,HPASMER,114 m² Chalet ∙ 2 chambres ∙ 6 personnes,Grimentz - Valais
20/09/2024,16/11/2024,23/11/2024,3211.18,HPASMER,114 m² Chalet ∙ 2 chambres ∙ 6 personnes,Grimentz - Valais
20/09/2024,23/11/2024,30/11/2024,3211.18,HPASMER,114 m² Chalet ∙ 2 chambres ∙ 6 personnes,Grimentz - Valais
20/09/2024,30/11/2024,07/12/2024,3211.18,HPASMER,114 m² Chalet ∙ 2 chambres ∙ 6 personnes,Grimentz - Valais
20/09/2024,07/12/2024,14/12/2024,3211.18,HPASMER,114 m² Chalet ∙ 2 chambres ∙ 6 personnes,Grimentz - Valais
20/09/2024,14/12/2024,21/12/2024,4638.04,HPASMER,114 m² Chalet ∙ 2 chambres ∙ 6 personnes,Grimentz - Valais
20/09/2024,21/12/2024,28/12/2024,5946.75,HPASMER,114 m² Chalet ∙ 2 chambres ∙ 6 personnes,Grimentz - Valais
20/09/2024,28/12/2024,04/01/2025,5946.75,HPASMER,114 m² Chalet ∙ 2 chambres ∙ 6 personnes,Grimentz - Valais
20/09/2024,04/01/2025,11/01/2025,4103.35,HPASMER,114 m² Chalet ∙ 2 chambres ∙ 6 personnes,Grimentz - Valais
20/09/2024,22/02/2025,01/03/2025,5946.75,HPASMER,114 m² Chalet ∙ 2 chambres ∙ 6 personnes,Grimentz - Valais
20/09/2024,01/03/2025,08/03/2025,5946.75,HPASMER,114 m² Chalet ∙ 2 chambres ∙ 6 personnes,Grimentz - Valais
20/09/2024,08/03/2025,15/03/2025,4195.01,HPASMER,114 m² Chalet ∙ 2 chambres ∙ 6 personnes,Grimentz - Valais
20/09/2024,22/03/2025,29/03/2025,4195.01,HPASMER,114 m² Chalet ∙ 2 chambres ∙ 6 personnes,Grimentz - Valais
20/09/2024,29/03/2025,05/04/2025,4195.01,HPASMER,114 m² Chalet ∙ 2 chambres ∙ 6 personnes,Grimentz - Valais
20/09/2024,05/04/2025,12/04/2025,4195.01,HPASMER,114 m² Chalet ∙ 2 chambres ∙ 6 personnes,Grimentz - Valais
20/09/2024,12/04/2025,19/04/2025,4195.01,HPASMER,114 m² Chalet ∙ 2 chambres ∙ 6 personnes,Grimentz - Valais
20/09/2024,19/04/2025,26/04/2025,4638.04,HPASMER,114 m² Chalet ∙ 2 chambres ∙ 6 personnes,Grimentz - Valais
20/09/2024,28/09/2024,05/10/2024,5175.79,HXJP5AC,236 m² Appartement ∙ 5 chambres ∙ 10 personnes,Grimentz - Valais
20/09/2024,05/10/2024,12/10/2024,5175.79,HXJP5AC,236 m² Appartement ∙ 5 chambres ∙ 10 personnes,Grimentz - Valais
20/09/2024,12/10/2024,19/10/2024,5175.79,HXJP5AC,236 m² Appartement ∙ 5 chambres ∙ 10 personnes,Grimentz - Valais
20/09/2024,19/10/2024,26/10/2024,5175.79,HXJP5AC,236 m² Appartement ∙ 5 chambres ∙ 10 personnes,Grimentz - Valais
20/09/2024,09/11/2024,16/11/2024,6161.65,HXJP5AC,236 m² Appartement ∙ 5 chambres ∙ 10 personnes,Grimentz - Valais
20/09/2024,16/11/2024,23/11/2024,6161.65,HXJP5AC,236 m² Appartement ∙ 5 chambres ∙ 10 personnes,Grimentz - Valais
20/09/2024,23/11/2024,30/11/2024,6161.65,HXJP5AC,236 m² Appartement ∙ 5 chambres ∙ 10 personnes,Grimentz - Valais
20/09/2024,30/11/2024,07/12/2024,6161.65,HXJP5AC,236 m² Appartement ∙ 5 chambres ∙ 10 personnes,Grimentz - Valais
20/09/2024,07/12/2024,14/12/2024,6161.65,HXJP5AC,236 m² Appartement ∙ 5 chambres ∙ 10 personnes,Grimentz - Valais
20/09/2024,14/12/2024,21/12/2024,10474.81,HXJP5AC,236 m² Appartement ∙ 5 chambres ∙ 10 personnes,Grimentz - Valais
20/09/2024,08/02/2025,15/02/2025,13555.63,HXJP5AC,236 m² Appartement ∙ 5 chambres ∙ 10 personnes,Grimentz - Valais
20/09/2024,15/02/2025,22/02/2025,13555.63,HXJP5AC,236 m² Appartement ∙ 5 chambres ∙ 10 personnes,Grimentz - Valais
20/09/2024,22/02/2025,01/03/2025,13555.63,HXJP5AC,236 m² Appartement ∙ 5 chambres ∙ 10 personnes,Grimentz - Valais
20/09/2024,01/03/2025,08/03/2025,13555.63,HXJP5AC,236 m² Appartement ∙ 5 chambres ∙ 10 personnes,Grimentz - Valais
20/09/2024,08/03/2025,15/03/2025,8166.98,HXJP5AC,236 m² Appartement ∙ 5 chambres ∙ 10 personnes,Grimentz - Valais
20/09/2024,29/03/2025,05/04/2025,8166.98,HXJP5AC,236 m² Appartement ∙ 5 chambres ∙ 10 personnes,Grimentz - Valais
20/09/2024,05/04/2025,12/04/2025,8166.98,HXJP5AC,236 m² Appartement ∙ 5 chambres ∙ 10 personnes,Grimentz - Valais
20/09/2024,12/04/2025,19/04/2025,8166.98,HXJP5AC,236 m² Appartement ∙ 5 chambres ∙ 10 personnes,Grimentz - Valais
20/09/2024,19/04/2025,26/04/2025,10474.81,HXJP5AC,236 m² Appartement ∙ 5 chambres ∙ 10 personnes,Grimentz - Valais
20/09/2024,28/09/2024,05/10/2024,2540.03,HGNB85X,129 m² Appartement ∙ 3 chambres ∙ 4 personnes,Grimentz - Valais
20/09/2024,05/10/2024,12/10/2024,2540.03,HGNB85X,129 m² Appartement ∙ 3 chambres ∙ 4 personnes,Grimentz - Valais
20/09/2024,12/10/2024,19/10/2024,2540.03,HGNB85X,129 m² Appartement ∙ 3 chambres ∙ 4 personnes,Grimentz - Valais
20/09/2024,19/10/2024,26/10/2024,2536.97,HGNB85X,129 m² Appartement ∙ 3 chambres ∙ 4 personnes,Grimentz - Valais
20/09/2024,26/10/2024,02/11/2024,2536.97,HGNB85X,129 m² Appartement ∙ 3 chambres ∙ 4 personnes,Grimentz - Valais
20/09/2024,02/11/2024,09/11/2024,3440.26,HGNB85X,129 m² Appartement ∙ 3 chambres ∙ 4 personnes,Grimentz - Valais
20/09/2024,09/11/2024,16/11/2024,3440.26,HGNB85X,129 m² Appartement ∙ 3 chambres ∙ 4 personnes,Grimentz - Valais
20/09/2024,16/11/2024,23/11/2024,3440.26,HGNB85X,129 m² Appartement ∙ 3 chambres ∙ 4 personnes,Grimentz - Valais
20/09/2024,23/11/2024,30/11/2024,3440.26,HGNB85X,129 m² Appartement ∙ 3 chambres ∙ 4 personnes,Grimentz - Valais
20/09/2024,30/11/2024,07/12/2024,3440.26,HGNB85X,129 m² Appartement ∙ 3 chambres ∙ 4 personnes,Grimentz - Valais
20/09/2024,07/12/2024,14/12/2024,3440.26,HGNB85X,129 m² Appartement ∙ 3 chambres ∙ 4 personnes,Grimentz - Valais
20/09/2024,14/12/2024,21/12/2024,4968.13,HGNB85X,129 m² Appartement ∙ 3 chambres ∙ 4 personnes,Grimentz - Valais
20/09/2024,21/12/2024,28/12/2024,6370.89,HGNB85X,129 m² Appartement ∙ 3 chambres ∙ 4 personnes,Grimentz - Valais
20/09/2024,11/01/2025,18/01/2025,4395.43,HGNB85X,129 m² Appartement ∙ 3 chambres ∙ 4 personnes,Grimentz - Valais
20/09/2024,18/01/2025,25/01/2025,4395.43,HGNB85X,129 m² Appartement ∙ 3 chambres ∙ 4 personnes,Grimentz - Valais
20/09/2024,25/01/2025,01/02/2025,4395.43,HGNB85X,129 m² Appartement ∙ 3 chambres ∙ 4 personnes,Grimentz - Valais
20/09/2024,01/02/2025,08/02/2025,4395.43,HGNB85X,129 m² Appartement ∙ 3 chambres ∙ 4 personnes,Grimentz - Valais
20/09/2024,08/02/2025,15/02/2025,6370.89,HGNB85X,129 m² Appartement ∙ 3 chambres ∙ 4 personnes,Grimentz - Valais
20/09/2024,15/02/2025,22/02/2025,6370.89,HGNB85X,129 m² Appartement ∙ 3 chambres ∙ 4 personnes,Grimentz - Valais
20/09/2024,22/02/2025,01/03/2025,6370.89,HGNB85X,129 m² Appartement ∙ 3 chambres ∙ 4 personnes,Grimentz - Valais
20/09/2024,01/03/2025,08/03/2025,6370.89,HGNB85X,129 m² Appartement ∙ 3 chambres ∙ 4 personnes,Grimentz - Valais
20/09/2024,08/03/2025,15/03/2025,4494.10,HGNB85X,129 m² Appartement ∙ 3 chambres ∙ 4 personnes,Grimentz - Valais
20/09/2024,15/03/2025,22/03/2025,4494.10,HGNB85X,129 m² Appartement ∙ 3 chambres ∙ 4 personnes,Grimentz - Valais
20/09/2024,22/03/2025,29/03/2025,4494.10,HGNB85X,129 m² Appartement ∙ 3 chambres ∙ 4 personnes,Grimentz - Valais
20/09/2024,29/03/2025,05/04/2025,4494.10,HGNB85X,129 m² Appartement ∙ 3 chambres ∙ 4 personnes,Grimentz - Valais
20/09/2024,05/04/2025,12/04/2025,4494.10,HGNB85X,129 m² Appartement ∙ 3 chambres ∙ 4 personnes,Grimentz - Valais
20/09/2024,12/04/2025,19/04/2025,4494.10,HGNB85X,129 m² Appartement ∙ 3 chambres ∙ 4 personnes,Grimentz - Valais
20/09/2024,19/04/2025,26/04/2025,4968.13,HGNB85X,129 m² Appartement ∙ 3 chambres ∙ 4 personnes,Grimentz - Valais
20/09/2024,28/09/2024,05/10/2024,4912.19,H4YT38U,244 m² Appartement ∙ 4 chambres ∙ 12 personnes,Grimentz - Valais
20/09/2024,05/10/2024,12/10/2024,4912.19,H4YT38U,244 m² Appartement ∙ 4 chambres ∙ 12 personnes,Grimentz - Valais
20/09/2024,26/10/2024,02/11/2024,4912.19,H4YT38U,244 m² Appartement ∙ 4 chambres ∙ 12 personnes,Grimentz - Valais
20/09/2024,02/11/2024,09/11/2024,5538.79,H4YT38U,244 m² Appartement ∙ 4 chambres ∙ 12 personnes,Grimentz - Valais
20/09/2024,21/12/2024,28/12/2024,12923.86,H4YT38U,244 m² Appartement ∙ 4 chambres ∙ 12 personnes,Grimentz - Valais
20/09/2024,15/02/2025,22/02/2025,12923.86,H4YT38U,244 m² Appartement ∙ 4 chambres ∙ 12 personnes,Grimentz - Valais
20/09/2024,05/04/2025,12/04/2025,7899.78,H4YT38U,244 m² Appartement ∙ 4 chambres ∙ 12 personnes,Grimentz - Valais
20/09/2024,12/04/2025,19/04/2025,7899.78,H4YT38U,244 m² Appartement ∙ 4 chambres ∙ 12 personnes,Grimentz - Valais
20/09/2024,19/04/2025,26/04/2025,9231.32,H4YT38U,244 m² Appartement ∙ 4 chambres ∙ 12 personnes,Grimentz - Valais
